0.000000000000000000e+00 2.205126386594241095e-01 5.036100700622309079e-01 6.289574975965492865e-01 4.817984139071033178e-01 4.032659171968716594e-01 5.132609910139265263e-01 4.858793935333394765e-01 2.589807715334763727e-01 6.339657498867212748e-01
2.205126386594241095e-01 0.000000000000000000e+00 4.184216422190813467e-01 5.900120716397845300e-01 5.891484460920848321e-01 6.236077195544286189e-01 7.337388281861172423e-01 4.306216320099360839e-01 2.921301450671191513e-01 8.165894582199098028e-01
5.036100700622309079e-01 4.184216422190813467e-01 0.000000000000000000e+00 1.906203299874234258e-01 4.410631153128495852e-01 7.951348484199040056e-01 8.966571734682834416e-01 6.570027265174192832e-02 6.979716018466598504e-01 7.788378831367039901e-01
6.289574975965492865e-01 5.900120716397845300e-01 1.906203299874234258e-01 0.000000000000000000e+00 3.913597524748140821e-01 8.428851851370223747e-01 9.326240011553001974e-01 1.595709816877668996e-01 8.528015999302097638e-01 7.328882179391533747e-01
4.817984139071033178e-01 5.891484460920848321e-01 4.410631153128495852e-01 3.913597524748140821e-01 0.000000000000000000e+00 5.054813835743733330e-01 5.755072379637184987e-01 3.764891513252950905e-01 7.405810507372598828e-01 3.445520167361247887e-01
4.032659171968716594e-01 6.236077195544286189e-01 7.951348484199040056e-01 8.428851851370223747e-01 5.054813835743733330e-01 0.000000000000000000e+00 1.107153627349106301e-01 7.503530880919919710e-01 5.431370365810492817e-01 3.919524029007300236e-01
5.132609910139265263e-01 7.337388281861172423e-01 8.966571734682834416e-01 9.326240011553001974e-01 5.755072379637184987e-01 1.107153627349106301e-01 0.000000000000000000e+00 8.491952472557974252e-01 6.376470888061539499e-01 3.915271964972066865e-01
4.858793935333394765e-01 4.306216320099360839e-01 6.570027265174192832e-02 1.595709816877668996e-01 3.764891513252950905e-01 7.503530880919919710e-01 8.491952472557974252e-01 0.000000000000000000e+00 6.979786123352398342e-01 7.160714448807847798e-01
2.589807715334763727e-01 2.921301450671191513e-01 6.979716018466598504e-01 8.528015999302097638e-01 7.405810507372598828e-01 5.431370365810492817e-01 6.376470888061539499e-01 6.979786123352398342e-01 0.000000000000000000e+00 8.585515019409790671e-01
6.339657498867212748e-01 8.165894582199098028e-01 7.788378831367039901e-01 7.328882179391533747e-01 3.445520167361247887e-01 3.919524029007300236e-01 3.915271964972066865e-01 7.160714448807847798e-01 8.585515019409790671e-01 0.000000000000000000e+00
