0.000000000000000000e+00 7.205581195450719845e-01 2.897769634724666199e-01 4.500233356115451722e-01 7.940653245178117547e-01 3.877601343229735709e-01 2.148429695294880870e-01 6.328051067709743460e-01 6.090755658886711776e-01 1.278405566808814009e-01
7.205581195450719845e-01 0.000000000000000000e+00 4.529644307842505269e-01 3.509416299411802220e-01 6.042778246282225485e-01 5.029337437473804240e-01 5.086085626900168633e-01 2.460888810371552882e-01 1.860231529653346150e-01 7.092388880573544663e-01
2.897769634724666199e-01 4.529644307842505269e-01 0.000000000000000000e+00 1.633299582870648414e-01 7.177975674307910392e-01 1.711667863520802135e-01 8.606035547268317543e-02 4.386375882954345329e-01 3.211669123143453541e-01 3.315552333352365100e-01
4.500233356115451722e-01 3.509416299411802220e-01 1.633299582870648414e-01 0.000000000000000000e+00 7.622756993985014828e-01 1.523101643295629859e-01 2.483481134335401297e-01 4.258159917006998918e-01 1.821734408000446059e-01 4.936690903803967467e-01
7.940653245178117547e-01 6.042778246282225485e-01 7.177975674307910392e-01 7.622756993985014828e-01 0.000000000000000000e+00 8.745678197591304492e-01 6.921681590617484447e-01 3.693645210224011377e-01 7.157836135612463124e-01 6.905314153082602324e-01
3.877601343229735709e-01 5.029337437473804240e-01 1.711667863520802135e-01 1.523101643295629859e-01 8.745678197591304492e-01 0.000000000000000000e+00 2.412884365760891159e-01 5.620127608674290176e-01 3.282566747045432276e-01 4.676392641750973245e-01
2.148429695294880870e-01 5.086085626900168633e-01 8.606035547268317543e-02 2.483481134335401297e-01 6.921681590617484447e-01 2.412884365760891159e-01 0.000000000000000000e+00 4.532241808990012943e-01 3.954994347461059934e-01 2.456036393015056107e-01
6.328051067709743460e-01 2.460888810371552882e-01 4.386375882954345329e-01 4.258159917006998918e-01 3.693645210224011377e-01 5.620127608674290176e-01 4.532241808990012943e-01 0.000000000000000000e+00 3.483660449653359081e-01 5.800378007321523866e-01
6.090755658886711776e-01 1.860231529653346150e-01 3.211669123143453541e-01 1.821734408000446059e-01 7.157836135612463124e-01 3.282566747045432276e-01 3.954994347461059934e-01 3.483660449653359081e-01 0.000000000000000000e+00 6.282944359481813512e-01
1.278405566808814009e-01 7.092388880573544663e-01 3.315552333352365100e-01 4.936690903803967467e-01 6.905314153082602324e-01 4.676392641750973245e-01 2.456036393015056107e-01 5.800378007321523866e-01 6.282944359481813512e-01 0.000000000000000000e+00
