0.000000000000000000e+00 4.493046419400331670e-01 4.260071958207732878e-01 4.521981928418699614e-01 4.053836359670214828e-01 5.635143147433185895e-01 5.505686071399504833e-01 7.025192508386912671e-01 5.034598789543499597e-01 2.352015178716718724e-01
4.493046419400331670e-01 0.000000000000000000e+00 8.293403858311195753e-01 7.995097696516320074e-01 1.115872724294247054e-01 8.332739751203952494e-01 6.006468210230971883e-01 1.004409994447742260e+00 3.597622035691328546e-01 4.426087450524625044e-01
4.260071958207732878e-01 8.293403858311195753e-01 0.000000000000000000e+00 6.338698336929602384e-01 8.139620593714527175e-01 8.001721666753136564e-01 9.302612103297644985e-01 8.681299461556121200e-01 7.073589516858508341e-01 4.083561795845697673e-01
4.521981928418699614e-01 7.995097696516320074e-01 6.338698336929602384e-01 0.000000000000000000e+00 7.079203291730715719e-01 1.708693888422653240e-01 4.477116376393788788e-01 2.554805138854455704e-01 9.511715438862801131e-01 6.796955987579514913e-01
4.053836359670214828e-01 1.115872724294247054e-01 8.139620593714527175e-01 7.079203291730715719e-01 0.000000000000000000e+00 7.299594765272783281e-01 4.890878324924833320e-01 9.025057845649029353e-01 4.469866142846705692e-01 4.577116056650601394e-01
5.635143147433185895e-01 8.332739751203952494e-01 8.001721666753136564e-01 1.708693888422653240e-01 7.299594765272783281e-01 0.000000000000000000e+00 3.551624505989188219e-01 1.741194744289860374e-01 1.039967973571950255e+00 7.984320886342027856e-01
5.505686071399504833e-01 6.006468210230971883e-01 9.302612103297644985e-01 4.477116376393788788e-01 4.890878324924833320e-01 3.551624505989188219e-01 0.000000000000000000e+00 5.160374931357468720e-01 8.988726737374654885e-01 7.573942352201733508e-01
7.025192508386912671e-01 1.004409994447742260e+00 8.681299461556121200e-01 2.554805138854455704e-01 9.025057845649029353e-01 1.741194744289860374e-01 5.160374931357468720e-01 0.000000000000000000e+00 1.194104998063755918e+00 9.332556186110954055e-01
5.034598789543499597e-01 3.597622035691328546e-01 7.073589516858508341e-01 9.511715438862801131e-01 4.469866142846705692e-01 1.039967973571950255e+00 8.988726737374654885e-01 1.194104998063755918e+00 0.000000000000000000e+00 3.195590153493379493e-01
2.352015178716718724e-01 4.426087450524625044e-01 4.083561795845697673e-01 6.796955987579514913e-01 4.577116056650601394e-01 7.984320886342027856e-01 7.573942352201733508e-01 9.332556186110954055e-01 3.195590153493379493e-01 0.000000000000000000e+00
