0.000000000000000000e+00 4.567525802580351679e-01 5.275535188522961771e-01 2.180231273755287025e-01 4.908536088368546380e-01 5.667622079224481357e-01 5.340716368040867579e-01 5.776519521353290498e-01 4.556098513735883926e-01 3.896683613702566773e-01
4.567525802580351679e-01 0.000000000000000000e+00 8.238260121052155549e-01 6.730759131337076262e-01 9.241448406794278148e-01 8.794007742839039521e-01 9.117778675925577447e-01 6.552877605391971283e-01 4.857406781769743609e-01 4.741487313472443343e-01
5.275535188522961771e-01 8.238260121052155549e-01 0.000000000000000000e+00 4.510548110128245747e-01 7.337795357553957842e-01 5.891251024390882496e-02 1.873904770739425463e-01 1.100042429238375474e+00 9.829801494522153460e-01 9.171844945874627619e-01
2.180231273755287025e-01 6.730759131337076262e-01 4.510548110128245747e-01 0.000000000000000000e+00 3.340515176788857454e-01 4.699712305526880241e-01 3.848279996308353601e-01 6.868052259073545995e-01 6.060123474006003930e-01 5.358533485892176262e-01
4.908536088368546380e-01 9.241448406794278148e-01 7.337795357553957842e-01 3.340515176788857454e-01 0.000000000000000000e+00 7.335011756618292633e-01 6.020158148147768395e-01 6.670697213372379641e-01 6.702716798546631827e-01 6.096148651141066743e-01
5.667622079224481357e-01 8.794007742839039521e-01 5.891251024390882496e-02 4.699712305526880241e-01 7.335011756618292633e-01 0.000000000000000000e+00 1.539193951523088744e-01 1.133689917005631820e+00 1.022152281538430074e+00 9.553061104498736800e-01
5.340716368040867579e-01 9.117778675925577447e-01 1.873904770739425463e-01 3.848279996308353601e-01 6.020158148147768395e-01 1.539193951523088744e-01 0.000000000000000000e+00 1.070276621310958909e+00 9.774351289224283423e-01 9.081214532430574859e-01
5.776519521353290498e-01 6.552877605391971283e-01 1.100042429238375474e+00 6.868052259073545995e-01 6.670697213372379641e-01 1.133689917005631820e+00 1.070276621310958909e+00 0.000000000000000000e+00 1.703939954016356895e-01 2.055226753894310310e-01
4.556098513735883926e-01 4.857406781769743609e-01 9.829801494522153460e-01 6.060123474006003930e-01 6.702716798546631827e-01 1.022152281538430074e+00 9.774351289224283423e-01 1.703939954016356895e-01 0.000000000000000000e+00 7.017524222762072661e-02
3.896683613702566773e-01 4.741487313472443343e-01 9.171844945874627619e-01 5.358533485892176262e-01 6.096148651141066743e-01 9.553061104498736800e-01 9.081214532430574859e-01 2.055226753894310310e-01 7.017524222762072661e-02 0.000000000000000000e+00
