0.000000000000000000e+00 1.963870004429220661e-01 5.971352090513616373e-01 3.519180359947015058e-01 6.465215562191004572e-01 6.339934446917721012e-01 3.625493691526813778e-01 5.882741283262880039e-01 5.342507702585355123e-01 1.964249847551275407e-01
1.963870004429220661e-01 0.000000000000000000e+00 4.188703264338499710e-01 5.016536358310910160e-01 6.702355751248397775e-01 4.826388304403946838e-01 2.181247103026998924e-01 4.494339083837905480e-01 3.402783420424179694e-01 3.924828697812237088e-01
5.971352090513616373e-01 4.188703264338499710e-01 0.000000000000000000e+00 9.203167549796219538e-01 1.011900391988912684e+00 1.444217126748584268e-01 4.655737166757898948e-01 1.782014428404329887e-01 2.772806834367932405e-01 7.879495884902260050e-01
3.519180359947015058e-01 5.016536358310910160e-01 9.203167549796219538e-01 0.000000000000000000e+00 4.505355166412028933e-01 9.768229867131192901e-01 5.453648544485940608e-01 9.353554699267607742e-01 7.838033482492228199e-01 2.546256244327029794e-01
6.465215562191004572e-01 6.702355751248397775e-01 1.011900391988912684e+00 4.505355166412028933e-01 0.000000000000000000e+00 1.119300674135984330e+00 5.463302347568435025e-01 1.101086047708260462e+00 7.729817447964513200e-01 6.656789770830021657e-01
6.339934446917721012e-01 4.826388304403946838e-01 1.444217126748584268e-01 9.768229867131192901e-01 1.119300674135984330e+00 0.000000000000000000e+00 5.775842919082694316e-01 6.427604358994470912e-02 4.168298924484689083e-01 8.116048998280097626e-01
3.625493691526813778e-01 2.181247103026998924e-01 4.655737166757898948e-01 5.453648544485940608e-01 5.463302347568435025e-01 5.775842919082694316e-01 0.000000000000000000e+00 5.666018304522888460e-01 2.484690072673152728e-01 5.349029960472001521e-01
5.882741283262880039e-01 4.494339083837905480e-01 1.782014428404329887e-01 9.353554699267607742e-01 1.101086047708260462e+00 6.427604358994470912e-02 5.666018304522888460e-01 0.000000000000000000e+00 4.318654779264810006e-01 7.604557283390331879e-01
5.342507702585355123e-01 3.402783420424179694e-01 2.772806834367932405e-01 7.838033482492228199e-01 7.729817447964513200e-01 4.168298924484689083e-01 2.484690072673152728e-01 4.318654779264810006e-01 0.000000000000000000e+00 7.276067286084618724e-01
1.964249847551275407e-01 3.924828697812237088e-01 7.879495884902260050e-01 2.546256244327029794e-01 6.656789770830021657e-01 8.116048998280097626e-01 5.349029960472001521e-01 7.604557283390331879e-01 7.276067286084618724e-01 0.000000000000000000e+00
