0.000000000000000000e+00 6.984905510096883763e-01 2.181196878945484141e-01 6.148575782595053774e-01 5.485844950942058151e-01 6.030495612939212879e-01 4.505266435520577373e-01 7.498660890939881085e-01 2.557145558559096865e-01 4.163337388606270784e-01 7.193435640028064126e-01 9.950793127040595820e-01 8.338625396335024309e-01 1.975794611373329346e-01 3.390799942733881411e-01
6.984905510096883763e-01 0.000000000000000000e+00 7.997756974968419641e-01 2.697821548453590568e-01 2.650374408769436418e-01 4.031636871192406657e-01 2.641158956796143542e-01 1.596000462726168967e-01 6.097346366372545790e-01 7.596755683210179022e-01 3.077516548886465308e-01 3.685775382102876030e-01 2.223653747101395628e-01 8.902673012116674167e-01 3.637495035078171512e-01
2.181196878945484141e-01 7.997756974968419641e-01 0.000000000000000000e+00 7.791348768513987055e-01 5.891333383839123528e-01 5.852820565940110020e-01 5.357391915253321146e-01 8.095944262925180990e-01 2.050666030475825075e-01 2.469977073667296019e-01 7.331750295618392199e-01 1.036778910074309001e+00 8.862606553687988331e-01 1.904302165310357842e-01 4.782902370844089313e-01
6.148575782595053774e-01 2.697821548453590568e-01 7.791348768513987055e-01 0.000000000000000000e+00 4.299787874077083960e-01 5.877339859370467323e-01 3.324479762575325292e-01 4.253303004758207662e-01 6.323455592526258107e-01 8.230728905264703688e-01 5.466983766417812252e-01 6.319992114262750205e-01 4.921007805998341422e-01 8.113787999189409073e-01 3.035620969879782582e-01
5.485844950942058151e-01 2.650374408769436418e-01 5.891333383839123528e-01 4.299787874077083960e-01 0.000000000000000000e+00 1.577611169162589921e-01 1.369677640549094855e-01 2.219043146154216772e-01 3.855992425362167464e-01 5.052199858299045720e-01 1.782957020452138053e-01 4.516044661059045451e-01 2.971992749136181389e-01 7.177469562591198837e-01 2.902613540124575064e-01
6.030495612939212879e-01 4.031636871192406657e-01 5.852820565940110020e-01 5.877339859370467323e-01 1.577611169162589921e-01 0.000000000000000000e+00 2.784694391308741301e-01 3.071411990208715581e-01 3.847679862978999887e-01 4.378519226209656723e-01 1.643103529016391728e-01 4.758052172282142278e-01 3.543288135369491720e-01 7.436818947141992098e-01 4.164359282767516324e-01
4.505266435520577373e-01 2.641158956796143542e-01 5.357391915253321146e-01 3.324479762575325292e-01 1.369677640549094855e-01 2.784694391308741301e-01 0.000000000000000000e+00 3.005763097067425949e-01 3.475130144898347373e-01 5.126261401560477937e-01 3.106421176920663441e-01 5.487267420809571750e-01 3.856857727859072660e-01 6.350545631136230718e-01 1.552607079741087359e-01
7.498660890939881085e-01 1.596000462726168967e-01 8.095944262925180990e-01 4.253303004758207662e-01 2.219043146154216772e-01 3.071411990208715581e-01 3.005763097067425949e-01 0.000000000000000000e+00 6.070375805662406865e-01 7.204224721605988480e-01 1.694647048488021335e-01 2.496198673113964872e-01 8.586002195961178751e-02 9.293036640904646095e-01 4.418804376463465466e-01
2.557145558559096865e-01 6.097346366372545790e-01 2.050666030475825075e-01 6.323455592526258107e-01 3.855992425362167464e-01 3.847679862978999887e-01 3.475130144898347373e-01 6.070375805662406865e-01 0.000000000000000000e+00 2.039895943207861995e-01 5.286412056731555342e-01 8.317769307244954335e-01 6.822682070926752163e-01 3.608505844283280695e-01 3.316659890899598673e-01
4.163337388606270784e-01 7.596755683210179022e-01 2.469977073667296019e-01 8.230728905264703688e-01 5.052199858299045720e-01 4.378519226209656723e-01 5.126261401560477937e-01 7.204224721605988480e-01 2.039895943207861995e-01 0.000000000000000000e+00 6.013784380209082903e-01 9.134989554696854031e-01 7.830587123615551093e-01 4.371252196508323973e-01 5.290070056257617503e-01
7.193435640028064126e-01 3.077516548886465308e-01 7.331750295618392199e-01 5.466983766417812252e-01 1.782957020452138053e-01 1.643103529016391728e-01 3.106421176920663441e-01 1.694647048488021335e-01 5.286412056731555342e-01 6.013784380209082903e-01 0.000000000000000000e+00 3.122439120767781517e-01 1.955079110055188418e-01 8.785064645844006259e-01 4.658326860603214103e-01
9.950793127040595820e-01 3.685775382102876030e-01 1.036778910074309001e+00 6.319992114262750205e-01 4.516044661059045451e-01 4.758052172282142278e-01 5.487267420809571750e-01 2.496198673113964872e-01 8.317769307244954335e-01 9.134989554696854031e-01 3.122439120767781517e-01 0.000000000000000000e+00 1.637604974320930329e-01 1.169125905883227734e+00 6.914288868080171735e-01
8.338625396335024309e-01 2.223653747101395628e-01 8.862606553687988331e-01 4.921007805998341422e-01 2.971992749136181389e-01 3.543288135369491720e-01 3.856857727859072660e-01 8.586002195961178751e-02 6.822682070926752163e-01 7.830587123615551093e-01 1.955079110055188418e-01 1.637604974320930329e-01 0.000000000000000000e+00 1.011180951666451167e+00 5.277147047778379951e-01
1.975794611373329346e-01 8.902673012116674167e-01 1.904302165310357842e-01 8.113787999189409073e-01 7.177469562591198837e-01 7.436818947141992098e-01 6.350545631136230718e-01 9.293036640904646095e-01 3.608505844283280695e-01 4.371252196508323973e-01 8.785064645844006259e-01 1.169125905883227734e+00 1.011180951666451167e+00 0.000000000000000000e+00 5.350673310440775543e-01
3.390799942733881411e-01 3.637495035078171512e-01 4.782902370844089313e-01 3.035620969879782582e-01 2.902613540124575064e-01 4.164359282767516324e-01 1.552607079741087359e-01 4.418804376463465466e-01 3.316659890899598673e-01 5.290070056257617503e-01 4.658326860603214103e-01 6.914288868080171735e-01 5.277147047778379951e-01 5.350673310440775543e-01 0.000000000000000000e+00
