0.000000000000000000e+00 5.309119371444185331e-01 3.207008388651813036e-01 3.886591101121125158e-01 2.297719352113689328e-01 9.720546578337614652e-02 3.671873259478942719e-01 2.673747970371715965e-01 3.756828327481131491e-01 2.502242158520172066e-01 2.799173293143861763e-01 5.531115366027060665e-01 6.705774867566161035e-01 3.072397335819104791e-01 7.003876535440054507e-01
5.309119371444185331e-01 0.000000000000000000e+00 5.496123870800542210e-01 2.383251851503985497e-01 7.566202891208407832e-01 4.349090183002299326e-01 1.639109283817322127e-01 6.836976786893497193e-01 2.045637096070258287e-01 6.156136332711211745e-01 3.402009696566726249e-01 4.789132589482693603e-01 1.695391158526095565e-01 2.738987135414480134e-01 4.793795868701554719e-01
3.207008388651813036e-01 5.496123870800542210e-01 0.000000000000000000e+00 5.461539036073875808e-01 4.716413491367567601e-01 3.254274212381585429e-01 4.201007204424048735e-01 5.860095841620780455e-01 5.070148159322578341e-01 5.699971901741266445e-01 4.943771376689582442e-01 2.891442226580998032e-01 7.186687524748273104e-01 4.758837700162331097e-01 4.645656395396201566e-01
3.886591101121125158e-01 2.383251851503985497e-01 5.461539036073875808e-01 0.000000000000000000e+00 5.883026281078382880e-01 2.965199024916530535e-01 1.669362760003295088e-01 4.694093127319349801e-01 4.934824996122145341e-02 3.966397516809805901e-01 1.239776758915534516e-01 5.983235856439175215e-01 3.120631009408812440e-01 8.208333951460795863e-02 6.578624403670618737e-01
2.297719352113689328e-01 7.566202891208407832e-01 4.716413491367567601e-01 5.883026281078382880e-01 0.000000000000000000e+00 3.223795748944929263e-01 5.939169373870769597e-01 2.258818612007683080e-01 5.859590264421216110e-01 2.745596256884140218e-01 4.668438902673843760e-01 7.449272074080579564e-01 8.876329043227858540e-01 5.120193820532304985e-01 9.063147299327299899e-01
9.720546578337614652e-02 4.349090183002299326e-01 3.254274212381585429e-01 2.965199024916530535e-01 3.223795748944929263e-01 0.000000000000000000e+00 2.716669820054298801e-01 3.079939071058306332e-01 2.800865570641113411e-01 2.673369237671592846e-01 1.977397484905995262e-01 5.123531079052617843e-01 5.733922432877726072e-01 2.144635811468538489e-01 6.440998680324068193e-01
3.671873259478942719e-01 1.639109283817322127e-01 4.201007204424048735e-01 1.669362760003295088e-01 5.939169373870769597e-01 2.716669820054298801e-01 0.000000000000000000e+00 5.370182623523857002e-01 1.176004614607967097e-01 4.738355534967212956e-01 2.149087980749189997e-01 4.326658807757125524e-01 3.160842242021442705e-01 1.498106019863051919e-01 4.938919755952022039e-01
2.673747970371715965e-01 6.836976786893497193e-01 5.860095841620780455e-01 4.694093127319349801e-01 2.258818612007683080e-01 3.079939071058306332e-01 5.370182623523857002e-01 0.000000000000000000e+00 4.852817608252034121e-01 7.502269162286473447e-02 3.483866397424525418e-01 8.151768383444542021e-01 7.814552061647055403e-01 4.112178272562389547e-01 9.520395981016267495e-01
3.756828327481131491e-01 2.045637096070258287e-01 5.070148159322578341e-01 4.934824996122145341e-02 5.859590264421216110e-01 2.800865570641113411e-01 1.176004614607967097e-01 4.852817608252034121e-01 0.000000000000000000e+00 4.148334190148753597e-01 1.375022308608511712e-01 5.493885442764498972e-01 3.029286144322453356e-01 7.559807903455260936e-02 6.090693470932123654e-01
2.502242158520172066e-01 6.156136332711211745e-01 5.699971901741266445e-01 3.966397516809805901e-01 2.745596256884140218e-01 2.673369237671592846e-01 4.738355534967212956e-01 7.502269162286473447e-02 4.148334190148753597e-01 0.000000000000000000e+00 2.773814353138724376e-01 7.796777365038872754e-01 7.084305424780479310e-01 3.419415704905732767e-01 9.077615378230664556e-01
2.799173293143861763e-01 3.402009696566726249e-01 4.943771376689582442e-01 1.239776758915534516e-01 4.668438902673843760e-01 1.977397484905995262e-01 2.149087980749189997e-01 3.483866397424525418e-01 1.375022308608511712e-01 2.773814353138724376e-01 0.000000000000000000e+00 6.068988986476291370e-01 4.346924223372058971e-01 6.751795721784516202e-02 6.971808170236124536e-01
5.531115366027060665e-01 4.789132589482693603e-01 2.891442226580998032e-01 5.983235856439175215e-01 7.449272074080579564e-01 5.123531079052617843e-01 4.326658807757125524e-01 8.151768383444542021e-01 5.493885442764498972e-01 7.796777365038872754e-01 6.068988986476291370e-01 0.000000000000000000e+00 6.348930142151761880e-01 5.586899111263369244e-01 1.781782854237383418e-01
6.705774867566161035e-01 1.695391158526095565e-01 7.186687524748273104e-01 3.120631009408812440e-01 8.876329043227858540e-01 5.733922432877726072e-01 3.160842242021442705e-01 7.814552061647055403e-01 3.029286144322453356e-01 7.084305424780479310e-01 4.346924223372058971e-01 6.348930142151761880e-01 0.000000000000000000e+00 3.783141432818975525e-01 6.057181810452674231e-01
3.072397335819104791e-01 2.738987135414480134e-01 4.758837700162331097e-01 8.208333951460795863e-02 5.120193820532304985e-01 2.144635811468538489e-01 1.498106019863051919e-01 4.112178272562389547e-01 7.559807903455260936e-02 3.419415704905732767e-01 6.751795721784516202e-02 5.586899111263369244e-01 3.783141432818975525e-01 0.000000000000000000e+00 6.387175320671545364e-01
7.003876535440054507e-01 4.793795868701554719e-01 4.645656395396201566e-01 6.578624403670618737e-01 9.063147299327299899e-01 6.440998680324068193e-01 4.938919755952022039e-01 9.520395981016267495e-01 6.090693470932123654e-01 9.077615378230664556e-01 6.971808170236124536e-01 1.781782854237383418e-01 6.057181810452674231e-01 6.387175320671545364e-01 0.000000000000000000e+00
