0.000000000000000000e+00 1.881874171822247310e-01 2.202661919232057064e-01 6.301037140710522566e-01 5.597750477753364873e-01 4.739697013611960386e-01 9.272957141776311252e-02 7.810034542419302950e-01 5.595247741368696293e-01 4.533500789127989372e-01 8.713472475937368289e-01 6.057129401667828983e-01 6.539920247789505758e-01 4.521549311252778813e-01 5.677391545573821086e-01
1.881874171822247310e-01 0.000000000000000000e+00 3.948377173907042237e-01 7.723203462190908475e-01 7.058622152455943377e-01 5.077849205972060354e-01 1.956690219007367615e-01 9.039847478892776289e-01 6.782718005716331655e-01 6.144069135346392763e-01 9.240946662058934225e-01 7.065160686290192782e-01 7.359040177782030234e-01 5.283679943805670298e-01 7.366544071256357906e-01
2.202661919232057064e-01 3.948377173907042237e-01 0.000000000000000000e+00 4.235086389263899020e-01 3.517317733158974447e-01 4.144477364474427605e-01 2.879927885075966865e-01 5.876452078394459599e-01 3.800549125486921698e-01 2.363243609388082089e-01 7.483969101366291232e-01 4.439271708323399568e-01 5.108399449651959134e-01 3.417673669217750620e-01 3.474781753095931847e-01
6.301037140710522566e-01 7.723203462190908475e-01 4.235086389263899020e-01 0.000000000000000000e+00 7.187529447356563739e-02 4.421159729414662620e-01 7.086219882705254713e-01 1.798348899740431217e-01 1.407456754348076211e-01 1.972494616837266179e-01 4.888640236589172350e-01 2.013634504411083159e-01 2.808808255983412661e-01 3.317159959524955126e-01 1.793666926411800477e-01
5.597750477753364873e-01 7.058622152455943377e-01 3.517317733158974447e-01 7.187529447356563739e-02 0.000000000000000000e+00 4.107989203717010152e-01 6.373396468403296211e-01 2.464767691331794519e-01 1.286661005039615169e-01 1.273706855206913069e-01 5.208951550681305553e-01 2.078697687325329335e-01 2.940125271057196787e-01 2.962058298737426654e-01 1.447821295465278046e-01
4.739697013611960386e-01 5.077849205972060354e-01 4.144477364474427605e-01 4.421159729414662620e-01 4.107989203717010152e-01 0.000000000000000000e+00 5.654827150075862896e-01 4.891974276645228437e-01 3.023226825095294834e-01 4.204640104472746054e-01 4.164582992097434211e-01 2.735528459885587793e-01 2.592758900326596616e-01 1.154652882799373365e-01 5.320649628704594569e-01
9.272957141776311252e-02 1.956690219007367615e-01 2.879927885075966865e-01 7.086219882705254713e-01 6.373396468403296211e-01 5.654827150075862896e-01 0.000000000000000000e+00 8.650963100917946624e-01 6.461454915910338492e-01 5.243051760522189353e-01 9.640647745585408934e-01 6.954362473520732113e-01 7.456903988226168956e-01 5.447051377427681862e-01 6.308138088368457908e-01
7.810034542419302950e-01 9.039847478892776289e-01 5.876452078394459599e-01 1.798348899740431217e-01 2.464767691331794519e-01 4.891974276645228437e-01 8.650963100917946624e-01 0.000000000000000000e+00 2.257180268516423283e-01 3.738099594057451847e-01 3.731258781108247602e-01 2.166613933476831955e-01 2.484690113300184466e-01 4.018405997920613260e-01 3.509460931394933758e-01
5.595247741368696293e-01 6.782718005716331655e-01 3.800549125486921698e-01 1.407456754348076211e-01 1.286661005039615169e-01 3.023226825095294834e-01 6.461454915910338492e-01 2.257180268516423283e-01 0.000000000000000000e+00 2.133116504920118117e-01 4.068856092777789479e-01 8.348450539292232020e-02 1.699366611314117592e-01 1.950759694534190125e-01 2.722048756462512320e-01
4.533500789127989372e-01 6.144069135346392763e-01 2.363243609388082089e-01 1.972494616837266179e-01 1.273706855206913069e-01 4.204640104472746054e-01 5.243051760522189353e-01 3.738099594057451847e-01 2.133116504920118117e-01 0.000000000000000000e+00 6.201259271003841667e-01 2.959231904657502743e-01 3.807897880725121809e-01 3.082324374068673434e-01 1.291186819460260760e-01
8.713472475937368289e-01 9.240946662058934225e-01 7.483969101366291232e-01 4.888640236589172350e-01 5.208951550681305553e-01 4.164582992097434211e-01 9.640647745585408934e-01 3.731258781108247602e-01 4.068856092777789479e-01 6.201259271003841667e-01 0.000000000000000000e+00 3.244087331462199852e-01 2.424830760720345091e-01 4.204284979014027424e-01 6.626868670078723822e-01
6.057129401667828983e-01 7.065160686290192782e-01 4.439271708323399568e-01 2.013634504411083159e-01 2.078697687325329335e-01 2.735528459885587793e-01 6.954362473520732113e-01 2.166613933476831955e-01 8.348450539292232020e-02 2.959231904657502743e-01 3.244087331462199852e-01 0.000000000000000000e+00 8.672264552435110518e-02 1.874264143457703147e-01 3.526145458736064109e-01
6.539920247789505758e-01 7.359040177782030234e-01 5.108399449651959134e-01 2.808808255983412661e-01 2.940125271057196787e-01 2.592758900326596616e-01 7.456903988226168956e-01 2.484690113300184466e-01 1.699366611314117592e-01 3.807897880725121809e-01 2.424830760720345091e-01 8.672264552435110518e-02 0.000000000000000000e+00 2.078345120554686287e-01 4.387888776711287853e-01
4.521549311252778813e-01 5.283679943805670298e-01 3.417673669217750620e-01 3.317159959524955126e-01 2.962058298737426654e-01 1.154652882799373365e-01 5.447051377427681862e-01 4.018405997920613260e-01 1.950759694534190125e-01 3.082324374068673434e-01 4.204284979014027424e-01 1.874264143457703147e-01 2.078345120554686287e-01 0.000000000000000000e+00 4.169114309325421819e-01
5.677391545573821086e-01 7.366544071256357906e-01 3.474781753095931847e-01 1.793666926411800477e-01 1.447821295465278046e-01 5.320649628704594569e-01 6.308138088368457908e-01 3.509460931394933758e-01 2.722048756462512320e-01 1.291186819460260760e-01 6.626868670078723822e-01 3.526145458736064109e-01 4.387888776711287853e-01 4.169114309325421819e-01 0.000000000000000000e+00
