0.000000000000000000e+00 7.811571267775946348e-01 3.129086835354651375e-01 6.547315709254398763e-01 6.799892727137752946e-01 6.711037699320338001e-01 6.071810669452942788e-01 5.027726370763786479e-01 8.442349138554556820e-01 6.659951881219029479e-01 9.803939055859883789e-01 9.033063034899199151e-01 3.159664098977967295e-01 1.710151830743467660e-01 2.085736990426906023e-01
7.811571267775946348e-01 0.000000000000000000e+00 8.600332028433511633e-01 1.922315897295363840e-01 3.361281042237830308e-01 2.983644636179485499e-01 6.230308425326415156e-01 3.305290863343853802e-01 4.643144525698048586e-01 1.172231408040743245e-01 6.508149564257095232e-01 5.397844961515021467e-01 4.992504229472171096e-01 6.916555003618602981e-01 6.006818419837824941e-01
3.129086835354651375e-01 8.600332028433511633e-01 0.000000000000000000e+00 6.856450881072748693e-01 6.347420107349577290e-01 6.448571838888670360e-01 4.302857794531428914e-01 6.771567667734489371e-01 7.435283499177763877e-01 7.622054823565115322e-01 8.266445728928185632e-01 7.796404900003467420e-01 5.295597931370010780e-01 4.653315723509819368e-01 4.539550496329657903e-01
6.547315709254398763e-01 1.922315897295363840e-01 6.856450881072748693e-01 0.000000000000000000e+00 1.621312127241423262e-01 1.219569977893940199e-01 4.325101525956541737e-01 3.161986274778623707e-01 3.336428376876532931e-01 1.540398669139957655e-01 5.256232250167900411e-01 4.139350395039021469e-01 4.243906570641222675e-01 6.013999571206033457e-01 5.058016010041490595e-01
6.799892727137752946e-01 3.361281042237830308e-01 6.347420107349577290e-01 1.621312127241423262e-01 0.000000000000000000e+00 4.018925935023096030e-02 2.989491709894023241e-01 4.528445610889462181e-01 1.918244831460828026e-01 3.161679392221113938e-01 3.771653845293579388e-01 2.696709165352128013e-01 5.157816038407468939e-01 6.667845197198426499e-01 5.735238540735960733e-01
6.711037699320338001e-01 2.983644636179485499e-01 6.448571838888670360e-01 1.219569977893940199e-01 4.018925935023096030e-02 0.000000000000000000e+00 3.302530423597246356e-01 4.177480930581639607e-01 2.239058408042923776e-01 2.759968237111106171e-01 4.125864170685958343e-01 3.032714445102395184e-01 4.904777966892777119e-01 6.482683406487000921e-01 5.539329081302006852e-01
6.071810669452942788e-01 6.230308425326415156e-01 4.302857794531428914e-01 4.325101525956541737e-01 2.989491709894023241e-01 3.302530423597246356e-01 0.000000000000000000e+00 6.253609358238718663e-01 3.310999005279905427e-01 5.727362123149533080e-01 3.968084484759835662e-01 3.537205304844500686e-01 5.942715713983303116e-01 6.705259835923228495e-01 5.977196445096142341e-01
5.027726370763786479e-01 3.305290863343853802e-01 6.771567667734489371e-01 3.161986274778623707e-01 4.528445610889462181e-01 4.177480930581639607e-01 6.253609358238718663e-01 0.000000000000000000e+00 6.414057393599823520e-01 2.197489407996364164e-01 8.299183531358800270e-01 7.210080353738864689e-01 1.896124135108932796e-01 3.793888566697644626e-01 2.991988010948892218e-01
8.442349138554556820e-01 4.643144525698048586e-01 7.435283499177763877e-01 3.336428376876532931e-01 1.918244831460828026e-01 2.239058408042923776e-01 3.310999005279905427e-01 6.414057393599823520e-01 0.000000000000000000e+00 4.807819387365959707e-01 1.922667292216284074e-01 8.030148052834409911e-02 7.059923234042653206e-01 8.491143229792671443e-01 7.578482754098085916e-01
6.659951881219029479e-01 1.172231408040743245e-01 7.622054823565115322e-01 1.540398669139957655e-01 3.161679392221113938e-01 2.759968237111106171e-01 5.727362123149533080e-01 2.197489407996364164e-01 4.807819387365959707e-01 0.000000000000000000e+00 6.729073576100952359e-01 5.604951431453831789e-01 3.822653661264675540e-01 5.744776749647081404e-01 4.834891682875451790e-01
9.803939055859883789e-01 6.508149564257095232e-01 8.266445728928185632e-01 5.256232250167900411e-01 3.771653845293579388e-01 4.125864170685958343e-01 3.968084484759835662e-01 8.299183531358800270e-01 1.922667292216284074e-01 6.729073576100952359e-01 0.000000000000000000e+00 1.124673324956854265e-01 8.802096919095852012e-01 1.008010006008814408e+00 9.208117125280337323e-01
9.033063034899199151e-01 5.397844961515021467e-01 7.796404900003467420e-01 4.139350395039021469e-01 2.696709165352128013e-01 3.032714445102395184e-01 3.537205304844500686e-01 7.210080353738864689e-01 8.030148052834409911e-02 5.604951431453831789e-01 1.124673324956854265e-01 0.000000000000000000e+00 7.804173580043909375e-01 9.175973237248774561e-01 8.278296438234771237e-01
3.159664098977967295e-01 4.992504229472171096e-01 5.295597931370010780e-01 4.243906570641222675e-01 5.157816038407468939e-01 4.904777966892777119e-01 5.942715713983303116e-01 1.896124135108932796e-01 7.059923234042653206e-01 3.822653661264675540e-01 8.802096919095852012e-01 7.804173580043909375e-01 0.000000000000000000e+00 1.932339908771056880e-01 1.096805876761635656e-01
1.710151830743467660e-01 6.916555003618602981e-01 4.653315723509819368e-01 6.013999571206033457e-01 6.667845197198426499e-01 6.482683406487000921e-01 6.705259835923228495e-01 3.793888566697644626e-01 8.491143229792671443e-01 5.744776749647081404e-01 1.008010006008814408e+00 9.175973237248774561e-01 1.932339908771056880e-01 0.000000000000000000e+00 9.564202081226705343e-02
2.085736990426906023e-01 6.006818419837824941e-01 4.539550496329657903e-01 5.058016010041490595e-01 5.735238540735960733e-01 5.539329081302006852e-01 5.977196445096142341e-01 2.991988010948892218e-01 7.578482754098085916e-01 4.834891682875451790e-01 9.208117125280337323e-01 8.278296438234771237e-01 1.096805876761635656e-01 9.564202081226705343e-02 0.000000000000000000e+00
