0.000000000000000000e+00 1.027314692477593772e+00 4.669490330184084548e-01 2.128322101304332692e-01 9.200944223749257800e-01 1.012972802862056820e+00 7.083017613736350970e-01 5.547071239517854524e-01 1.112737795718301337e+00 6.487346998682921306e-01 3.751626027923087858e-01 8.328429905946418410e-01 8.076556095526139512e-01 9.890674602496316581e-01 9.948579916622013464e-02
1.027314692477593772e+00 0.000000000000000000e+00 5.886002031607856511e-01 8.803404786357040823e-01 2.518658974410545315e-01 2.844196060911261537e-01 5.307469122642535231e-01 7.813220100027926662e-01 2.268115106451044916e-01 7.412420559506307516e-01 7.088085850864174198e-01 3.853424687098596091e-01 2.210936185450361469e-01 3.765627799168549394e-01 1.121508036679626619e+00
4.669490330184084548e-01 5.886002031607856511e-01 0.000000000000000000e+00 3.930848865090580402e-01 4.534616580689981857e-01 5.461731821244911744e-01 2.783617997510971498e-01 3.080804758402987953e-01 6.474315623034361256e-01 5.866481179695315351e-01 3.058075080474053631e-01 3.712529268290019613e-01 3.694517491313067947e-01 5.277319542635959815e-01 5.517489939323348969e-01
2.128322101304332692e-01 8.803404786357040823e-01 3.930848865090580402e-01 0.000000000000000000e+00 8.179532012609969094e-01 9.176485549088946314e-01 6.686672449445215660e-01 5.959908475054602750e-01 9.996781222702589842e-01 4.367066420647154890e-01 1.804152438161405747e-01 7.587334043267730532e-01 6.693256530494340328e-01 9.133742305936856098e-01 3.072439561354130544e-01
9.200944223749257800e-01 2.518658974410545315e-01 4.534616580689981857e-01 8.179532012609969094e-01 0.000000000000000000e+00 1.022946477999109871e-01 3.020567745625176714e-01 5.659323128034577932e-01 1.964664147858901921e-01 8.123488902052174998e-01 6.731617042379937077e-01 1.410337318468313228e-01 2.108966286073940544e-01 1.492505747026423302e-01 1.004898305006303172e+00
1.012972802862056820e+00 2.844196060911261537e-01 5.461731821244911744e-01 9.176485549088946314e-01 1.022946477999109871e-01 0.000000000000000000e+00 3.583431789717679283e-01 6.227125430385452853e-01 1.327626268066213200e-01 9.105007649243346268e-01 7.750614079166094905e-01 1.953240486487615446e-01 3.061642427133632882e-01 9.747922668119943235e-02 1.095347715561365565e+00
7.083017613736350970e-01 5.307469122642535231e-01 2.783617997510971498e-01 6.686672449445215660e-01 3.020567745625176714e-01 3.583431789717679283e-01 0.000000000000000000e+00 2.653726803206405416e-01 4.864664645441240109e-01 8.250304620580892756e-01 5.786804727653659386e-01 1.649376624658362156e-01 3.694518928400132851e-01 3.007000964488648620e-01 7.778724487673890353e-01
5.547071239517854524e-01 7.813220100027926662e-01 3.080804758402987953e-01 5.959908475054602750e-01 5.659323128034577932e-01 6.227125430385452853e-01 2.653726803206405416e-01 0.000000000000000000e+00 7.517545534468823565e-01 8.868719733905031655e-01 5.808250035621197460e-01 4.303100620110177910e-01 5.915834476490666738e-01 5.572241110586035884e-01 5.986414805670703387e-01
1.112737795718301337e+00 2.268115106451044916e-01 6.474315623034361256e-01 9.996781222702589842e-01 1.964664147858901921e-01 1.327626268066213200e-01 4.864664645441240109e-01 7.517545534468823565e-01 0.000000000000000000e+00 9.367459175507319991e-01 8.445285716352438632e-01 3.216340047295802584e-01 3.446029540705622951e-01 2.228797743331949466e-01 1.199172113908266502e+00
6.487346998682921306e-01 7.412420559506307516e-01 5.866481179695315351e-01 4.367066420647154890e-01 8.123488902052174998e-01 9.105007649243346268e-01 8.250304620580892756e-01 8.868719733905031655e-01 9.367459175507319991e-01 0.000000000000000000e+00 3.232528459589751324e-01 8.285454438508126351e-01 6.046515006996302510e-01 9.514392233131276910e-01 7.392366818320182942e-01
3.751626027923087858e-01 7.088085850864174198e-01 3.058075080474053631e-01 1.804152438161405747e-01 6.731617042379937077e-01 7.750614079166094905e-01 5.786804727653659386e-01 5.808250035621197460e-01 8.445285716352438632e-01 3.232528459589751324e-01 0.000000000000000000e+00 6.361896494319813078e-01 5.051441676341659193e-01 7.844628214981291814e-01 4.741882282596568965e-01
8.328429905946418410e-01 3.853424687098596091e-01 3.712529268290019613e-01 7.587334043267730532e-01 1.410337318468313228e-01 1.953240486487615446e-01 1.649376624658362156e-01 4.303100620110177910e-01 3.216340047295802584e-01 8.285454438508126351e-01 6.361896494319813078e-01 0.000000000000000000e+00 2.738298725056241834e-01 1.566159619685283388e-01 9.109259299603862381e-01
8.076556095526139512e-01 2.210936185450361469e-01 3.694517491313067947e-01 6.693256530494340328e-01 2.108966286073940544e-01 3.061642427133632882e-01 3.694518928400132851e-01 5.915834476490666738e-01 3.446029540705622951e-01 6.046515006996302510e-01 5.051441676341659193e-01 2.738298725056241834e-01 0.000000000000000000e+00 3.573563411622419639e-01 9.011113750588879423e-01
9.890674602496316581e-01 3.765627799168549394e-01 5.277319542635959815e-01 9.133742305936856098e-01 1.492505747026423302e-01 9.747922668119943235e-02 3.007000964488648620e-01 5.572241110586035884e-01 2.228797743331949466e-01 9.514392233131276910e-01 7.844628214981291814e-01 1.566159619685283388e-01 3.573563411622419639e-01 0.000000000000000000e+00 1.066082463853922802e+00
9.948579916622013464e-02 1.121508036679626619e+00 5.517489939323348969e-01 3.072439561354130544e-01 1.004898305006303172e+00 1.095347715561365565e+00 7.778724487673890353e-01 5.986414805670703387e-01 1.199172113908266502e+00 7.392366818320182942e-01 4.741882282596568965e-01 9.109259299603862381e-01 9.011113750588879423e-01 1.066082463853922802e+00 0.000000000000000000e+00
