0.000000000000000000e+00 7.284995205921332984e-01 9.576862595734438877e-01 2.785271396571445401e-01 5.986038508033498795e-01 6.280980696649337558e-01 8.693897179855463175e-01 8.920247486704959705e-01 8.801461480047416686e-01 5.538295638363970319e-01 9.240508116128945959e-01 8.845466894030281635e-01 4.965834719437009492e-01 9.712690902705907181e-01 1.783185080744467965e-01 6.974189522263384289e-01 4.845987461525984585e-01 7.240412396259106043e-01 7.497024558948833795e-01 5.492693537227250067e-01
7.284995205921332984e-01 0.000000000000000000e+00 8.185637022490191983e-01 6.349000750665280135e-01 1.305657615073048949e-01 5.589242659836426430e-01 7.711852922723638759e-01 8.543570094939482162e-01 1.017849858820631948e+00 1.843163981159325893e-01 2.668600021697185576e-01 8.948552107538433331e-01 3.403826458845543579e-01 7.013588075258280208e-01 5.703269340145586952e-01 7.787021908368933765e-02 2.532205599005876717e-01 1.640614968835197585e-01 3.866077885577706708e-01 7.639039392324852296e-01
9.576862595734438877e-01 8.185637022490191983e-01 0.000000000000000000e+00 6.798938609510890574e-01 7.857725674091105006e-01 3.475788619865259887e-01 8.915519930348614341e-02 1.244835803157449405e-01 3.550696605931816241e-01 8.465223428595055610e-01 6.966811283498827168e-01 1.829465013803555085e-01 9.995247055767242372e-01 1.698674283765529702e-01 9.437779577204137293e-01 7.427655894003060144e-01 8.521240759195325420e-01 9.728147841974021937e-01 4.322599252790428892e-01 4.542718792228679914e-01
2.785271396571445401e-01 6.349000750665280135e-01 6.798938609510890574e-01 0.000000000000000000e+00 5.114473929698465371e-01 3.597619508936605315e-01 5.913278710955326423e-01 6.140722691570735803e-01 6.217739693459197747e-01 5.036008951485554386e-01 7.614898280646076323e-01 6.089971399228244486e-01 5.413141292694318985e-01 7.035719763402453752e-01 3.137724856147873775e-01 5.787809564825998621e-01 4.510570727399219604e-01 6.936513896053901895e-01 5.249794177083498825e-01 2.833276240874217367e-01
5.986038508033498795e-01 1.305657615073048949e-01 7.857725674091105006e-01 5.114473929698465371e-01 0.000000000000000000e+00 4.880675462789287877e-01 7.268904186674753909e-01 8.031291226743045852e-01 9.439784266473162377e-01 7.880266883617501050e-02 3.582711955017198191e-01 8.368899445145211446e-01 2.575724265312474559e-01 6.914192913012373598e-01 4.438114507250250917e-01 1.115727115347784903e-01 1.350809238135427248e-01 2.046822658067637690e-01 3.692941800686493359e-01 6.656391537953288973e-01
6.280980696649337558e-01 5.589242659836426430e-01 3.475788619865259887e-01 3.597619508936605315e-01 4.880675462789287877e-01 0.000000000000000000e+00 2.673522781451930785e-01 3.262467293267432566e-01 4.591725078113789160e-01 5.340067942960522451e-01 5.481471336548600082e-01 3.519837081717006044e-01 6.685499542165337372e-01 3.441584874748610523e-01 5.976289347298476828e-01 4.817401469771550038e-01 5.254288531373990656e-01 6.904778680643538502e-01 2.434607646797758429e-01 2.559082928959233727e-01
8.693897179855463175e-01 7.711852922723638759e-01 8.915519930348614341e-02 5.913278710955326423e-01 7.268904186674753909e-01 2.673522781451930785e-01 0.000000000000000000e+00 9.170602644024974937e-02 3.186932453269073484e-01 7.832812504658120956e-01 6.764764830883652769e-01 1.487299187592012462e-01 9.297464859734341225e-01 2.013804013855635677e-01 8.595929300793714312e-01 6.939900258673019628e-01 7.837216764659492574e-01 9.201274477288627907e-01 3.904758685287937903e-01 3.673731155318574193e-01
8.920247486704959705e-01 8.543570094939482162e-01 1.244835803157449405e-01 6.140722691570735803e-01 8.031291226743045852e-01 3.262467293267432566e-01 9.170602644024974937e-02 0.000000000000000000e+00 2.345988626742871730e-01 8.556563510983267173e-01 7.676755641971859667e-01 6.081932651560554431e-02 9.947700711051894462e-01 2.806617895462495960e-01 8.996775975556318139e-01 7.767429486938340899e-01 8.510049130553225538e-01 9.998561962403984538e-01 4.779968950743498368e-01 3.606844437162426420e-01
8.801461480047416686e-01 1.017849858820631948e+00 3.550696605931816241e-01 6.217739693459197747e-01 9.439784266473162377e-01 4.591725078113789160e-01 3.186932453269073484e-01 2.345988626742871730e-01 0.000000000000000000e+00 9.827022849976060348e-01 9.723342803069157103e-01 1.738065085278409083e-01 1.095328714633165168e+00 5.151324162234833803e-01 9.334736092969923016e-01 9.404291309742467408e-01 9.627473933764393310e-01 1.147868256000855069e+00 6.684075729387294329e-01 3.387668038396043912e-01
5.538295638363970319e-01 1.843163981159325893e-01 8.465223428595055610e-01 5.036008951485554386e-01 7.880266883617501050e-02 5.340067942960522451e-01 7.832812504658120956e-01 8.556563510983267173e-01 9.827022849976060348e-01 0.000000000000000000e+00 4.327262789863476344e-01 8.857211069088831712e-01 1.788791544994382254e-01 7.604569479819053290e-01 3.892188820887918510e-01 1.869334658130332449e-01 7.015794069484936057e-02 1.900544403579117747e-01 4.398636682669119780e-01 6.881556336370683313e-01
9.240508116128945959e-01 2.668600021697185576e-01 6.966811283498827168e-01 7.614898280646076323e-01 3.582711955017198191e-01 5.481471336548600082e-01 6.764764830883652769e-01 7.676755641971859667e-01 9.723342803069157103e-01 4.327262789863476344e-01 0.000000000000000000e+00 8.199787845984923829e-01 6.031769075523392143e-01 5.455988544647917271e-01 7.884627590708614964e-01 2.467267423944667359e-01 4.932704044900753648e-01 4.148439701811413860e-01 3.083049371712809905e-01 7.971340910129534052e-01
8.845466894030281635e-01 8.948552107538433331e-01 1.829465013803555085e-01 6.089971399228244486e-01 8.368899445145211446e-01 3.519837081717006044e-01 1.487299187592012462e-01 6.081932651560554431e-02 1.738065085278409083e-01 8.857211069088831712e-01 8.199787845984923829e-01 0.000000000000000000e+00 1.018036528034526045e+00 3.414719343307456856e-01 9.042764475156273019e-01 8.170126170163366508e-01 8.767185902072950343e-01 1.036395237538306313e+00 5.248909406052421067e-01 3.414358765015984565e-01
4.965834719437009492e-01 3.403826458845543579e-01 9.995247055767242372e-01 5.413141292694318985e-01 2.575724265312474559e-01 6.685499542165337372e-01 9.297464859734341225e-01 9.947700711051894462e-01 1.095328714633165168e+00 1.788791544994382254e-01 6.031769075523392143e-01 1.018036528034526045e+00 0.000000000000000000e+00 9.270039169891550745e-01 3.182659628784890171e-01 3.619675616832698783e-01 1.483781448783819679e-01 2.545751659817491741e-01 6.107024717983035034e-01 7.767387186305357849e-01
9.712690902705907181e-01 7.013588075258280208e-01 1.698674283765529702e-01 7.035719763402453752e-01 6.914192913012373598e-01 3.441584874748610523e-01 2.013804013855635677e-01 2.806617895462495960e-01 5.151324162234833803e-01 7.604569479819053290e-01 5.455988544647917271e-01 3.414719343307456856e-01 9.270039169891550745e-01 0.000000000000000000e+00 9.259104235587092280e-01 6.297868194739166814e-01 7.788808048765002434e-01 8.622738634637935329e-01 3.223407511482410115e-01 5.335885625192797743e-01
1.783185080744467965e-01 5.703269340145586952e-01 9.437779577204137293e-01 3.137724856147873775e-01 4.438114507250250917e-01 5.976289347298476828e-01 8.595929300793714312e-01 8.996775975556318139e-01 9.334736092969923016e-01 3.892188820887918510e-01 7.884627590708614964e-01 9.042764475156273019e-01 3.182659628784890171e-01 9.259104235587092280e-01 0.000000000000000000e+00 5.498728323359168835e-01 3.190617466623431042e-01 5.501267081024510119e-01 6.618006621619959562e-01 5.947921083384517527e-01
6.974189522263384289e-01 7.787021908368933765e-02 7.427655894003060144e-01 5.787809564825998621e-01 1.115727115347784903e-01 4.817401469771550038e-01 6.939900258673019628e-01 7.767429486938340899e-01 9.404291309742467408e-01 1.869334658130332449e-01 2.467267423944667359e-01 8.170126170163366508e-01 3.619675616832698783e-01 6.297868194739166814e-01 5.498728323359168835e-01 0.000000000000000000e+00 2.466386581209399353e-01 2.325167507537727885e-01 3.117269770507005711e-01 6.915177878692952973e-01
4.845987461525984585e-01 2.532205599005876717e-01 8.521240759195325420e-01 4.510570727399219604e-01 1.350809238135427248e-01 5.254288531373990656e-01 7.837216764659492574e-01 8.510049130553225538e-01 9.627473933764393310e-01 7.015794069484936057e-02 4.932704044900753648e-01 8.767185902072950343e-01 1.483781448783819679e-01 7.788808048765002434e-01 3.190617466623431042e-01 2.466386581209399353e-01 0.000000000000000000e+00 2.484027550551888841e-01 4.641387906278983122e-01 6.557014172142108244e-01
7.240412396259106043e-01 1.640614968835197585e-01 9.728147841974021937e-01 6.936513896053901895e-01 2.046822658067637690e-01 6.904778680643538502e-01 9.201274477288627907e-01 9.998561962403984538e-01 1.147868256000855069e+00 1.900544403579117747e-01 4.148439701811413860e-01 1.036395237538306313e+00 2.545751659817491741e-01 8.622738634637935329e-01 5.501267081024510119e-01 2.325167507537727885e-01 2.484027550551888841e-01 0.000000000000000000e+00 5.435841588386022272e-01 8.686284667991026609e-01
7.497024558948833795e-01 3.866077885577706708e-01 4.322599252790428892e-01 5.249794177083498825e-01 3.692941800686493359e-01 2.434607646797758429e-01 3.904758685287937903e-01 4.779968950743498368e-01 6.684075729387294329e-01 4.398636682669119780e-01 3.083049371712809905e-01 5.248909406052421067e-01 6.107024717983035034e-01 3.223407511482410115e-01 6.618006621619959562e-01 3.117269770507005711e-01 4.641387906278983122e-01 5.435841588386022272e-01 0.000000000000000000e+00 4.979095067332560687e-01
5.492693537227250067e-01 7.639039392324852296e-01 4.542718792228679914e-01 2.833276240874217367e-01 6.656391537953288973e-01 2.559082928959233727e-01 3.673731155318574193e-01 3.606844437162426420e-01 3.387668038396043912e-01 6.881556336370683313e-01 7.971340910129534052e-01 3.414358765015984565e-01 7.767387186305357849e-01 5.335885625192797743e-01 5.947921083384517527e-01 6.915177878692952973e-01 6.557014172142108244e-01 8.686284667991026609e-01 4.979095067332560687e-01 0.000000000000000000e+00
