0.000000000000000000e+00 8.133871838316646397e-01 8.518986124076602939e-01 9.229474762627053464e-01 4.120315032971619273e-01 1.216842249074527593e-01 4.103945279267388058e-01 8.984728460930239136e-01 4.373994626146905929e-01 5.049830270338662164e-01 5.657492824092311690e-01 4.081894767539740454e-01 8.700305969293979924e-01 1.022269415305132156e+00 1.866589905151094242e-01 6.593541126785816830e-01 5.892842547949035392e-01 2.756179655332898215e-01 4.569093446877889875e-01 9.166292656712985432e-01
8.133871838316646397e-01 0.000000000000000000e+00 1.829915847178071320e-01 2.969198342395197865e-01 7.686284860478156400e-01 7.548704788958977563e-01 7.709498651424588900e-01 3.528337322944070653e-01 4.315285025909769701e-01 5.777204749242634829e-01 5.430600605564733785e-01 7.469230107281372710e-01 2.349231070335421612e-01 2.688860997372556905e-01 6.309149614215855406e-01 6.016296895461378247e-01 6.186298902256953669e-01 7.744419110898391745e-01 3.565313386885322622e-01 1.836415633166216532e-01
8.518986124076602939e-01 1.829915847178071320e-01 0.000000000000000000e+00 4.742704725876945582e-01 7.136872021969294932e-01 7.708204109111584934e-01 7.164186061269787187e-01 1.706741347899163319e-01 5.390224317448051305e-01 5.048217143765968418e-01 6.930011973056197094e-01 6.928487187870930875e-01 4.156824899043229382e-01 4.091225204149899208e-01 6.840136684202979822e-01 4.838741519318832673e-01 7.712142716307300860e-01 7.518124713775259371e-01 4.191870807508158436e-01 3.497406327214372945e-01
9.229474762627053464e-01 2.969198342395197865e-01 4.742704725876945582e-01 0.000000000000000000e+00 9.928163476823513856e-01 9.007553060036347370e-01 9.946304553716736052e-01 6.447295379474549115e-01 4.861190469790119262e-01 8.280028545370109461e-01 4.621262295895620653e-01 9.714311816108817110e-01 6.819722665847921528e-02 1.635885373522232844e-01 7.383634967597542120e-01 8.800452651666111903e-01 5.154031764982934805e-01 9.651926620482055297e-01 5.072736364064891479e-01 1.322609018668998992e-01
4.120315032971619273e-01 7.686284860478156400e-01 7.136872021969294932e-01 9.928163476823513856e-01 0.000000000000000000e+00 2.938174345515112695e-01 3.083405034467483555e-03 6.792627178320849168e-01 5.978492022367734027e-01 2.123457491579120171e-01 8.091163780953156692e-01 2.173004179401634775e-02 9.265704295684216163e-01 1.031030109728085398e+00 4.206904753572842104e-01 3.183689379867416513e-01 8.639367739193525297e-01 1.376535305601063741e-01 4.969521534979138289e-01 9.309041682593394151e-01
1.216842249074527593e-01 7.548704788958977563e-01 7.708204109111584934e-01 9.007553060036347370e-01 2.938174345515112695e-01 0.000000000000000000e+00 2.924066861579979748e-01 8.009168826361047211e-01 4.286842132259628957e-01 3.871522839329249455e-01 5.973333880361442194e-01 2.884263605415657850e-01 8.425326429040097542e-01 9.833440015597886275e-01 1.808680182652350754e-01 5.402271330590270315e-01 6.349340924883712933e-01 1.608842591378036868e-01 4.057804622508974779e-01 8.773292034599416978e-01
4.103945279267388058e-01 7.709498651424588900e-01 7.164186061269787187e-01 9.946304553716736052e-01 3.083405034467483555e-03 2.924066861579979748e-01 0.000000000000000000e+00 6.822560669462673921e-01 5.986427760885685290e-01 2.152637743125399572e-01 8.095832221570731235e-01 2.404626667468532861e-02 9.284265610067391483e-01 1.033212134218747025e+00 4.203596214517983931e-01 3.214336930508726597e-01 8.641953663329150492e-01 1.357540628017543383e-01 4.983706804100432319e-01 9.330073219252356109e-01
8.984728460930239136e-01 3.528337322944070653e-01 1.706741347899163319e-01 6.447295379474549115e-01 6.792627178320849168e-01 8.009168826361047211e-01 6.822560669462673921e-01 0.000000000000000000e+00 6.549692331759549013e-01 4.681248549702183293e-01 8.337768516262262786e-01 6.605352200107109661e-01 5.863322176046333878e-01 5.701690223314506145e-01 7.505615826566279791e-01 3.961975452101327289e-01 9.126916861871829934e-01 7.471653815908377849e-01 5.139515019619652625e-01 5.187973751540544409e-01
4.373994626146905929e-01 4.315285025909769701e-01 5.390224317448051305e-01 4.861190469790119262e-01 5.978492022367734027e-01 4.286842132259628957e-01 5.986427760885685290e-01 6.549692331759549013e-01 0.000000000000000000e+00 5.113051056325613741e-01 2.241415386929491160e-01 5.793930115844970752e-01 4.358017667426277719e-01 5.959155831247672230e-01 2.554153606149199285e-01 6.347725335821964299e-01 2.944353138713364237e-01 5.272759930839908682e-01 1.554955565108634974e-01 4.926823999683001554e-01
5.049830270338662164e-01 5.777204749242634829e-01 5.048217143765968418e-01 8.280028545370109461e-01 2.123457491579120171e-01 3.871522839329249455e-01 2.152637743125399572e-01 4.681248549702183293e-01 5.113051056325613741e-01 0.000000000000000000e+00 7.352821324649716495e-01 1.928594898697295890e-01 7.600656657302852226e-01 8.453765918711063643e-01 4.278416384240205650e-01 1.556592118080749598e-01 8.025201888992861132e-01 2.891388069399482008e-01 3.737374505216423670e-01 7.502365934700563344e-01
5.657492824092311690e-01 5.430600605564733785e-01 6.930011973056197094e-01 4.621262295895620653e-01 8.091163780953156692e-01 5.973333880361442194e-01 8.095832221570731235e-01 8.337768516262262786e-01 2.241415386929491160e-01 7.352821324649716495e-01 0.000000000000000000e+00 7.919818201599305718e-01 4.398198454809607028e-01 6.119650612192281125e-01 4.171048839192605939e-01 8.577094624584929994e-01 7.892247677755734325e-02 7.225522391982973636e-01 3.736240750876159700e-01 5.266427167911535978e-01
4.081894767539740454e-01 7.469230107281372710e-01 6.928487187870930875e-01 9.714311816108817110e-01 2.173004179401634775e-02 2.884263605415657850e-01 2.404626667468532861e-02 6.605352200107109661e-01 5.793930115844970752e-01 1.928594898697295890e-01 7.919818201599305718e-01 0.000000000000000000e+00 9.051229990521414415e-01 1.009304103033000111e+00 4.078098448521962349e-01 3.049343377836781221e-01 8.477505785375927250e-01 1.373276305010287801e-01 4.764385929245377738e-01 9.092075238630675793e-01
8.700305969293979924e-01 2.349231070335421612e-01 4.156824899043229382e-01 6.819722665847921528e-02 9.265704295684216163e-01 8.425326429040097542e-01 9.284265610067391483e-01 5.863322176046333878e-01 4.358017667426277719e-01 7.600656657302852226e-01 4.398198454809607028e-01 9.051229990521414415e-01 0.000000000000000000e+00 1.724436512919090558e-01 6.842363046337935906e-01 8.121365419688382215e-01 5.005605098126194585e-01 9.019309281258975908e-01 4.446851761684341708e-01 9.734641844956827550e-02
1.022269415305132156e+00 2.688860997372556905e-01 4.091225204149899208e-01 1.635885373522232844e-01 1.031030109728085398e+00 9.833440015597886275e-01 1.033212134218747025e+00 5.701690223314506145e-01 5.959155831247672230e-01 8.453765918711063643e-01 6.119650612192281125e-01 1.009304103033000111e+00 1.724436512919090558e-01 0.000000000000000000e+00 8.356104592821035348e-01 8.685410328622072962e-01 6.710002750281622852e-01 1.024661893124451550e+00 5.779560975269377732e-01 1.060681787795476755e-01
1.866589905151094242e-01 6.309149614215855406e-01 6.840136684202979822e-01 7.383634967597542120e-01 4.206904753572842104e-01 1.808680182652350754e-01 4.203596214517983931e-01 7.505615826566279791e-01 2.554153606149199285e-01 4.278416384240205650e-01 4.171048839192605939e-01 4.078098448521962349e-01 6.842363046337935906e-01 8.356104592821035348e-01 0.000000000000000000e+00 5.807298925122368338e-01 4.582693293100642551e-01 3.128680847997405423e-01 2.751022355233612715e-01 7.299829106916034815e-01
6.593541126785816830e-01 6.016296895461378247e-01 4.838741519318832673e-01 8.800452651666111903e-01 3.183689379867416513e-01 5.402271330590270315e-01 3.214336930508726597e-01 3.961975452101327289e-01 6.347725335821964299e-01 1.556592118080749598e-01 8.577094624584929994e-01 3.049343377836781221e-01 8.121365419688382215e-01 8.685410328622072962e-01 5.807298925122368338e-01 0.000000000000000000e+00 9.291709239595115077e-01 4.267822863813766632e-01 4.852334644239963413e-01 7.839096879402932538e-01
5.892842547949035392e-01 6.186298902256953669e-01 7.712142716307300860e-01 5.154031764982934805e-01 8.639367739193525297e-01 6.349340924883712933e-01 8.641953663329150492e-01 9.126916861871829934e-01 2.944353138713364237e-01 8.025201888992861132e-01 7.892247677755734325e-02 8.477505785375927250e-01 5.005605098126194585e-01 6.710002750281622852e-01 4.582693293100642551e-01 9.291709239595115077e-01 0.000000000000000000e+00 7.694632111349649639e-01 4.474112390680174967e-01 5.911257630540637242e-01
2.756179655332898215e-01 7.744419110898391745e-01 7.518124713775259371e-01 9.651926620482055297e-01 1.376535305601063741e-01 1.608842591378036868e-01 1.357540628017543383e-01 7.471653815908377849e-01 5.272759930839908682e-01 2.891388069399482008e-01 7.225522391982973636e-01 1.373276305010287801e-01 9.019309281258975908e-01 1.024661893124451550e+00 3.128680847997405423e-01 4.267822863813766632e-01 7.694632111349649639e-01 0.000000000000000000e+00 4.579892448343959588e-01 9.206109303344199857e-01
4.569093446877889875e-01 3.565313386885322622e-01 4.191870807508158436e-01 5.072736364064891479e-01 4.969521534979138289e-01 4.057804622508974779e-01 4.983706804100432319e-01 5.139515019619652625e-01 1.554955565108634974e-01 3.737374505216423670e-01 3.736240750876159700e-01 4.764385929245377738e-01 4.446851761684341708e-01 5.779560975269377732e-01 2.751022355233612715e-01 4.852334644239963413e-01 4.474112390680174967e-01 4.579892448343959588e-01 0.000000000000000000e+00 4.720747190246634695e-01
9.166292656712985432e-01 1.836415633166216532e-01 3.497406327214372945e-01 1.322609018668998992e-01 9.309041682593394151e-01 8.773292034599416978e-01 9.330073219252356109e-01 5.187973751540544409e-01 4.926823999683001554e-01 7.502365934700563344e-01 5.266427167911535978e-01 9.092075238630675793e-01 9.734641844956827550e-02 1.060681787795476755e-01 7.299829106916034815e-01 7.839096879402932538e-01 5.911257630540637242e-01 9.206109303344199857e-01 4.720747190246634695e-01 0.000000000000000000e+00
