0.000000000000000000e+00 1.499573015325441350e-01 5.823382913668885275e-01 3.625978908950731050e-01 2.189108785484605302e-01 7.887343910390383073e-01 2.235639584325404550e-01 1.718725956212887040e-01 6.289676291981910472e-01 8.412690584173769803e-01 3.462031505010581545e-01 8.157595392812495572e-01 6.101655617359884598e-01 3.314672347155044330e-01 6.250306900501363394e-01 5.737266910450767865e-01 6.409084263621168676e-01 5.630308568717288242e-01 6.494147272110519786e-01 6.350806761981401261e-01
1.499573015325441350e-01 0.000000000000000000e+00 5.528831134882183918e-01 2.497519738474089923e-01 2.374864760232612282e-01 8.544473007012236554e-01 1.826237049560252568e-01 2.189359421321938615e-01 6.549564063827315596e-01 9.183776409084760672e-01 4.719648349978173285e-01 8.498570742424446101e-01 5.557826680137524233e-01 2.010033384995114636e-01 6.294596423401285223e-01 6.027630505897070279e-01 7.550929768891647687e-01 6.983273361580940586e-01 7.063179797443398522e-01 7.760642105512038924e-01
5.823382913668885275e-01 5.528831134882183918e-01 0.000000000000000000e+00 3.755033296762695372e-01 3.655766230291198071e-01 5.060595852660193517e-01 3.743192713148958961e-01 4.177677026312893727e-01 2.354367367521281451e-01 5.983761192068013379e-01 5.632761782268317363e-01 3.950487511606035618e-01 1.007561137454935918e-01 4.423501818937555785e-01 1.480447646745167434e-01 2.263457513561854262e-01 6.509965507129074069e-01 7.364846133012620255e-01 3.756130534159247691e-01 8.355307723420556387e-01
3.625978908950731050e-01 2.497519738474089923e-01 3.755033296762695372e-01 0.000000000000000000e+00 2.593219942102512610e-01 8.000817092062104674e-01 1.755086575336362864e-01 2.927288975827865847e-01 5.511088343062893191e-01 8.807726555331918394e-01 5.739642163005590492e-01 7.422916876587419832e-01 3.438017050924422890e-01 6.955701221671353740e-02 4.942426636167306930e-01 5.104948777483330202e-01 8.032273247313583830e-01 8.028913640028535470e-01 6.486999027545682361e-01 8.948130842268962049e-01
2.189108785484605302e-01 2.374864760232612282e-01 3.655766230291198071e-01 2.593219942102512610e-01 0.000000000000000000e+00 6.181303524720718201e-01 8.972734644484225974e-02 5.387511805328604186e-02 4.222862935675527618e-01 6.850694603190908838e-01 3.148532027168697844e-01 6.152946381468912262e-01 4.037491082022020006e-01 2.743619474433283689e-01 4.087229215140015248e-01 3.686205076218965204e-01 5.558038838095769041e-01 5.436627736374954889e-01 4.691163355760435971e-01 6.355811158970754438e-01
7.887343910390383073e-01 8.544473007012236554e-01 5.060595852660193517e-01 8.000817092062104674e-01 6.181303524720718201e-01 0.000000000000000000e+00 6.923640783745145244e-01 6.382990204748947294e-01 2.710071182606157425e-01 9.382767758568034966e-02 5.166600561871165231e-01 1.853384263819606304e-01 6.043381246880956681e-01 8.494195396449556457e-01 3.596976707210303714e-01 2.952183855234359333e-01 3.330973597708330458e-01 5.101459427969159410e-01 1.521065178849796973e-01 5.817082368567828565e-01
2.235639584325404550e-01 1.826237049560252568e-01 3.743192713148958961e-01 1.755086575336362864e-01 8.972734644484225974e-02 6.923640783745145244e-01 0.000000000000000000e+00 1.172225571153628632e-01 4.764593232950262713e-01 7.636300948059570048e-01 4.002826562348892891e-01 6.722827665819476328e-01 3.897666881199769451e-01 1.847519398271291469e-01 4.470621531923777425e-01 4.259415688438072389e-01 6.453402638102474498e-01 6.307032513738565216e-01 5.412024122408184423e-01 7.210911543347532371e-01
1.718725956212887040e-01 2.189359421321938615e-01 4.177677026312893727e-01 2.927288975827865847e-01 5.387511805328604186e-02 6.382990204748947294e-01 1.172225571153628632e-01 0.000000000000000000e+00 4.593129102738073288e-01 6.999646131059662491e-01 2.857628669878663485e-01 6.491234707808809512e-01 4.576093098259906289e-01 2.964468694052579401e-01 4.531722519269650307e-01 4.045065780216163254e-01 5.464658785898436344e-01 5.172021283988252893e-01 4.926155377406542524e-01 6.058202724742437484e-01
6.289676291981910472e-01 6.549564063827315596e-01 2.354367367521281451e-01 5.511088343062893191e-01 4.222862935675527618e-01 2.710071182606157425e-01 4.764593232950262713e-01 4.593129102738073288e-01 0.000000000000000000e+00 3.629642484617101039e-01 4.700245191960663593e-01 1.960142174513530844e-01 3.347637337301609950e-01 6.078997127593330774e-01 9.289121368027408732e-02 5.557868364393522831e-02 4.564067774729870242e-01 5.810488168133208786e-01 1.460407007790324729e-01 6.752943784561875606e-01
8.412690584173769803e-01 9.183776409084760672e-01 5.983761192068013379e-01 8.807726555331918394e-01 6.850694603190908838e-01 9.382767758568034966e-02 7.636300948059570048e-01 6.999646131059662491e-01 3.629642484617101039e-01 0.000000000000000000e+00 5.439111356457922986e-01 2.689064911700669858e-01 6.971859553814012678e-01 9.271754775107474700e-01 4.527607007488614888e-01 3.831283835188559195e-01 3.121888841807932136e-01 4.957120841640964559e-01 2.337032233544108217e-01 5.544874996107644893e-01
3.462031505010581545e-01 4.719648349978173285e-01 5.632761782268317363e-01 5.739642163005590492e-01 3.148532027168697844e-01 5.166600561871165231e-01 4.002826562348892891e-01 2.857628669878663485e-01 4.700245191960663593e-01 5.439111356457922986e-01 0.000000000000000000e+00 6.083966074928024437e-01 6.400754698802627596e-01 5.821953299659273773e-01 5.177777871267588150e-01 4.211735638120275294e-01 2.979419170298839847e-01 2.316277764446706966e-01 4.132921410458759159e-01 3.208958922625781418e-01
8.157595392812495572e-01 8.498570742424446101e-01 3.950487511606035618e-01 7.422916876587419832e-01 6.152946381468912262e-01 1.853384263819606304e-01 6.722827665819476328e-01 6.491234707808809512e-01 1.960142174513530844e-01 2.689064911700669858e-01 6.083966074928024437e-01 0.000000000000000000e+00 4.826476477920084718e-01 8.012585136420267151e-01 2.519804627753844395e-01 2.471001704545350841e-01 4.950858413724922302e-01 6.581828614548795864e-01 1.964728848820262719e-01 7.402825591314252662e-01
6.101655617359884598e-01 5.557826680137524233e-01 1.007561137454935918e-01 3.438017050924422890e-01 4.037491082022020006e-01 6.043381246880956681e-01 3.897666881199769451e-01 4.576093098259906289e-01 3.347637337301609950e-01 6.971859553814012678e-01 6.400754698802627596e-01 4.826476477920084718e-01 0.000000000000000000e+00 4.133177120641867153e-01 2.447046264194026322e-01 3.270549459661037939e-01 7.482133299068104426e-01 8.254074569556248964e-01 4.762089520959071343e-01 9.246901821485957740e-01
3.314672347155044330e-01 2.010033384995114636e-01 4.423501818937555785e-01 6.955701221671353740e-02 2.743619474433283689e-01 8.494195396449556457e-01 1.847519398271291469e-01 2.964468694052579401e-01 6.078997127593330774e-01 9.271754775107474700e-01 5.821953299659273773e-01 8.012585136420267151e-01 4.133177120641867153e-01 0.000000000000000000e+00 5.559790366170738185e-01 5.645447645480191623e-01 8.290082904758061533e-01 8.135102462559242742e-01 6.973878283692231950e-01 9.020944881239565394e-01
6.250306900501363394e-01 6.294596423401285223e-01 1.480447646745167434e-01 4.942426636167306930e-01 4.087229215140015248e-01 3.596976707210303714e-01 4.470621531923777425e-01 4.531722519269650307e-01 9.289121368027408732e-02 4.527607007488614888e-01 5.177777871267588150e-01 2.519804627753844395e-01 2.447046264194026322e-01 5.559790366170738185e-01 0.000000000000000000e+00 1.077212398931651216e-01 5.412343881094111575e-01 6.536419013102764408e-01 2.387011758626995106e-01 7.502064259628324905e-01
5.737266910450767865e-01 6.027630505897070279e-01 2.263457513561854262e-01 5.104948777483330202e-01 3.686205076218965204e-01 2.952183855234359333e-01 4.259415688438072389e-01 4.045065780216163254e-01 5.557868364393522831e-02 3.831283835188559195e-01 4.211735638120275294e-01 2.471001704545350841e-01 3.270549459661037939e-01 5.645447645480191623e-01 1.077212398931651216e-01 0.000000000000000000e+00 4.352021035722347109e-01 5.463973418738812260e-01 1.520974242942386978e-01 6.426618864453959024e-01
6.409084263621168676e-01 7.550929768891647687e-01 6.509965507129074069e-01 8.032273247313583830e-01 5.558038838095769041e-01 3.330973597708330458e-01 6.453402638102474498e-01 5.464658785898436344e-01 4.564067774729870242e-01 3.121888841807932136e-01 2.979419170298839847e-01 4.950858413724922302e-01 7.482133299068104426e-01 8.290082904758061533e-01 5.412343881094111575e-01 4.352021035722347109e-01 0.000000000000000000e+00 1.836696358259956863e-01 3.245219630275109624e-01 2.486346641484650510e-01
5.630308568717288242e-01 6.983273361580940586e-01 7.364846133012620255e-01 8.028913640028535470e-01 5.436627736374954889e-01 5.101459427969159410e-01 6.307032513738565216e-01 5.172021283988252893e-01 5.810488168133208786e-01 4.957120841640964559e-01 2.316277764446706966e-01 6.581828614548795864e-01 8.254074569556248964e-01 8.135102462559242742e-01 6.536419013102764408e-01 5.463973418738812260e-01 1.836696358259956863e-01 0.000000000000000000e+00 4.711836827753705381e-01 9.929158362079727740e-02
6.494147272110519786e-01 7.063179797443398522e-01 3.756130534159247691e-01 6.486999027545682361e-01 4.691163355760435971e-01 1.521065178849796973e-01 5.412024122408184423e-01 4.926155377406542524e-01 1.460407007790324729e-01 2.337032233544108217e-01 4.132921410458759159e-01 1.964728848820262719e-01 4.762089520959071343e-01 6.973878283692231950e-01 2.387011758626995106e-01 1.520974242942386978e-01 3.245219630275109624e-01 4.711836827753705381e-01 0.000000000000000000e+00 5.591021860250530162e-01
6.350806761981401261e-01 7.760642105512038924e-01 8.355307723420556387e-01 8.948130842268962049e-01 6.355811158970754438e-01 5.817082368567828565e-01 7.210911543347532371e-01 6.058202724742437484e-01 6.752943784561875606e-01 5.544874996107644893e-01 3.208958922625781418e-01 7.402825591314252662e-01 9.246901821485957740e-01 9.020944881239565394e-01 7.502064259628324905e-01 6.426618864453959024e-01 2.486346641484650510e-01 9.929158362079727740e-02 5.591021860250530162e-01 0.000000000000000000e+00
