0.000000000000000000e+00 6.070831898189915643e-01 8.098943702356070640e-01 8.631394270936657565e-01 9.119026230091251684e-01 7.773438617047694343e-01 4.332185029541999466e-01 8.597921397621357542e-01 7.296179281899404234e-01 4.783706129723355738e-01 5.508317644561947501e-01 8.003621556912398072e-01 7.161118653520103239e-01 9.683097885268519833e-02 2.138960300926077418e-01 3.195443659684967797e-01 1.768890533091722894e-01 4.728930304087434200e-01 7.064313795914090033e-01 1.988738047573348766e-01
6.070831898189915643e-01 0.000000000000000000e+00 4.886645288691371380e-01 3.071071361066867178e-01 3.110316059050841075e-01 2.633393502402263109e-01 1.749896968443565848e-01 5.216378597039438292e-01 4.603550676447311640e-01 6.063704808519432277e-01 4.651005817129382214e-01 5.636954294089004946e-01 7.089169091441319681e-01 5.369235888032166670e-01 4.225241436020322205e-01 4.220677609613127657e-01 4.512777120583472690e-01 1.710942513246368479e-01 1.500914947470291805e-01 4.355340826950467870e-01
8.098943702356070640e-01 4.886645288691371380e-01 0.000000000000000000e+00 3.448682464997607222e-01 4.874575227574154401e-01 7.184862394049623679e-01 5.474054644525726543e-01 4.994290819109395430e-02 8.456377743019651005e-02 4.603857635440991025e-01 2.844494226545102311e-01 1.082603147297915847e-01 3.703027935740167420e-01 7.132517633215168518e-01 7.332939809476802795e-01 4.916990267497825529e-01 6.387401884200263336e-01 4.344517802703841136e-01 6.099009861394155685e-01 7.384287946822577497e-01
8.631394270936657565e-01 3.071071361066867178e-01 3.448682464997607222e-01 0.000000000000000000e+00 1.429603857509119391e-01 4.362214955802014571e-01 4.610965545895663875e-01 3.489427711634233154e-01 3.748149637983426152e-01 6.926611192784603022e-01 5.064044184662219727e-01 4.513413517003963538e-01 6.893327860746299995e-01 7.779935643940696366e-01 7.076380549220812055e-01 5.986099242503427620e-01 6.900076111950183000e-01 3.909367205229998810e-01 3.522363391957417100e-01 7.187508652656510177e-01
9.119026230091251684e-01 3.110316059050841075e-01 4.874575227574154401e-01 1.429603857509119391e-01 0.000000000000000000e+00 3.427605962888640723e-01 4.847583826025348985e-01 4.917331522098852270e-01 5.129417190643338342e-01 8.062265912566389803e-01 6.259686290799471031e-01 5.933076928776708225e-01 8.244417141321297438e-01 8.350263713294975298e-01 7.334634057909270588e-01 6.811771012830254435e-01 7.471785543107828387e-01 4.454806309125255992e-01 2.897131030025466569e-01 7.463386886088400063e-01
7.773438617047694343e-01 2.633393502402263109e-01 7.184862394049623679e-01 4.362214955802014571e-01 3.427605962888640723e-01 0.000000000000000000e+00 3.744037263625298873e-01 7.422661321832141335e-01 7.059905041691026950e-01 8.655456482861160206e-01 7.283853971252269854e-01 8.064651915066380905e-01 9.709225428587172635e-01 7.293482893707523562e-01 5.662934794043256170e-01 6.650169311390727866e-01 6.538027924146042613e-01 4.241043062622327775e-01 1.145568316588937846e-01 5.813470578470928407e-01
4.332185029541999466e-01 1.749896968443565848e-01 5.474054644525726543e-01 4.610965545895663875e-01 4.847583826025348985e-01 3.744037263625298873e-01 0.000000000000000000e+00 5.901337283188687888e-01 4.940498711798980702e-01 5.171309433839826886e-01 4.238833216612769017e-01 5.950430453452912882e-01 6.722723215734898172e-01 3.677387035798697634e-01 2.496070669022031896e-01 2.970270106784204667e-01 2.854470008271211556e-01 1.141619278198433007e-01 2.829865161942579088e-01 2.620076454658386567e-01
8.597921397621357542e-01 5.216378597039438292e-01 4.994290819109395430e-02 3.489427711634233154e-01 4.917331522098852270e-01 7.422661321832141335e-01 5.901337283188687888e-01 0.000000000000000000e+00 1.334541698248325470e-01 5.048335671824945026e-01 3.324602442487022413e-01 1.278678308936922470e-01 3.978884322583330357e-01 7.631646516454774209e-01 7.810943107230043925e-01 5.416417728385032326e-01 6.884233728829605159e-01 4.781314950842805445e-01 6.362401058415237953e-01 7.864906764016386109e-01
7.296179281899404234e-01 4.603550676447311640e-01 8.456377743019651005e-02 3.748149637983426152e-01 5.129417190643338342e-01 7.059905041691026950e-01 4.940498711798980702e-01 1.334541698248325470e-01 0.000000000000000000e+00 3.787438626366865235e-01 1.999976927358301793e-01 1.038102557244241220e-01 3.159547585172584605e-01 6.328189832072951271e-01 6.633107204423434045e-01 4.104620468474271533e-01 5.605631051177478730e-01 3.798887883470787319e-01 5.936476695576704543e-01 6.674852062194105429e-01
4.783706129723355738e-01 6.063704808519432277e-01 4.603857635440991025e-01 6.926611192784603022e-01 8.062265912566389803e-01 8.655456482861160206e-01 5.171309433839826886e-01 5.048335671824945026e-01 3.787438626366865235e-01 0.000000000000000000e+00 1.895692495871441063e-01 3.996584589199097537e-01 2.391436738673578255e-01 3.939827586230789103e-01 5.290780540322788106e-01 2.352122212769285903e-01 3.684289869742728984e-01 4.417373623557715456e-01 7.555039202174113067e-01 5.242595319578633450e-01
5.508317644561947501e-01 4.651005817129382214e-01 2.844494226545102311e-01 5.064044184662219727e-01 6.259686290799471031e-01 7.283853971252269854e-01 4.238833216612769017e-01 3.324602442487022413e-01 1.999976927358301793e-01 1.895692495871441063e-01 0.000000000000000000e+00 2.510873760949504097e-01 2.495211670771739221e-01 4.548108797488220612e-01 5.251129898637939553e-01 2.354047646150262962e-01 3.941878191624529348e-01 3.223385179706644288e-01 6.144761900419055678e-01 5.256837471447024512e-01
8.003621556912398072e-01 5.636954294089004946e-01 1.082603147297915847e-01 4.513413517003963538e-01 5.933076928776708225e-01 8.064651915066380905e-01 5.950430453452912882e-01 1.278678308936922470e-01 1.038102557244241220e-01 3.996584589199097537e-01 2.510873760949504097e-01 0.000000000000000000e+00 2.702262710592433503e-01 7.038449508707810276e-01 7.523720237189095439e-01 4.818545800233925980e-01 6.378754379481372805e-01 4.809994156956325373e-01 6.949745373740062737e-01 7.554226614805877871e-01
7.161118653520103239e-01 7.089169091441319681e-01 3.703027935740167420e-01 6.893327860746299995e-01 8.244417141321297438e-01 9.709225428587172635e-01 6.722723215734898172e-01 3.978884322583330357e-01 3.159547585172584605e-01 2.391436738673578255e-01 2.495211670771739221e-01 2.702262710592433503e-01 0.000000000000000000e+00 6.287713833477589498e-01 7.436506401737079663e-01 4.404303070844882151e-01 5.920239058077620964e-01 5.718281955341665279e-01 8.564164558751883316e-01 7.412498677956764759e-01
9.683097885268519833e-02 5.369235888032166670e-01 7.132517633215168518e-01 7.779935643940696366e-01 8.350263713294975298e-01 7.293482893707523562e-01 3.677387035798697634e-01 7.631646516454774209e-01 6.328189832072951271e-01 3.939827586230789103e-01 4.548108797488220612e-01 7.038449508707810276e-01 6.287713833477589498e-01 0.000000000000000000e+00 1.941474683388553779e-01 2.227251671207822747e-01 8.824853790984861501e-02 3.909826438612594157e-01 6.486940182509098873e-01 1.816396956700987442e-01
2.138960300926077418e-01 4.225241436020322205e-01 7.332939809476802795e-01 7.076380549220812055e-01 7.334634057909270588e-01 5.662934794043256170e-01 2.496070669022031896e-01 7.810943107230043925e-01 6.633107204423434045e-01 5.290780540322788106e-01 5.251129898637939553e-01 7.523720237189095439e-01 7.436506401737079663e-01 1.941474683388553779e-01 0.000000000000000000e+00 3.032251505034900263e-01 1.649159816162817094e-01 3.256446837114350124e-01 5.027908628393030765e-01 1.511001650326028109e-02
3.195443659684967797e-01 4.220677609613127657e-01 4.916990267497825529e-01 5.986099242503427620e-01 6.811771012830254435e-01 6.650169311390727866e-01 2.970270106784204667e-01 5.416417728385032326e-01 4.104620468474271533e-01 2.352122212769285903e-01 2.354047646150262962e-01 4.818545800233925980e-01 4.404303070844882151e-01 2.227251671207822747e-01 3.032251505034900263e-01 0.000000000000000000e+00 1.591296897655417042e-01 2.514185338160533911e-01 5.626310056284562489e-01 3.009783117804542552e-01
1.768890533091722894e-01 4.512777120583472690e-01 6.387401884200263336e-01 6.900076111950183000e-01 7.471785543107828387e-01 6.538027924146042613e-01 2.854470008271211556e-01 6.884233728829605159e-01 5.605631051177478730e-01 3.684289869742728984e-01 3.941878191624529348e-01 6.378754379481372805e-01 5.920239058077620964e-01 8.824853790984861501e-02 1.649159816162817094e-01 1.591296897655417042e-01 0.000000000000000000e+00 3.027774603810029497e-01 5.681690616144574602e-01 1.578482625041059129e-01
4.728930304087434200e-01 1.710942513246368479e-01 4.344517802703841136e-01 3.909367205229998810e-01 4.454806309125255992e-01 4.241043062622327775e-01 1.141619278198433007e-01 4.781314950842805445e-01 3.798887883470787319e-01 4.417373623557715456e-01 3.223385179706644288e-01 4.809994156956325373e-01 5.718281955341665279e-01 3.909826438612594157e-01 3.256446837114350124e-01 2.514185338160533911e-01 3.027774603810029497e-01 0.000000000000000000e+00 3.160050552695534698e-01 3.349550048320408258e-01
7.064313795914090033e-01 1.500914947470291805e-01 6.099009861394155685e-01 3.522363391957417100e-01 2.897131030025466569e-01 1.145568316588937846e-01 2.829865161942579088e-01 6.362401058415237953e-01 5.936476695576704543e-01 7.555039202174113067e-01 6.144761900419055678e-01 6.949745373740062737e-01 8.564164558751883316e-01 6.486940182509098873e-01 5.027908628393030765e-01 5.626310056284562489e-01 5.681690616144574602e-01 3.160050552695534698e-01 0.000000000000000000e+00 5.173826842724900121e-01
1.988738047573348766e-01 4.355340826950467870e-01 7.384287946822577497e-01 7.187508652656510177e-01 7.463386886088400063e-01 5.813470578470928407e-01 2.620076454658386567e-01 7.864906764016386109e-01 6.674852062194105429e-01 5.242595319578633450e-01 5.256837471447024512e-01 7.554226614805877871e-01 7.412498677956764759e-01 1.816396956700987442e-01 1.511001650326028109e-02 3.009783117804542552e-01 1.578482625041059129e-01 3.349550048320408258e-01 5.173826842724900121e-01 0.000000000000000000e+00
