0.000000000000000000e+00 8.462651992549261593e-01 3.953254766524198494e-01 4.346079524875990363e-01 5.164008473459398285e-01 9.269627473052360900e-01 2.559297584065221565e-01 5.227700514107155305e-01 5.576354758969128689e-01 6.297185669130577201e-01 8.998817923681209363e-01 5.995959002912671920e-01 7.506688262024372449e-01 8.450635707912109718e-01 9.488693889463187814e-01 4.651726244725647441e-01 2.692493241616575883e-01 8.732192995825984738e-01 7.912635991268768265e-01 7.122877109230948411e-01 5.836818291561108873e-01 9.212041892639771801e-01 2.566013040489316666e-01 3.255138056918269185e-01 7.833634215095448550e-01
8.462651992549261593e-01 0.000000000000000000e+00 4.524558885111016338e-01 1.100140468640592006e+00 8.115901079125410478e-01 9.840880219824305053e-02 8.339447677183847718e-01 1.141406854733200138e+00 1.063603332253116429e+00 4.674135978372491729e-01 2.583781967331011398e-01 6.465403857351531558e-01 2.082706253466559410e-01 1.187464914778962183e-01 1.270523089781322723e-01 1.158494112604313564e+00 5.813551099386806698e-01 6.960100589952576966e-01 6.414285039849192127e-02 2.367934957264306584e-01 3.158497657362622779e-01 8.189001252100526207e-01 5.910666728945822568e-01 5.532021183895706740e-01 8.506416998484324088e-01
3.953254766524198494e-01 4.524558885111016338e-01 0.000000000000000000e+00 7.123679455132243543e-01 5.441365171654939381e-01 5.372116993180025002e-01 4.109922001801430413e-01 7.748374513636281380e-01 7.374331844010452164e-01 3.915022338069228391e-01 5.466768913740776004e-01 4.819686545769346075e-01 3.670051524318894698e-01 4.649623018300572119e-01 5.536746826833464086e-01 7.639934154941456779e-01 1.290648562063377025e-01 6.985416240063553328e-01 3.961592540319530120e-01 3.322709175995340880e-01 2.085019624869497434e-01 7.913295662944672682e-01 1.468466218948842050e-01 1.260408129492204543e-01 7.228772376105871977e-01
4.346079524875990363e-01 1.100140468640592006e+00 7.123679455132243543e-01 0.000000000000000000e+00 3.812818055312364174e-01 1.155527360128344005e+00 6.863714028172939186e-01 9.359237503827201599e-02 1.983511862728596087e-01 7.106619382110735961e-01 1.051526399053577698e+00 5.722123271055756799e-01 1.073664840270077914e+00 1.054150111293895575e+00 1.221885640831252617e+00 6.165068715215270972e-02 6.236734755750746872e-01 8.076746280379208942e-01 1.060849644157269900e+00 1.041912002665074777e+00 9.208298419105911403e-01 7.945208575064567347e-01 5.737850146426957121e-01 7.035178925002208983e-01 6.170760102065490083e-01
5.164008473459398285e-01 8.115901079125410478e-01 5.441365171654939381e-01 3.812818055312364174e-01 0.000000000000000000e+00 8.456188956832351167e-01 7.437911429483571313e-01 3.767774997864242192e-01 2.638288768955944774e-01 3.635919118812944717e-01 7.063055640249674694e-01 1.983765977459482077e-01 8.464068358124708924e-01 7.394388680582547613e-01 9.385473357348231849e-01 4.412431211385601237e-01 5.248037702272014826e-01 4.295046019108080260e-01 7.877358455248355540e-01 8.247773676119517505e-01 7.276525897037925406e-01 4.348543283181006136e-01 4.616550736195063620e-01 6.042437855629818610e-01 2.737000227955708187e-01
9.269627473052360900e-01 9.840880219824305053e-02 5.372116993180025002e-01 1.155527360128344005e+00 8.456188956832351167e-01 0.000000000000000000e+00 9.274071148530647068e-01 1.190581469117782065e+00 1.103965207690709827e+00 4.877552505569666685e-01 2.086945025031609058e-01 6.678655247712227405e-01 3.028473789741763511e-01 1.064920066360317552e-01 1.396978760093041394e-01 1.215128891032827507e+00 6.661756663998551486e-01 6.773383105617156730e-01 1.622662420030158703e-01 3.337165236644672461e-01 4.132232722024374860e-01 8.009259765881936444e-01 6.704615934236716202e-01 6.438035472158900596e-01 8.533042495722877874e-01
2.559297584065221565e-01 8.339447677183847718e-01 4.109922001801430413e-01 6.863714028172939186e-01 7.437911429483571313e-01 9.274071148530647068e-01 0.000000000000000000e+00 7.764560737248789035e-01 8.128583514611066319e-01 7.616447559553122248e-01 9.575140013656224802e-01 7.839011488485089219e-01 6.839397369709423469e-01 8.682027921212118748e-01 9.109188176567601936e-01 7.112089156843048876e-01 3.014419874980204805e-01 1.045117245995986988e+00 7.714019420417602690e-01 6.430038029999673999e-01 5.253877782500235849e-01 1.113038335796849632e+00 3.413753945539528267e-01 2.885261549736001241e-01 9.960645048793662637e-01
5.227700514107155305e-01 1.141406854733200138e+00 7.748374513636281380e-01 9.359237503827201599e-02 3.767774997864242192e-01 1.190581469117782065e+00 7.764560737248789035e-01 0.000000000000000000e+00 1.398249661807032251e-01 7.283177721206248734e-01 1.072450526936350457e+00 5.746151975895099628e-01 1.129825949259975815e+00 1.086975148976604855e+00 1.265414745556342702e+00 1.078087343201444004e-01 6.952522302513812757e-01 7.884047486681219352e-01 1.106044528992156550e+00 1.099910885250629411e+00 9.822321987621873696e-01 7.613454871115846734e-01 6.417895548807234229e-01 7.768900009255885752e-01 5.817011620089198587e-01
5.576354758969128689e-01 1.063603332253116429e+00 7.374331844010452164e-01 1.983511862728596087e-01 2.638288768955944774e-01 1.103965207690709827e+00 8.128583514611066319e-01 1.398249661807032251e-01 0.000000000000000000e+00 6.266681109307518094e-01 9.700339139971544400e-01 4.605491540919968152e-01 1.075270232070428378e+00 9.984215340859622367e-01 1.189760397689652693e+00 2.391616576449510922e-01 6.785444729825953480e-01 6.554247041943270791e-01 1.034264910426682338e+00 1.048886237658269494e+00 9.389062451433697332e-01 6.229569525904561367e-01 6.192235764387061803e-01 7.620557812836199485e-01 4.432193898221352679e-01
6.297185669130577201e-01 4.674135978372491729e-01 3.915022338069228391e-01 7.106619382110735961e-01 3.635919118812944717e-01 4.877552505569666685e-01 7.616447559553122248e-01 7.283177721206248734e-01 6.266681109307518094e-01 0.000000000000000000e+00 3.443850418722664841e-01 1.803752303729012629e-01 5.539144450272599496e-01 3.813187757109222087e-01 5.933578945538990901e-01 7.722573903401731554e-01 4.636766342845133893e-01 3.091548414448195836e-01 4.572436111886993837e-01 5.448047331787668757e-01 4.886858510005451794e-01 4.120172175377544432e-01 4.206361963468288057e-01 5.083053230726001237e-01 3.928129917031424334e-01
8.998817923681209363e-01 2.583781967331011398e-01 5.466768913740776004e-01 1.051526399053577698e+00 7.063055640249674694e-01 2.086945025031609058e-01 9.575140013656224802e-01 1.072450526936350457e+00 9.700339139971544400e-01 3.443850418722664841e-01 0.000000000000000000e+00 5.135868140003045923e-01 4.506557155334747766e-01 1.418206967748975589e-01 3.473298357076111120e-01 1.112880515059893050e+00 6.661177882651575510e-01 4.755666000167900753e-01 2.984894101750562023e-01 4.684597328473421030e-01 5.000336750273780551e-01 5.985093910020687913e-01 6.506306609179725031e-01 6.698815595501147468e-01 6.682135257292337593e-01
5.995959002912671920e-01 6.465403857351531558e-01 4.819686545769346075e-01 5.722123271055756799e-01 1.983765977459482077e-01 6.678655247712227405e-01 7.839011488485089219e-01 5.746151975895099628e-01 4.605491540919968152e-01 1.803752303729012629e-01 5.135868140003045923e-01 0.000000000000000000e+00 7.165552200230539404e-01 5.615056488665546297e-01 7.729451882756465109e-01 6.333381170607920163e-01 5.113673092679222876e-01 2.746541204508914924e-01 6.327168029735301680e-01 7.022272998457708137e-01 6.267700229854122895e-01 3.291425524519336898e-01 4.541557207762935700e-01 5.766834877384585667e-01 2.419474947395243158e-01
7.506688262024372449e-01 2.082706253466559410e-01 3.670051524318894698e-01 1.073664840270077914e+00 8.464068358124708924e-01 3.028473789741763511e-01 6.839397369709423469e-01 1.129825949259975815e+00 1.075270232070428378e+00 5.539144450272599496e-01 4.506557155334747766e-01 7.165552200230539404e-01 0.000000000000000000e+00 3.102337998830888566e-01 2.346809916884365355e-01 1.127353293160163750e+00 4.828981338650997213e-01 8.315743641444718337e-01 1.534786146009152474e-01 4.093595572140659028e-02 1.673988239065518635e-01 9.495108310322216694e-01 5.134827534330635990e-01 4.296095081171480978e-01 9.460888779788563241e-01
8.450635707912109718e-01 1.187464914778962183e-01 4.649623018300572119e-01 1.054150111293895575e+00 7.394388680582547613e-01 1.064920066360317552e-01 8.682027921212118748e-01 1.086975148976604855e+00 9.984215340859622367e-01 3.813187757109222087e-01 1.418206967748975589e-01 5.615056488665546297e-01 3.102337998830888566e-01 0.000000000000000000e+00 2.256150128441201663e-01 1.114188703598511410e+00 5.919952311904148612e-01 5.836515259635025599e-01 1.571845629108233333e-01 3.305384042504787567e-01 3.778200664830600464e-01 7.070996737862615955e-01 5.889826685751597957e-01 5.803315511917838121e-01 7.506425638123772615e-01
9.488693889463187814e-01 1.270523089781322723e-01 5.536746826833464086e-01 1.221885640831252617e+00 9.385473357348231849e-01 1.396978760093041394e-01 9.109188176567601936e-01 1.265414745556342702e+00 1.189760397689652693e+00 5.933578945538990901e-01 3.473298357076111120e-01 7.729451882756465109e-01 2.346809916884365355e-01 2.256150128441201663e-01 0.000000000000000000e+00 1.279584274974501890e+00 6.804139021435070545e-01 8.089540982595042617e-01 1.620115985103293965e-01 2.740723939631985462e-01 3.856535109317474896e-01 9.324838581253603875e-01 6.973793105034343798e-01 6.415660354603615056e-01 9.731968609889297683e-01
4.651726244725647441e-01 1.158494112604313564e+00 7.639934154941456779e-01 6.165068715215270972e-02 4.412431211385601237e-01 1.215128891032827507e+00 7.112089156843048876e-01 1.078087343201444004e-01 2.391616576449510922e-01 7.722573903401731554e-01 1.112880515059893050e+00 6.333381170607920163e-01 1.127353293160163750e+00 1.114188703598511410e+00 1.279584274974501890e+00 0.000000000000000000e+00 6.704000822812059557e-01 8.659283475199728297e-01 1.118240740410474832e+00 1.094876249651030475e+00 9.724505578453763732e-01 8.491563280280546300e-01 6.230181521280258039e-01 7.486277378058421306e-01 6.706965694817061951e-01
2.692493241616575883e-01 5.813551099386806698e-01 1.290648562063377025e-01 6.236734755750746872e-01 5.248037702272014826e-01 6.661756663998551486e-01 3.014419874980204805e-01 6.952522302513812757e-01 6.785444729825953480e-01 4.636766342845133893e-01 6.661177882651575510e-01 5.113673092679222876e-01 4.828981338650997213e-01 5.919952311904148612e-01 6.804139021435070545e-01 6.704000822812059557e-01 0.000000000000000000e+00 7.574278698987783054e-01 5.244012063185964356e-01 4.453481819148580878e-01 3.170067771542975366e-01 8.366276933682090799e-01 6.317403593119282068e-02 8.353138921812808260e-02 7.422722965030973397e-01
8.732192995825984738e-01 6.960100589952576966e-01 6.985416240063553328e-01 8.076746280379208942e-01 4.295046019108080260e-01 6.773383105617156730e-01 1.045117245995986988e+00 7.884047486681219352e-01 6.554247041943270791e-01 3.091548414448195836e-01 4.755666000167900753e-01 2.746541204508914924e-01 8.315743641444718337e-01 5.836515259635025599e-01 8.089540982595042617e-01 8.659283475199728297e-01 7.574278698987783054e-01 0.000000000000000000e+00 7.077894359777432420e-01 8.301279544311913616e-01 7.910327487336318297e-01 1.236158139617782037e-01 7.064726985790168445e-01 8.108349086773743997e-01 2.347667889566922850e-01
7.912635991268768265e-01 6.414285039849192127e-02 3.961592540319530120e-01 1.060849644157269900e+00 7.877358455248355540e-01 1.622662420030158703e-01 7.714019420417602690e-01 1.106044528992156550e+00 1.034264910426682338e+00 4.572436111886993837e-01 2.984894101750562023e-01 6.327168029735301680e-01 1.534786146009152474e-01 1.571845629108233333e-01 1.620115985103293965e-01 1.118240740410474832e+00 5.244012063185964356e-01 7.077894359777432420e-01 0.000000000000000000e+00 1.772827847254494771e-01 2.517881854319086732e-01 8.291448470182981589e-01 5.377453278056941732e-01 4.925754948988511628e-01 8.472554676571296683e-01
7.122877109230948411e-01 2.367934957264306584e-01 3.322709175995340880e-01 1.041912002665074777e+00 8.247773676119517505e-01 3.337165236644672461e-01 6.430038029999673999e-01 1.099910885250629411e+00 1.048886237658269494e+00 5.448047331787668757e-01 4.684597328473421030e-01 7.022272998457708137e-01 4.093595572140659028e-02 3.305384042504787567e-01 2.740723939631985462e-01 1.094876249651030475e+00 4.453481819148580878e-01 8.301279544311913616e-01 1.772827847254494771e-01 0.000000000000000000e+00 1.286107716725672090e-01 9.462341277618536717e-01 4.780337172330151874e-01 3.900890456746599622e-01 9.351456531789008597e-01
5.836818291561108873e-01 3.158497657362622779e-01 2.085019624869497434e-01 9.208298419105911403e-01 7.276525897037925406e-01 4.132232722024374860e-01 5.253877782500235849e-01 9.822321987621873696e-01 9.389062451433697332e-01 4.886858510005451794e-01 5.000336750273780551e-01 6.267700229854122895e-01 1.673988239065518635e-01 3.778200664830600464e-01 3.856535109317474896e-01 9.724505578453763732e-01 3.170067771542975366e-01 7.910327487336318297e-01 2.517881854319086732e-01 1.286107716725672090e-01 0.000000000000000000e+00 9.000576825249798629e-01 3.520046471007868272e-01 2.623571461265851723e-01 8.664791631388579773e-01
9.212041892639771801e-01 8.189001252100526207e-01 7.913295662944672682e-01 7.945208575064567347e-01 4.348543283181006136e-01 8.009259765881936444e-01 1.113038335796849632e+00 7.613454871115846734e-01 6.229569525904561367e-01 4.120172175377544432e-01 5.985093910020687913e-01 3.291425524519336898e-01 9.495108310322216694e-01 7.070996737862615955e-01 9.324838581253603875e-01 8.491563280280546300e-01 8.366276933682090799e-01 1.236158139617782037e-01 8.291448470182981589e-01 9.462341277618536717e-01 9.000576825249798629e-01 0.000000000000000000e+00 7.813913885578273044e-01 8.968559130807330915e-01 1.797376562097691421e-01
2.566013040489316666e-01 5.910666728945822568e-01 1.468466218948842050e-01 5.737850146426957121e-01 4.616550736195063620e-01 6.704615934236716202e-01 3.413753945539528267e-01 6.417895548807234229e-01 6.192235764387061803e-01 4.206361963468288057e-01 6.506306609179725031e-01 4.541557207762935700e-01 5.134827534330635990e-01 5.889826685751597957e-01 6.973793105034343798e-01 6.230181521280258039e-01 6.317403593119282068e-02 7.064726985790168445e-01 5.377453278056941732e-01 4.780337172330151874e-01 3.520046471007868272e-01 7.813913885578273044e-01 0.000000000000000000e+00 1.449645837780406399e-01 6.820472596293954970e-01
3.255138056918269185e-01 5.532021183895706740e-01 1.260408129492204543e-01 7.035178925002208983e-01 6.042437855629818610e-01 6.438035472158900596e-01 2.885261549736001241e-01 7.768900009255885752e-01 7.620557812836199485e-01 5.083053230726001237e-01 6.698815595501147468e-01 5.766834877384585667e-01 4.296095081171480978e-01 5.803315511917838121e-01 6.415660354603615056e-01 7.486277378058421306e-01 8.353138921812808260e-02 8.108349086773743997e-01 4.925754948988511628e-01 3.900890456746599622e-01 2.623571461265851723e-01 8.968559130807330915e-01 1.449645837780406399e-01 0.000000000000000000e+00 8.123640221735249911e-01
7.833634215095448550e-01 8.506416998484324088e-01 7.228772376105871977e-01 6.170760102065490083e-01 2.737000227955708187e-01 8.533042495722877874e-01 9.960645048793662637e-01 5.817011620089198587e-01 4.432193898221352679e-01 3.928129917031424334e-01 6.682135257292337593e-01 2.419474947395243158e-01 9.460888779788563241e-01 7.506425638123772615e-01 9.731968609889297683e-01 6.706965694817061951e-01 7.422722965030973397e-01 2.347667889566922850e-01 8.472554676571296683e-01 9.351456531789008597e-01 8.664791631388579773e-01 1.797376562097691421e-01 6.820472596293954970e-01 8.123640221735249911e-01 0.000000000000000000e+00
