0.000000000000000000e+00 2.259320818739432024e-01 8.834260851852990815e-01 4.810052449905318772e-01 2.050021280930310885e-01 2.742598891935179584e-01 8.309592194711807878e-01 1.313483561634802288e-01 6.625966002743945982e-01 3.630758518125703493e-01 5.589763456097496253e-01 4.603277578778961487e-01 2.782325041074272254e-01 5.231635663277924841e-01 5.311182708535217012e-01 6.929158691645911361e-01 1.750027483186153421e-01 3.673614761210768909e-01 8.386980551211330459e-01 2.754957422660703203e-01 1.691235095621027307e-01 6.028494872205855115e-01 2.879784810284327090e-01 4.224935200835902016e-01 7.934798382816192763e-01
2.259320818739432024e-01 0.000000000000000000e+00 6.589149974230454898e-01 2.575923815005226047e-01 1.790967156479750799e-01 1.776892414081935323e-01 7.217927062624466261e-01 3.461619153003627214e-01 5.136286897357255077e-01 1.457256734040292823e-01 3.331384130738966887e-01 2.419110961575682284e-01 4.545327082001363594e-01 6.669654643624001178e-01 6.482522836367490271e-01 4.671032282849494899e-01 2.903984584154087889e-01 1.982467602342521118e-01 6.129450699461287400e-01 4.660789709378198586e-01 3.833876391489947077e-01 3.779343507605413266e-01 4.401189541285673301e-01 4.207334220832067984e-01 5.675486141696852727e-01
8.834260851852990815e-01 6.589149974230454898e-01 0.000000000000000000e+00 4.024996954355387069e-01 7.474787376369913527e-01 7.192852255037579523e-01 7.054680629297155336e-01 9.935322751060460256e-01 5.145457545984200021e-01 5.220983371344596335e-01 3.286512976954811815e-01 4.268806958913581306e-01 1.060532077221060909e+00 1.201895070683576927e+00 1.147583810820838046e+00 2.136010021988103691e-01 8.896842080440396927e-01 5.613397761769076677e-01 7.016105884522537417e-02 1.084118635329902380e+00 1.028323486659654007e+00 3.072927213994403606e-01 1.025724791602844688e+00 8.277147043681558625e-01 1.223914894133385084e-01
4.810052449905318772e-01 2.575923815005226047e-01 4.024996954355387069e-01 0.000000000000000000e+00 3.579784575396312007e-01 3.531521813310200542e-01 6.202192984662314723e-01 5.923251769360137198e-01 3.822409202660270178e-01 1.208471370920235072e-01 9.001762643558107457e-02 4.159592730807974703e-02 6.718092635303513083e-01 8.438271148947161793e-01 8.037149873059135086e-01 2.259205335101647782e-01 4.993054571689636845e-01 1.945661564261673693e-01 3.608520077125599856e-01 6.917211440389628985e-01 6.277771842578453443e-01 1.570117784008785711e-01 6.433578113929652176e-01 5.061247985137107275e-01 3.199561151928710934e-01
2.050021280930310885e-01 1.790967156479750799e-01 7.474787376369913527e-01 3.579784575396312007e-01 0.000000000000000000e+00 3.395101990470966724e-01 6.270807415838005605e-01 2.644909670796302681e-01 4.604069113567615390e-01 2.409935325586484434e-01 4.469516245608936011e-01 3.248863867670241379e-01 3.144326705217788676e-01 4.984272776769141378e-01 4.726899648531630582e-01 5.838354803944953986e-01 1.423737864823997890e-01 1.904820326817953380e-01 7.143796420415432502e-01 3.366596115405378620e-01 2.935718458016676746e-01 5.070646762463083546e-01 2.858209528994087312e-01 2.525940552829844532e-01 6.767490266591115189e-01
2.742598891935179584e-01 1.776892414081935323e-01 7.192852255037579523e-01 3.531521813310200542e-01 3.395101990470966724e-01 0.000000000000000000e+00 8.939347964580018902e-01 4.041386608012952908e-01 6.767145302297962184e-01 2.813284770212853281e-01 3.973243497707749650e-01 3.572153165410804632e-01 5.497624931781401880e-01 7.872548179443049632e-01 7.830842765079909507e-01 5.084303601156542340e-01 4.125579632782444550e-01 3.673489721750792802e-01 6.613850444694711062e-01 5.495230503862312821e-01 4.411080417120338271e-01 4.131512561813165951e-01 5.514393447174507079e-01 5.905358960255164824e-01 6.096065863526398676e-01
8.309592194711807878e-01 7.217927062624466261e-01 7.054680629297155336e-01 6.202192984662314723e-01 6.270807415838005605e-01 8.939347964580018902e-01 0.000000000000000000e+00 8.552277293278208736e-01 2.389012460542037641e-01 6.240457518712525520e-01 6.638220196716015931e-01 5.885484150478530463e-01 8.022222910419805064e-01 7.858525307069237353e-01 7.036329383926100967e-01 7.206405802189266296e-01 7.011568151808834637e-01 5.265868497743223520e-01 7.329799327418331512e-01 8.404398257269851680e-01 8.700652590448306745e-01 7.265736442525122518e-01 7.472216230298225348e-01 4.573759663623924721e-01 7.402712272964835361e-01
1.313483561634802288e-01 3.461619153003627214e-01 9.935322751060460256e-01 5.923251769360137198e-01 2.644909670796302681e-01 4.041386608012952908e-01 8.552277293278208736e-01 0.000000000000000000e+00 7.168918867793776517e-01 4.717522487772988216e-01 6.749388805063148977e-01 5.667934226970047229e-01 1.637484209210564867e-01 4.142431471676591426e-01 4.368840411127333234e-01 8.110357213354804085e-01 1.540717353727686645e-01 4.514910476529073180e-01 9.529560129105850708e-01 1.511817276152817024e-01 3.798378773160896588e-02 7.236606291244133127e-01 1.915403297825790663e-01 4.114896524731684879e-01 9.099886328848564299e-01
6.625966002743945982e-01 5.136286897357255077e-01 5.145457545984200021e-01 3.822409202660270178e-01 4.604069113567615390e-01 6.767145302297962184e-01 2.389012460542037641e-01 7.168918867793776517e-01 0.000000000000000000e+00 3.982745019526297559e-01 4.254611518518524593e-01 3.522301591878199134e-01 7.074396649129260917e-01 7.667010579034329032e-01 6.961675020876296749e-01 4.914558141247599155e-01 5.690018516554986583e-01 3.156843586744081387e-01 5.274751386106819595e-01 7.419087112709206178e-01 7.399171973980430694e-01 4.895661388510686440e-01 6.574934941538997935e-01 3.854863246761790485e-01 5.249780838573142594e-01
3.630758518125703493e-01 1.457256734040292823e-01 5.220983371344596335e-01 1.208471370920235072e-01 2.409935325586484434e-01 2.813284770212853281e-01 6.240457518712525520e-01 4.717522487772988216e-01 3.982745019526297559e-01 0.000000000000000000e+00 2.072005449602211669e-01 9.740954055676588619e-02 5.530161413136291948e-01 7.345642687368811874e-01 7.001539209413394360e-01 3.445550042765868626e-01 3.806491946088328970e-01 1.145640054888240333e-01 4.816879813386552578e-01 5.718927239341202728e-01 5.070367063814437136e-01 2.661066755313328258e-01 5.267607093232367088e-01 4.202458781367778839e-01 4.404599019645061841e-01
5.589763456097496253e-01 3.331384130738966887e-01 3.286512976954811815e-01 9.001762643558107457e-02 4.469516245608936011e-01 3.973243497707749650e-01 6.638220196716015931e-01 6.749388805063148977e-01 4.254611518518524593e-01 2.072005449602211669e-01 0.000000000000000000e+00 1.288220473616234207e-01 7.600780339628633309e-01 9.338023737948539793e-01 8.931121850016677799e-01 1.373641238537453568e-01 5.876246070787263243e-01 2.833234150173321586e-01 2.798374278831333162e-01 7.790690347261447490e-01 7.110724661652383372e-01 7.153772987695225516e-02 7.326305423291211705e-01 5.923731052606302505e-01 2.350758187637505270e-01
4.603277578778961487e-01 2.419110961575682284e-01 4.268806958913581306e-01 4.159592730807974703e-02 3.248863867670241379e-01 3.572153165410804632e-01 5.885484150478530463e-01 5.667934226970047229e-01 3.522301591878199134e-01 9.740954055676588619e-02 1.288220473616234207e-01 0.000000000000000000e+00 6.393095838396113395e-01 8.058840945139761347e-01 7.643483824469434751e-01 2.616193918503673110e-01 4.670211602090990066e-01 1.545014211865873011e-01 3.899202728884819669e-01 6.605546760652266647e-01 6.014498229868727730e-01 1.977181993917396241e-01 6.090323139123058338e-01 4.649076619831808421e-01 3.519638571776670943e-01
2.782325041074272254e-01 4.545327082001363594e-01 1.060532077221060909e+00 6.718092635303513083e-01 3.144326705217788676e-01 5.497624931781401880e-01 8.022222910419805064e-01 1.637484209210564867e-01 7.074396649129260917e-01 5.530161413136291948e-01 7.600780339628633309e-01 6.393095838396113395e-01 0.000000000000000000e+00 2.505016573961094672e-01 2.776510734361141708e-01 8.973163874477065871e-01 1.725050024712579955e-01 4.997074869412769793e-01 1.028732841574625745e+00 3.902550635207028412e-02 1.400507772417279861e-01 8.176009804515814716e-01 5.564210119821461076e-02 3.450411981996334698e-01 9.910921087348499858e-01
5.231635663277924841e-01 6.669654643624001178e-01 1.201895070683576927e+00 8.438271148947161793e-01 4.984272776769141378e-01 7.872548179443049632e-01 7.858525307069237353e-01 4.142431471676591426e-01 7.667010579034329032e-01 7.345642687368811874e-01 9.338023737948539793e-01 8.058840945139761347e-01 2.505016573961094672e-01 0.000000000000000000e+00 8.540550581976416589e-02 1.067099080463637994e+00 3.789011856025399916e-01 6.529056365646926929e-01 1.181928506725017369e+00 2.691630210753007679e-01 3.886082826193765216e-01 9.987180588128082848e-01 2.361882513020299723e-01 3.846085216981240396e-01 1.151851386221629081e+00
5.311182708535217012e-01 6.482522836367490271e-01 1.147583810820838046e+00 8.037149873059135086e-01 4.726899648531630582e-01 7.830842765079909507e-01 7.036329383926100967e-01 4.368840411127333234e-01 6.961675020876296749e-01 7.001539209413394360e-01 8.931121850016677799e-01 7.643483824469434751e-01 2.776510734361141708e-01 8.540550581976416589e-02 0.000000000000000000e+00 1.023502656764579299e+00 3.705689422261094212e-01 6.099416371277662785e-01 1.131542674083348743e+00 3.053185130780685097e-01 4.172356500134736246e-01 9.602234662140157750e-01 2.466100440244639869e-01 3.214900446238414533e-01 1.104273911877284187e+00
6.929158691645911361e-01 4.671032282849494899e-01 2.136010021988103691e-01 2.259205335101647782e-01 5.838354803944953986e-01 5.084303601156542340e-01 7.206405802189266296e-01 8.110357213354804085e-01 4.914558141247599155e-01 3.445550042765868626e-01 1.373641238537453568e-01 2.616193918503673110e-01 8.973163874477065871e-01 1.067099080463637994e+00 1.023502656764579299e+00 0.000000000000000000e+00 7.248334795413478027e-01 4.143618839390384445e-01 1.529557715870649703e-01 9.164328777283239358e-01 8.474315256651462347e-01 9.534194687803371204e-02 8.692776836571545207e-01 7.159697190358342844e-01 1.021739804834928544e-01
1.750027483186153421e-01 2.903984584154087889e-01 8.896842080440396927e-01 4.993054571689636845e-01 1.423737864823997890e-01 4.125579632782444550e-01 7.011568151808834637e-01 1.540717353727686645e-01 5.690018516554986583e-01 3.806491946088328970e-01 5.876246070787263243e-01 4.670211602090990066e-01 1.725050024712579955e-01 3.789011856025399916e-01 3.705689422261094212e-01 7.248334795413478027e-01 0.000000000000000000e+00 3.305508084694893656e-01 8.566940666306773755e-01 1.944833108638773511e-01 1.717572632549591305e-01 6.457178137404816498e-01 1.500089945217710496e-01 2.615506392436816596e-01 8.186727251773032732e-01
3.673614761210768909e-01 1.982467602342521118e-01 5.613397761769076677e-01 1.945661564261673693e-01 1.904820326817953380e-01 3.673489721750792802e-01 5.265868497743223520e-01 4.514910476529073180e-01 3.156843586744081387e-01 1.145640054888240333e-01 2.833234150173321586e-01 1.545014211865873011e-01 4.997074869412769793e-01 6.529056365646926929e-01 6.099416371277662785e-01 4.143618839390384445e-01 3.305508084694893656e-01 0.000000000000000000e+00 5.332003921820080983e-01 5.247595956122043104e-01 4.825157135316409107e-01 3.515744779416881682e-01 4.644776140686719956e-01 3.135457511281670717e-01 4.999944812406144079e-01
8.386980551211330459e-01 6.129450699461287400e-01 7.016105884522537417e-02 3.608520077125599856e-01 7.143796420415432502e-01 6.613850444694711062e-01 7.329799327418331512e-01 9.529560129105850708e-01 5.274751386106819595e-01 4.816879813386552578e-01 2.798374278831333162e-01 3.899202728884819669e-01 1.028732841574625745e+00 1.181928506725017369e+00 1.131542674083348743e+00 1.529557715870649703e-01 8.566940666306773755e-01 5.332003921820080983e-01 0.000000000000000000e+00 1.050451983657699317e+00 9.885734672236977660e-01 2.482739842917195405e-01 9.966604561143884711e-01 8.147655941905873611e-01 5.408162437932347716e-02
2.754957422660703203e-01 4.660789709378198586e-01 1.084118635329902380e+00 6.917211440389628985e-01 3.366596115405378620e-01 5.495230503862312821e-01 8.404398257269851680e-01 1.511817276152817024e-01 7.419087112709206178e-01 5.718927239341202728e-01 7.790690347261447490e-01 6.605546760652266647e-01 3.902550635207028412e-02 2.691630210753007679e-01 3.053185130780685097e-01 9.164328777283239358e-01 1.944833108638773511e-01 5.247595956122043104e-01 1.050451983657699317e+00 0.000000000000000000e+00 1.208858907057244192e-01 8.346925600764762976e-01 9.462343407240265958e-02 3.831093373287726700e-01 1.011581500750813767e+00
1.691235095621027307e-01 3.833876391489947077e-01 1.028323486659654007e+00 6.277771842578453443e-01 2.935718458016676746e-01 4.411080417120338271e-01 8.700652590448306745e-01 3.798378773160896588e-02 7.399171973980430694e-01 5.070367063814437136e-01 7.110724661652383372e-01 6.014498229868727730e-01 1.400507772417279861e-01 3.886082826193765216e-01 4.172356500134736246e-01 8.474315256651462347e-01 1.717572632549591305e-01 4.825157135316409107e-01 9.885734672236977660e-01 1.208858907057244192e-01 0.000000000000000000e+00 7.605483477855681240e-01 1.766869754926583547e-01 4.204607221796665129e-01 9.460449942169709692e-01
6.028494872205855115e-01 3.779343507605413266e-01 3.072927213994403606e-01 1.570117784008785711e-01 5.070646762463083546e-01 4.131512561813165951e-01 7.265736442525122518e-01 7.236606291244133127e-01 4.895661388510686440e-01 2.661066755313328258e-01 7.153772987695225516e-02 1.977181993917396241e-01 8.176009804515814716e-01 9.987180588128082848e-01 9.602234662140157750e-01 9.534194687803371204e-02 6.457178137404816498e-01 3.515744779416881682e-01 2.482739842917195405e-01 8.346925600764762976e-01 7.605483477855681240e-01 0.000000000000000000e+00 7.927310986280567962e-01 6.624955948911680492e-01 1.971579145546559497e-01
2.879784810284327090e-01 4.401189541285673301e-01 1.025724791602844688e+00 6.433578113929652176e-01 2.858209528994087312e-01 5.514393447174507079e-01 7.472216230298225348e-01 1.915403297825790663e-01 6.574934941538997935e-01 5.267607093232367088e-01 7.326305423291211705e-01 6.090323139123058338e-01 5.564210119821461076e-02 2.361882513020299723e-01 2.466100440244639869e-01 8.692776836571545207e-01 1.500089945217710496e-01 4.644776140686719956e-01 9.966604561143884711e-01 9.462343407240265958e-02 1.766869754926583547e-01 7.927310986280567962e-01 0.000000000000000000e+00 2.903765459510267433e-01 9.608606421507749351e-01
4.224935200835902016e-01 4.207334220832067984e-01 8.277147043681558625e-01 5.061247985137107275e-01 2.525940552829844532e-01 5.905358960255164824e-01 4.573759663623924721e-01 4.114896524731684879e-01 3.854863246761790485e-01 4.202458781367778839e-01 5.923731052606302505e-01 4.649076619831808421e-01 3.450411981996334698e-01 3.846085216981240396e-01 3.214900446238414533e-01 7.159697190358342844e-01 2.615506392436816596e-01 3.135457511281670717e-01 8.147655941905873611e-01 3.831093373287726700e-01 4.204607221796665129e-01 6.624955948911680492e-01 2.903765459510267433e-01 0.000000000000000000e+00 7.906508558524997232e-01
7.934798382816192763e-01 5.675486141696852727e-01 1.223914894133385084e-01 3.199561151928710934e-01 6.767490266591115189e-01 6.096065863526398676e-01 7.402712272964835361e-01 9.099886328848564299e-01 5.249780838573142594e-01 4.404599019645061841e-01 2.350758187637505270e-01 3.519638571776670943e-01 9.910921087348499858e-01 1.151851386221629081e+00 1.104273911877284187e+00 1.021739804834928544e-01 8.186727251773032732e-01 4.999944812406144079e-01 5.408162437932347716e-02 1.011581500750813767e+00 9.460449942169709692e-01 1.971579145546559497e-01 9.608606421507749351e-01 7.906508558524997232e-01 0.000000000000000000e+00
