0.000000000000000000e+00 9.100299541159232453e-01 1.125304201205615390e-01 6.087047101208283850e-01 5.605782996707654453e-01 8.588135019726127195e-02 4.623177084004493897e-01 8.636736409333226616e-01 6.667498233910831296e-01 4.548796320116300085e-01 4.941196879440165612e-01 6.825812692186585817e-01 7.027059410516138804e-01 8.274108723646754759e-01 4.324820875140997778e-01 1.106702842749871740e+00 6.296048408046659439e-01 4.936298445626757792e-01 6.446575193935262238e-01 5.170359931558363709e-01 4.351892555512512639e-01 2.359579431430246232e-01 6.955893320135670965e-01 7.816583137708104090e-01 8.261032066737010737e-01
9.100299541159232453e-01 0.000000000000000000e+00 8.855830271798775799e-01 1.177906455413256781e+00 8.182301280103095875e-01 8.706291378649252399e-01 4.955384287623920136e-01 8.177213281224881003e-01 2.615008554844948097e-01 4.690112462286235573e-01 9.850283944954486559e-01 6.101438438673896236e-01 2.611947533719317649e-01 1.143009590582499263e-01 4.803927495954379290e-01 8.455820031579872609e-01 4.115647441040473642e-01 8.882425359712338153e-01 4.532657777036340208e-01 1.070798022835681262e+00 4.748622781571094631e-01 7.775604101381631272e-01 2.964850168336145009e-01 1.047854987477243371e+00 4.086549217767814213e-01
1.125304201205615390e-01 8.855830271798775799e-01 0.000000000000000000e+00 7.206758925096646839e-01 6.466905479334716933e-01 1.830883730011797494e-01 4.811566269208232272e-01 9.382932628270893582e-01 6.586467834734178739e-01 4.571497416900681121e-01 5.996045797322576698e-01 7.389779154206924661e-01 7.026337846905106321e-01 8.138390560328687684e-01 4.250823494251543821e-01 1.170775895014426915e+00 6.528007297318303426e-01 5.899334684624084613e-01 6.765623498314190520e-01 6.272236297050949316e-01 4.175264860446598059e-01 1.415116306536959856e-01 7.022136636048411651e-01 8.809936538286442520e-01 8.540674804669914355e-01
6.087047101208283850e-01 1.177906455413256781e+00 7.206758925096646839e-01 0.000000000000000000e+00 3.778833434152508164e-01 5.452329514636284902e-01 7.041818304845642862e-01 6.105029549670570876e-01 9.241530823399416450e-01 7.581056088460085274e-01 1.933492971292656015e-01 6.265382929537870460e-01 9.168295788177281969e-01 1.065744973872750689e+00 7.770694550869542416e-01 8.691319820840552879e-01 7.698204557942120996e-01 2.904869206661921388e-01 7.377481008107611427e-01 1.126846350295596655e-01 8.086687665619071153e-01 8.204155506794951203e-01 8.837114163517321153e-01 3.317715452541043497e-01 8.725369828398870098e-01
5.605782996707654453e-01 8.182301280103095875e-01 6.466905479334716933e-01 3.778833434152508164e-01 0.000000000000000000e+00 4.747666860879578565e-01 3.901966009581900874e-01 3.166611589321423614e-01 5.775393526024631408e-01 4.574424796882421429e-01 2.038527542178586172e-01 2.497191252954816254e-01 5.586416056138109321e-01 7.042192669144050621e-01 4.915320557709182414e-01 5.789318040819703137e-01 4.067360774281579827e-01 1.081610684211298662e-01 3.675627775562784749e-01 2.885815762463515011e-01 5.297218054577640389e-01 6.843240772484696643e-01 5.217706026801504082e-01 2.719386179844038853e-01 4.946916809653447711e-01
8.588135019726127195e-02 8.706291378649252399e-01 1.830883730011797494e-01 5.452329514636284902e-01 4.747666860879578565e-01 0.000000000000000000e+00 4.019475881331449618e-01 7.782202406410457796e-01 6.191399526505173556e-01 4.052738509341182738e-01 4.165760447996966209e-01 6.015748636566600194e-01 6.494335708187031209e-01 7.813830976094645608e-01 3.902993283048655782e-01 1.022815549876136432e+00 5.637025987132197047e-01 4.097902324362718285e-01 5.740864466060451310e-01 4.473224713593337842e-01 4.001934548336100739e-01 2.769794570698843605e-01 6.383129485250673696e-01 6.994419090927153082e-01 7.560597150343212336e-01
4.623177084004493897e-01 4.955384287623920136e-01 4.811566269208232272e-01 7.041818304845642862e-01 3.901966009581900874e-01 4.019475881331449618e-01 0.000000000000000000e+00 5.598895042000940903e-01 2.340811828580872389e-01 7.039493146431322068e-02 5.120577468519491582e-01 3.158829816333766360e-01 2.515232587547299725e-01 3.934927407642972996e-01 1.135762568571249131e-01 7.403798406689441336e-01 1.717014038809811793e-01 4.259964430017023074e-01 2.011070073611855302e-01 5.928244803704894039e-01 1.524929837960392609e-01 4.344076644843116175e-01 2.367081188266258185e-01 6.588237202238441670e-01 3.734268370088790756e-01
8.636736409333226616e-01 8.177213281224881003e-01 9.382932628270893582e-01 6.105029549670570876e-01 3.166611589321423614e-01 7.782202406410457796e-01 5.598895042000940903e-01 0.000000000000000000e+00 6.453299654560984422e-01 6.282711016036478524e-01 4.910236795692555778e-01 2.485654428925368198e-01 5.985221817647170539e-01 7.102786497909079344e-01 6.733497331034686839e-01 2.667959294799365777e-01 4.677542662254757788e-01 4.164193516533536976e-01 4.122842554257952763e-01 5.587607690874947242e-01 7.118774672202148324e-01 9.497934205412772446e-01 5.567535528032458991e-01 3.145006612584964056e-01 4.127269367270916534e-01
6.667498233910831296e-01 2.615008554844948097e-01 6.586467834734178739e-01 9.241530823399416450e-01 5.775393526024631408e-01 6.191399526505173556e-01 2.340811828580872389e-01 6.453299654560984422e-01 0.000000000000000000e+00 2.138664626210987629e-01 7.308051026825181928e-01 4.064879932259971573e-01 6.311432664507574120e-02 1.624247495769718663e-01 2.352483025509196635e-01 7.489634777505803642e-01 1.829975112437279283e-01 6.370121226307468021e-01 2.366074307288306700e-01 8.151422350450389098e-01 2.419639678079560097e-01 5.714682395710191098e-01 9.619295794923406195e-02 8.265243571350281426e-01 2.988130336728807013e-01
4.548796320116300085e-01 4.690112462286235573e-01 4.571497416900681121e-01 7.581056088460085274e-01 4.574424796882421429e-01 4.052738509341182738e-01 7.039493146431322068e-02 6.282711016036478524e-01 2.138664626210987629e-01 0.000000000000000000e+00 5.679768164513090412e-01 3.824256642421250407e-01 2.481629590952571796e-01 3.761680992703475557e-01 4.688655918139971596e-02 8.008749349002937112e-01 2.119055032426840068e-01 4.865173325283882466e-01 2.523387240558132572e-01 6.458328311143317624e-01 8.380130656583460735e-02 3.921181730425165601e-01 2.450773732938984761e-01 7.273571092216228884e-01 4.111484548572470477e-01
4.941196879440165612e-01 9.850283944954486559e-01 5.996045797322576698e-01 1.933492971292656015e-01 2.038527542178586172e-01 4.165760447996966209e-01 5.120577468519491582e-01 4.910236795692555778e-01 7.308051026825181928e-01 5.679768164513090412e-01 0.000000000000000000e+00 4.516377950823031173e-01 7.241042895569754778e-01 8.732181413445760931e-01 5.895512649135682404e-01 7.577901485556328698e-01 5.783228896861681845e-01 1.018437646619670123e-01 5.486157269761917643e-01 8.788198993903981182e-02 6.227582464644715321e-01 6.772379576129082812e-01 6.915949934858435233e-01 2.984009327614040030e-01 6.926610007277176351e-01
6.825812692186585817e-01 6.101438438673896236e-01 7.389779154206924661e-01 6.265382929537870460e-01 2.497191252954816254e-01 6.015748636566600194e-01 3.158829816333766360e-01 2.485654428925368198e-01 4.064879932259971573e-01 3.824256642421250407e-01 4.516377950823031173e-01 0.000000000000000000e+00 3.671920660614788612e-01 4.970210442859180344e-01 4.283597258984231937e-01 4.346698140123497756e-01 2.243630822697758320e-01 3.512273354096361877e-01 1.698850554691758996e-01 5.377646888148203130e-01 4.662268037441601454e-01 7.281947266480965908e-01 3.256444315211393103e-01 4.387759431344765426e-01 2.474865222314705238e-01
7.027059410516138804e-01 2.611947533719317649e-01 7.026337846905106321e-01 9.168295788177281969e-01 5.586416056138109321e-01 6.494335708187031209e-01 2.515232587547299725e-01 5.985221817647170539e-01 6.311432664507574120e-02 2.481629590952571796e-01 7.241042895569754778e-01 3.671920660614788612e-01 0.000000000000000000e+00 1.493946210970749366e-01 2.776485929746422276e-01 6.899302817287360501e-01 1.525575673895951112e-01 6.270526751298569623e-01 2.000992784415859538e-01 8.101775558172210623e-01 2.907237783056690894e-01 6.228306950036633927e-01 4.189090294403938902e-02 7.973262313347379004e-01 2.370685199102827989e-01
8.274108723646754759e-01 1.143009590582499263e-01 8.138390560328687684e-01 1.065744973872750689e+00 7.042192669144050621e-01 7.813830976094645608e-01 3.934927407642972996e-01 7.102786497909079344e-01 1.624247495769718663e-01 3.761680992703475557e-01 8.732181413445760931e-01 4.970210442859180344e-01 1.493946210970749366e-01 0.000000000000000000e+00 3.949564884605106241e-01 7.572873206804267010e-01 2.977590519566308269e-01 7.756751956231203726e-01 3.389671752856875386e-01 9.594490611016510684e-01 3.966243888075497992e-01 7.172397385717019791e-01 1.827283176364175865e-01 9.340893007335770992e-01 3.077378406409433387e-01
4.324820875140997778e-01 4.803927495954379290e-01 4.250823494251543821e-01 7.770694550869542416e-01 4.915320557709182414e-01 3.902993283048655782e-01 1.135762568571249131e-01 6.733497331034686839e-01 2.352483025509196635e-01 4.688655918139971596e-02 5.895512649135682404e-01 4.283597258984231937e-01 2.776485929746422276e-01 3.949564884605106241e-01 0.000000000000000000e+00 8.477614763663101627e-01 2.570241139136565933e-01 5.128951409922984928e-01 2.988397792177305834e-01 6.644198177216105172e-01 3.931169009411334542e-02 3.512367196712030126e-01 2.799916972732106601e-01 7.628202543888684684e-01 4.544237530561904825e-01
1.106702842749871740e+00 8.455820031579872609e-01 1.170775895014426915e+00 8.691319820840552879e-01 5.789318040819703137e-01 1.022815549876136432e+00 7.403798406689441336e-01 2.667959294799365777e-01 7.489634777505803642e-01 8.008749349002937112e-01 7.577901485556328698e-01 4.346698140123497756e-01 6.899302817287360501e-01 7.572873206804267010e-01 8.477614763663101627e-01 0.000000000000000000e+00 6.021236790538895267e-01 6.817339970452568343e-01 5.521599744703521440e-01 8.241374129925540526e-01 8.829251602149902345e-01 1.162554361919121426e+00 6.527829065673571574e-01 5.519297654051626978e-01 4.565190908828582472e-01
6.296048408046659439e-01 4.115647441040473642e-01 6.528007297318303426e-01 7.698204557942120996e-01 4.067360774281579827e-01 5.637025987132197047e-01 1.717014038809811793e-01 4.677542662254757788e-01 1.829975112437279283e-01 2.119055032426840068e-01 5.783228896861681845e-01 2.243630822697758320e-01 1.525575673895951112e-01 2.977590519566308269e-01 2.570241139136565933e-01 6.021236790538895267e-01 0.000000000000000000e+00 4.793536268058959382e-01 5.547245370712253210e-02 6.653966719156706455e-01 2.876535800489771755e-01 6.018592731554434083e-01 1.150832997111047307e-01 6.460501351042591267e-01 2.019791188433794071e-01
4.936298445626757792e-01 8.882425359712338153e-01 5.899334684624084613e-01 2.904869206661921388e-01 1.081610684211298662e-01 4.097902324362718285e-01 4.259964430017023074e-01 4.164193516533536976e-01 6.370121226307468021e-01 4.865173325283882466e-01 1.018437646619670123e-01 3.512273354096361877e-01 6.270526751298569623e-01 7.756751956231203726e-01 5.128951409922984928e-01 6.817339970452568343e-01 4.793536268058959382e-01 0.000000000000000000e+00 4.478785581467490950e-01 1.896076676454491738e-01 5.483923622382853580e-01 6.478051550779414525e-01 5.934103797967368310e-01 2.920855438194170928e-01 5.909514867651700643e-01
6.446575193935262238e-01 4.532657777036340208e-01 6.765623498314190520e-01 7.377481008107611427e-01 3.675627775562784749e-01 5.740864466060451310e-01 2.011070073611855302e-01 4.122842554257952763e-01 2.366074307288306700e-01 2.523387240558132572e-01 5.486157269761917643e-01 1.698850554691758996e-01 2.000992784415859538e-01 3.389671752856875386e-01 2.988397792177305834e-01 5.521599744703521440e-01 5.547245370712253210e-02 4.478785581467490950e-01 0.000000000000000000e+00 6.363500307428338054e-01 3.321771858953627143e-01 6.355087324833207374e-01 1.596436687084356598e-01 5.975230871302046332e-01 1.819757298979231552e-01
5.170359931558363709e-01 1.070798022835681262e+00 6.272236297050949316e-01 1.126846350295596655e-01 2.885815762463515011e-01 4.473224713593337842e-01 5.928244803704894039e-01 5.587607690874947242e-01 8.151422350450389098e-01 6.458328311143317624e-01 8.788198993903981182e-02 5.377646888148203130e-01 8.101775558172210623e-01 9.594490611016510684e-01 6.644198177216105172e-01 8.241374129925540526e-01 6.653966719156706455e-01 1.896076676454491738e-01 6.363500307428338054e-01 0.000000000000000000e+00 6.959868599915249865e-01 7.188390940293670761e-01 7.782467131074018996e-01 3.244951960326931117e-01 7.799987571999079661e-01
4.351892555512512639e-01 4.748622781571094631e-01 4.175264860446598059e-01 8.086687665619071153e-01 5.297218054577640389e-01 4.001934548336100739e-01 1.524929837960392609e-01 7.118774672202148324e-01 2.419639678079560097e-01 8.380130656583460735e-02 6.227582464644715321e-01 4.662268037441601454e-01 2.907237783056690894e-01 3.966243888075497992e-01 3.931169009411334542e-02 8.829251602149902345e-01 2.876535800489771755e-01 5.483923622382853580e-01 3.321771858953627143e-01 6.959868599915249865e-01 0.000000000000000000e+00 3.322873071589690919e-01 2.982965566043405681e-01 8.012458625520958444e-01 4.812948061880979456e-01
2.359579431430246232e-01 7.775604101381631272e-01 1.415116306536959856e-01 8.204155506794951203e-01 6.843240772484696643e-01 2.769794570698843605e-01 4.344076644843116175e-01 9.497934205412772446e-01 5.714682395710191098e-01 3.921181730425165601e-01 6.772379576129082812e-01 7.281947266480965908e-01 6.228306950036633927e-01 7.172397385717019791e-01 3.512367196712030126e-01 1.162554361919121426e+00 6.018592731554434083e-01 6.478051550779414525e-01 6.355087324833207374e-01 7.188390940293670761e-01 3.322873071589690919e-01 0.000000000000000000e+00 6.299218758297711052e-01 9.387428358384934945e-01 8.028406679074052699e-01
6.955893320135670965e-01 2.964850168336145009e-01 7.022136636048411651e-01 8.837114163517321153e-01 5.217706026801504082e-01 6.383129485250673696e-01 2.367081188266258185e-01 5.567535528032458991e-01 9.619295794923406195e-02 2.450773732938984761e-01 6.915949934858435233e-01 3.256444315211393103e-01 4.189090294403938902e-02 1.827283176364175865e-01 2.799916972732106601e-01 6.527829065673571574e-01 1.150832997111047307e-01 5.934103797967368310e-01 1.596436687084356598e-01 7.782467131074018996e-01 2.982965566043405681e-01 6.299218758297711052e-01 0.000000000000000000e+00 7.571664972679507111e-01 2.041200249745516726e-01
7.816583137708104090e-01 1.047854987477243371e+00 8.809936538286442520e-01 3.317715452541043497e-01 2.719386179844038853e-01 6.994419090927153082e-01 6.588237202238441670e-01 3.145006612584964056e-01 8.265243571350281426e-01 7.273571092216228884e-01 2.984009327614040030e-01 4.387759431344765426e-01 7.973262313347379004e-01 9.340893007335770992e-01 7.628202543888684684e-01 5.519297654051626978e-01 6.460501351042591267e-01 2.920855438194170928e-01 5.975230871302046332e-01 3.244951960326931117e-01 8.012458625520958444e-01 9.387428358384934945e-01 7.571664972679507111e-01 0.000000000000000000e+00 6.737658282607029703e-01
8.261032066737010737e-01 4.086549217767814213e-01 8.540674804669914355e-01 8.725369828398870098e-01 4.946916809653447711e-01 7.560597150343212336e-01 3.734268370088790756e-01 4.127269367270916534e-01 2.988130336728807013e-01 4.111484548572470477e-01 6.926610007277176351e-01 2.474865222314705238e-01 2.370685199102827989e-01 3.077378406409433387e-01 4.544237530561904825e-01 4.565190908828582472e-01 2.019791188433794071e-01 5.909514867651700643e-01 1.819757298979231552e-01 7.799987571999079661e-01 4.812948061880979456e-01 8.028406679074052699e-01 2.041200249745516726e-01 6.737658282607029703e-01 0.000000000000000000e+00
