0.000000000000000000e+00 6.820018602873431091e-01 8.685092758727707141e-01 2.998853738597902496e-01 5.740102639713444699e-01 3.000830580347317936e-02 4.157437215245406992e-01 7.743126966219034957e-01 2.462659427659646127e-01 4.763136943500112519e-01 4.271326975207899723e-01 6.308509920390310555e-01 5.252801936984471398e-01 1.252842088358145090e-01 2.151393850502560656e-01 2.237828211711757886e-01 2.180165666186420770e-01 3.951701814653842959e-01 4.399056572979003765e-01 5.565909511346163185e-01 5.891995787355878145e-01 1.040121791652014238e+00 3.226587849573294142e-01 5.880066117694161543e-01 7.672175935583098738e-01 7.188232176247602023e-01 8.434653105969251996e-01 2.285990650779929356e-01 8.772908350965665791e-01 6.695622678001509342e-01
6.820018602873431091e-01 0.000000000000000000e+00 3.194021289065537283e-01 3.832896248361314928e-01 2.322154227495114853e-01 7.119329901430647700e-01 2.725912965804943577e-01 6.760301002818587257e-01 8.355847664588064161e-01 6.199453847596578804e-01 3.274969817901872693e-01 4.580961986022766830e-01 2.503511660960413554e-01 7.104164111308093332e-01 6.952011612690487397e-01 6.130240608929072854e-01 8.670444485225358155e-01 6.031914733998099409e-01 2.467146176548410119e-01 6.880425383441893805e-01 3.423507742721779157e-01 3.634516705131528025e-01 3.878475261527596918e-01 6.689489353557228624e-01 1.261627023078966681e-01 6.571454157975676891e-01 2.690841720076249666e-01 6.678148578754734555e-01 2.293729997926642339e-01 3.453199360318355282e-01
8.685092758727707141e-01 3.194021289065537283e-01 0.000000000000000000e+00 5.852511536615151444e-01 2.945595836054309413e-01 8.960892613105176929e-01 4.730852742143953904e-01 5.085368018648723787e-01 9.487683786067689917e-01 9.239111918178878335e-01 4.422215794835732683e-01 3.615735816182514273e-01 5.593592989021900497e-01 8.527096453354013894e-01 9.435911670003797047e-01 8.670478295765732257e-01 1.007116638171298373e+00 6.332076268381210404e-01 5.017678899672775028e-01 6.381672776337404818e-01 3.097185089194942065e-01 3.040600598062386251e-01 6.422961144525966004e-01 9.828239743599255229e-01 1.987135719344219065e-01 5.168096239927624236e-01 5.254792937503021122e-01 7.696937203770265468e-01 4.271082471279091242e-01 6.628308566107767863e-01
2.998853738597902496e-01 3.832896248361314928e-01 5.852511536615151444e-01 0.000000000000000000e+00 2.950479659108500852e-01 3.296283266859779126e-01 1.168714706394882730e-01 6.306526734395797584e-01 4.667295238068038810e-01 4.455104700303471610e-01 1.701923599754474603e-01 4.300973302130317588e-01 2.737352325532751429e-01 3.334252491562757492e-01 3.638546105933309072e-01 2.945382333790433904e-01 4.870548308125070003e-01 3.454663938320565730e-01 1.506306076586613474e-01 4.971374004122685042e-01 3.469516260831059795e-01 7.402479207645961123e-01 1.192748873132861848e-01 5.450399394237680495e-01 4.682903723841519428e-01 5.845456294672112252e-01 5.712542006964737018e-01 3.194064986384372307e-01 5.884776090840784235e-01 4.504715274833899219e-01
5.740102639713444699e-01 2.322154227495114853e-01 2.945595836054309413e-01 2.950479659108500852e-01 0.000000000000000000e+00 6.017256636929160241e-01 1.912670989983750180e-01 4.577841848284633919e-01 6.699182698720579365e-01 6.837259751969938515e-01 1.492316180185643548e-01 2.335541777441230704e-01 3.580054392263141150e-01 5.639421238333839348e-01 6.580830272317932383e-01 5.853548118353072427e-01 7.205375316752083981e-01 3.892102877415512530e-01 2.474392352354420899e-01 4.573242268795211229e-01 1.147103388571183852e-01 5.062563774804408334e-01 3.701683496752557478e-01 7.621951426751113479e-01 2.347861292180644932e-01 4.322755725555532669e-01 4.999352372827580160e-01 4.920299960131529482e-01 4.565997016757998850e-01 5.181235637346023326e-01
3.000830580347317936e-02 7.119329901430647700e-01 8.960892613105176929e-01 3.296283266859779126e-01 6.017256636929160241e-01 0.000000000000000000e+00 4.452841480024155030e-01 7.901538872515009304e-01 2.303302540290309564e-01 4.930721924151948987e-01 4.542585463864374784e-01 6.524835207365904388e-01 5.543744893954294373e-01 1.224907992173993737e-01 2.221711550095127052e-01 2.407730751526940827e-01 1.933117897064081658e-01 4.084500226140581058e-01 4.699114116782586170e-01 5.671686196038604466e-01 6.142135985183263536e-01 1.069815675865021465e+00 3.518853074293699090e-01 6.040713761223995837e-01 7.966385134651964295e-01 7.342526007178625802e-01 8.728278017289005097e-01 2.351883571212816382e-01 9.072006876657341401e-01 6.967912774411866295e-01
4.157437215245406992e-01 2.725912965804943577e-01 4.730852742143953904e-01 1.168714706394882730e-01 1.912670989983750180e-01 4.452841480024155030e-01 0.000000000000000000e+00 5.886563761905077019e-01 5.645515223034539565e-01 5.015022868351931562e-01 1.155089097042821256e-01 3.709397284199340561e-01 2.304727616698508119e-01 4.378381163017356914e-01 4.707469794929714513e-01 3.957076156285381230e-01 5.945161124651286988e-01 3.760143667980515025e-01 8.732320866117924962e-02 5.034013170091495848e-01 2.681311222595879062e-01 6.248291912697013784e-01 1.794887783744943399e-01 5.883497813671201282e-01 3.516366021179117562e-01 5.496300092344947874e-01 4.866475419144024039e-01 4.019510243909824587e-01 4.884430284869195615e-01 4.123670829668771298e-01
7.743126966219034957e-01 6.760301002818587257e-01 5.085368018648723787e-01 6.306526734395797584e-01 4.577841848284633919e-01 7.901538872515009304e-01 5.886563761905077019e-01 0.000000000000000000e+00 7.107375899332980529e-01 1.075560161582800989e+00 4.761058537776963195e-01 2.251853641933114769e-01 8.040264966477336239e-01 6.882698363403275676e-01 9.480154557605975363e-01 9.004081490948003808e-01 7.994393378873971834e-01 3.844444252610529356e-01 6.714762012447607065e-01 2.557048734509526078e-01 3.435769767050075307e-01 8.125341980193200309e-01 7.454441532835923701e-01 1.171278105475387354e+00 6.208969682596263695e-01 5.700675558672360643e-02 9.433297891031292570e-01 5.686101620249561783e-01 8.770911446256027810e-01 9.735642903954522254e-01
2.462659427659646127e-01 8.355847664588064161e-01 9.487683786067689917e-01 4.667295238068038810e-01 6.699182698720579365e-01 2.303302540290309564e-01 5.645515223034539565e-01 7.107375899332980529e-01 0.000000000000000000e+00 7.224099693714015613e-01 5.250760063673838296e-01 6.372899724382938835e-01 7.305875621992101721e-01 1.395766167993676699e-01 4.501784903349870803e-01 4.698029703240159671e-01 9.522908934098317513e-02 3.431842735399481259e-01 6.173167216383778078e-01 4.587089233535998622e-01 6.415789397987303744e-01 1.171495762883835612e+00 5.331961331454460051e-01 8.338613603834297283e-01 8.944362088208859252e-01 6.540370707416813811e-01 1.037740234507126269e+00 1.791139999218759604e-01 1.052096773914204864e+00 8.921380930290263578e-01
4.763136943500112519e-01 6.199453847596578804e-01 9.239111918178878335e-01 4.455104700303471610e-01 6.837259751969938515e-01 4.930721924151948987e-01 5.015022868351931562e-01 1.075560161582800989e+00 7.224099693714015613e-01 0.000000000000000000e+00 6.038812122880139466e-01 8.679406892982519661e-01 3.695950752117996840e-01 5.954434353087560972e-01 2.901441026897311204e-01 2.526073173276325856e-01 6.798856784031713785e-01 7.675847319607029817e-01 4.366899794660734635e-01 9.303417335246910724e-01 7.696109647591048430e-01 9.513149236542597365e-01 3.305594456666208214e-01 1.123608981296424919e-01 7.448952404778576009e-01 1.030035564451365238e+00 6.118026891791361610e-01 6.649970609850782699e-01 7.009932061291913596e-01 3.676055209035461457e-01
4.271326975207899723e-01 3.274969817901872693e-01 4.422215794835732683e-01 1.701923599754474603e-01 1.492316180185643548e-01 4.542585463864374784e-01 1.155089097042821256e-01 4.761058537776963195e-01 5.250760063673838296e-01 6.038812122880139466e-01 0.000000000000000000e+00 2.641563319603048021e-01 3.440407901591798767e-01 4.151625022710221380e-01 5.299376818449420545e-01 4.638602917147167659e-01 5.722179572858876462e-01 2.795144687162402497e-01 2.023329652175458460e-01 3.922710865346576425e-01 1.771078748581840223e-01 6.465564043229349300e-01 2.738286508052485413e-01 6.961581717788211110e-01 3.698640069106516326e-01 4.353629754071144387e-01 5.729548717877412933e-01 3.494525025822708408e-01 5.558124577641938568e-01 5.245101485363458105e-01
6.308509920390310555e-01 4.580961986022766830e-01 3.615735816182514273e-01 4.300973302130317588e-01 2.335541777441230704e-01 6.524835207365904388e-01 3.709397284199340561e-01 2.251853641933114769e-01 6.372899724382938835e-01 8.679406892982519661e-01 2.641563319603048021e-01 0.000000000000000000e+00 5.799541148483583486e-01 5.731931120999498308e-01 7.748482070432457514e-01 7.166937983278764968e-01 7.120127824426016883e-01 2.970296906568705153e-01 4.505836398641966944e-01 2.766460430605101051e-01 1.188793540089761874e-01 6.506888191717986603e-01 5.379744172269955715e-01 9.586627251279802309e-01 4.206365619703029690e-01 1.993882805213259279e-01 7.270806205148488965e-01 4.661979515646617056e-01 6.702189571812593449e-01 7.483883223902488835e-01
5.252801936984471398e-01 2.503511660960413554e-01 5.593592989021900497e-01 2.737352325532751429e-01 3.580054392263141150e-01 5.543744893954294373e-01 2.304727616698508119e-01 8.040264966477336239e-01 7.305875621992101721e-01 3.695950752117996840e-01 3.440407901591798767e-01 5.799541148483583486e-01 0.000000000000000000e+00 5.924207672340612296e-01 4.788607446556061298e-01 3.962735635430499892e-01 7.359607592469533666e-01 6.014289616376580216e-01 1.436332745006101974e-01 7.338478550924629751e-01 4.649675041233020667e-01 5.931899308503053581e-01 2.027188692862946229e-01 4.236262998136280933e-01 3.755169185168738544e-01 7.698955322211098462e-01 3.194617206440818480e-01 5.927355720612553780e-01 3.708134438710009584e-01 1.825149619519291222e-01
1.252842088358145090e-01 7.104164111308093332e-01 8.527096453354013894e-01 3.334252491562757492e-01 5.639421238333839348e-01 1.224907992173993737e-01 4.378381163017356914e-01 6.882698363403275676e-01 1.395766167993676699e-01 5.954434353087560972e-01 4.151625022710221380e-01 5.731931120999498308e-01 5.924207672340612296e-01 0.000000000000000000e+00 3.403462361134346192e-01 3.445956394561334180e-01 1.578978795787231437e-01 3.038438521259768654e-01 4.837458378434530970e-01 4.544088261862874178e-01 5.543499572198320458e-01 1.055869703253171421e+00 3.938951203313714178e-01 7.076935467923514134e-01 7.787915376869354311e-01 6.315601347339429017e-01 9.023604000868473696e-01 1.207268787222270240e-01 9.216398963523328991e-01 7.526043003142652843e-01
2.151393850502560656e-01 6.952011612690487397e-01 9.435911670003797047e-01 3.638546105933309072e-01 6.580830272317932383e-01 2.221711550095127052e-01 4.707469794929714513e-01 9.480154557605975363e-01 4.501784903349870803e-01 2.901441026897311204e-01 5.299376818449420545e-01 7.748482070432457514e-01 4.788607446556061298e-01 3.403462361134346192e-01 0.000000000000000000e+00 8.297787108149756730e-02 3.956731778407394096e-01 5.859729487990887886e-01 4.532242774898691540e-01 7.521631592064175198e-01 7.064816775480248223e-01 1.057437441425230995e+00 3.086580645944883017e-01 3.956586041383351460e-01 8.035705758674289712e-01 8.951242533225807207e-01 7.892185092983391437e-01 4.378265291716558205e-01 8.496713392416375132e-01 5.735911394467512192e-01
2.237828211711757886e-01 6.130240608929072854e-01 8.670478295765732257e-01 2.945382333790433904e-01 5.853548118353072427e-01 2.407730751526940827e-01 3.957076156285381230e-01 9.004081490948003808e-01 4.698029703240159671e-01 2.526073173276325856e-01 4.638602917147167659e-01 7.166937983278764968e-01 3.962735635430499892e-01 3.445956394561334180e-01 8.297787108149756730e-02 0.000000000000000000e+00 4.301772117636470938e-01 5.530751568864934464e-01 3.726048069335566870e-01 7.197726209591590596e-01 6.409628729956323712e-01 9.748729526840878012e-01 2.279118416036603201e-01 3.642268022856207654e-01 7.227588510490677853e-01 8.492950024117901231e-01 7.083045348418898213e-01 4.245416341820273942e-01 7.670702143520693461e-01 4.977383249273680255e-01
2.180165666186420770e-01 8.670444485225358155e-01 1.007116638171298373e+00 4.870548308125070003e-01 7.205375316752083981e-01 1.933117897064081658e-01 5.945161124651286988e-01 7.994393378873971834e-01 9.522908934098317513e-02 6.798856784031713785e-01 5.722179572858876462e-01 7.120127824426016883e-01 7.359607592469533666e-01 1.578978795787231437e-01 3.956731778407394096e-01 4.301772117636470938e-01 0.000000000000000000e+00 4.240984522286463942e-01 6.360669124310988076e-01 5.499107678537683563e-01 7.047501607319482941e-01 1.213761039150785592e+00 5.338492903604046269e-01 7.890363146848827780e-01 9.366890420740954237e-01 7.425203722384664529e-01 1.050810566300040660e+00 2.458772137229090493e-01 1.075310564712311789e+00 8.863894326209231789e-01
3.951701814653842959e-01 6.031914733998099409e-01 6.332076268381210404e-01 3.454663938320565730e-01 3.892102877415512530e-01 4.084500226140581058e-01 3.760143667980515025e-01 3.844444252610529356e-01 3.431842735399481259e-01 7.675847319607029817e-01 2.795144687162402497e-01 2.970296906568705153e-01 6.014289616376580216e-01 3.038438521259768654e-01 5.859729487990887886e-01 5.530751568864934464e-01 4.240984522286463942e-01 0.000000000000000000e+00 4.590368302337826112e-01 1.667891932967193458e-01 3.249379149147946788e-01 8.906708969393690722e-01 4.617529714572222166e-01 8.748285879227525319e-01 6.238502638095368980e-01 3.278013759292997542e-01 8.523846709473781313e-01 1.847766427358187580e-01 8.325257915147056265e-01 7.837330915974928258e-01
4.399056572979003765e-01 2.467146176548410119e-01 5.017678899672775028e-01 1.506306076586613474e-01 2.474392352354420899e-01 4.699114116782586170e-01 8.732320866117924962e-02 6.714762012447607065e-01 6.173167216383778078e-01 4.366899794660734635e-01 2.023329652175458460e-01 4.505836398641966944e-01 1.436332745006101974e-01 4.837458378434530970e-01 4.532242774898691540e-01 3.726048069335566870e-01 6.360669124310988076e-01 4.590368302337826112e-01 0.000000000000000000e+00 5.903432106684507463e-01 3.414247119259393171e-01 6.099271256996254831e-01 1.447079999430126440e-01 5.155491612738096752e-01 3.503465592374306881e-01 6.341723259040247251e-01 4.211409260709227942e-01 4.656773535076991211e-01 4.394750104422872616e-01 3.260037803444146287e-01
5.565909511346163185e-01 6.880425383441893805e-01 6.381672776337404818e-01 4.971374004122685042e-01 4.573242268795211229e-01 5.671686196038604466e-01 5.034013170091495848e-01 2.557048734509526078e-01 4.587089233535998622e-01 9.303417335246910724e-01 3.922710865346576425e-01 2.766460430605101051e-01 7.338478550924629751e-01 4.544088261862874178e-01 7.521631592064175198e-01 7.197726209591590596e-01 5.499107678537683563e-01 1.667891932967193458e-01 5.903432106684507463e-01 0.000000000000000000e+00 3.598566157912329588e-01 9.245792399456960187e-01 6.160025346202827601e-01 1.035997133907614831e+00 6.792860674509801910e-01 2.007131803125643266e-01 9.515419818946663222e-01 3.340215847202397392e-01 9.139186850193063982e-01 9.156624613123698353e-01
5.891995787355878145e-01 3.423507742721779157e-01 3.097185089194942065e-01 3.469516260831059795e-01 1.147103388571183852e-01 6.142135985183263536e-01 2.681311222595879062e-01 3.435769767050075307e-01 6.415789397987303744e-01 7.696109647591048430e-01 1.771078748581840223e-01 1.188793540089761874e-01 4.649675041233020667e-01 5.543499572198320458e-01 7.064816775480248223e-01 6.409628729956323712e-01 7.047501607319482941e-01 3.249379149147946788e-01 3.414247119259393171e-01 3.598566157912329588e-01 0.000000000000000000e+00 5.714358597849424903e-01 4.438342937613661277e-01 8.552568380264401471e-01 3.194828623646195909e-01 3.176530083987331721e-01 6.113469424552664400e-01 4.630646193803845678e-01 5.603290935850948618e-01 6.305656035402715798e-01
1.040121791652014238e+00 3.634516705131528025e-01 3.040600598062386251e-01 7.402479207645961123e-01 5.062563774804408334e-01 1.069815675865021465e+00 6.248291912697013784e-01 8.125341980193200309e-01 1.171495762883835612e+00 9.513149236542597365e-01 6.465564043229349300e-01 6.506888191717986603e-01 5.931899308503053581e-01 1.055869703253171421e+00 1.057437441425230995e+00 9.748729526840878012e-01 1.213761039150785592e+00 8.906708969393690722e-01 6.099271256996254831e-01 9.245792399456960187e-01 5.714358597849424903e-01 0.000000000000000000e+00 7.510977954915925014e-01 9.773222914782433435e-01 2.772972009490285439e-01 8.191068637276711639e-01 3.875368901601168314e-01 9.957085852077122157e-01 2.725877915970694176e-01 6.106043998712322729e-01
3.226587849573294142e-01 3.878475261527596918e-01 6.422961144525966004e-01 1.192748873132861848e-01 3.701683496752557478e-01 3.518853074293699090e-01 1.794887783744943399e-01 7.454441532835923701e-01 5.331961331454460051e-01 3.305594456666208214e-01 2.738286508052485413e-01 5.379744172269955715e-01 2.027188692862946229e-01 3.938951203313714178e-01 3.086580645944883017e-01 2.279118416036603201e-01 5.338492903604046269e-01 4.617529714572222166e-01 1.447079999430126440e-01 6.160025346202827601e-01 4.438342937613661277e-01 7.510977954915925014e-01 0.000000000000000000e+00 4.269705520794464526e-01 4.949921777104717147e-01 7.008694803036462639e-01 5.210055018262284010e-01 4.103027833319145556e-01 5.608488060854402990e-01 3.595887425923562364e-01
5.880066117694161543e-01 6.689489353557228624e-01 9.828239743599255229e-01 5.450399394237680495e-01 7.621951426751113479e-01 6.040713761223995837e-01 5.883497813671201282e-01 1.171278105475387354e+00 8.338613603834297283e-01 1.123608981296424919e-01 6.961581717788211110e-01 9.586627251279802309e-01 4.236262998136280933e-01 7.076935467923514134e-01 3.956586041383351460e-01 3.642268022856207654e-01 7.890363146848827780e-01 8.748285879227525319e-01 5.155491612738096752e-01 1.035997133907614831e+00 8.552568380264401471e-01 9.773222914782433435e-01 4.269705520794464526e-01 0.000000000000000000e+00 7.951103263227551343e-01 1.127602139896796363e+00 6.143613824311674465e-01 7.767919317125031586e-01 7.148325760135251228e-01 3.704507206305712175e-01
7.672175935583098738e-01 1.261627023078966681e-01 1.987135719344219065e-01 4.682903723841519428e-01 2.347861292180644932e-01 7.966385134651964295e-01 3.516366021179117562e-01 6.208969682596263695e-01 8.944362088208859252e-01 7.448952404778576009e-01 3.698640069106516326e-01 4.206365619703029690e-01 3.755169185168738544e-01 7.787915376869354311e-01 8.035705758674289712e-01 7.227588510490677853e-01 9.366890420740954237e-01 6.238502638095368980e-01 3.503465592374306881e-01 6.792860674509801910e-01 3.194828623646195909e-01 2.772972009490285439e-01 4.949921777104717147e-01 7.951103263227551343e-01 0.000000000000000000e+00 6.119935852890819872e-01 3.389403906049882065e-01 7.192988370424595601e-01 2.572729750565468376e-01 4.647647090761912181e-01
7.188232176247602023e-01 6.571454157975676891e-01 5.168096239927624236e-01 5.845456294672112252e-01 4.322755725555532669e-01 7.342526007178625802e-01 5.496300092344947874e-01 5.700675558672360643e-02 6.540370707416813811e-01 1.030035564451365238e+00 4.353629754071144387e-01 1.993882805213259279e-01 7.698955322211098462e-01 6.315601347339429017e-01 8.951242533225807207e-01 8.492950024117901231e-01 7.425203722384664529e-01 3.278013759292997542e-01 6.341723259040247251e-01 2.007131803125643266e-01 3.176530083987331721e-01 8.191068637276711639e-01 7.008694803036462639e-01 1.127602139896796363e+00 6.119935852890819872e-01 0.000000000000000000e+00 9.259356841804561311e-01 5.117685137751400992e-01 8.656374332592390308e-01 9.428337372027517649e-01
8.434653105969251996e-01 2.690841720076249666e-01 5.254792937503021122e-01 5.712542006964737018e-01 4.999352372827580160e-01 8.728278017289005097e-01 4.866475419144024039e-01 9.433297891031292570e-01 1.037740234507126269e+00 6.118026891791361610e-01 5.729548717877412933e-01 7.270806205148488965e-01 3.194617206440818480e-01 9.023604000868473696e-01 7.892185092983391437e-01 7.083045348418898213e-01 1.050810566300040660e+00 8.523846709473781313e-01 4.211409260709227942e-01 9.515419818946663222e-01 6.113469424552664400e-01 3.875368901601168314e-01 5.210055018262284010e-01 6.143613824311674465e-01 3.389403906049882065e-01 9.259356841804561311e-01 0.000000000000000000e+00 8.856608945786280662e-01 1.160006892756320351e-01 2.457779046419562019e-01
2.285990650779929356e-01 6.678148578754734555e-01 7.696937203770265468e-01 3.194064986384372307e-01 4.920299960131529482e-01 2.351883571212816382e-01 4.019510243909824587e-01 5.686101620249561783e-01 1.791139999218759604e-01 6.649970609850782699e-01 3.494525025822708408e-01 4.661979515646617056e-01 5.927355720612553780e-01 1.207268787222270240e-01 4.378265291716558205e-01 4.245416341820273942e-01 2.458772137229090493e-01 1.847766427358187580e-01 4.656773535076991211e-01 3.340215847202397392e-01 4.630646193803845678e-01 9.957085852077122157e-01 4.103027833319145556e-01 7.767919317125031586e-01 7.192988370424595601e-01 5.117685137751400992e-01 8.856608945786280662e-01 0.000000000000000000e+00 8.897732059126280957e-01 7.659897390516724469e-01
8.772908350965665791e-01 2.293729997926642339e-01 4.271082471279091242e-01 5.884776090840784235e-01 4.565997016757998850e-01 9.072006876657341401e-01 4.884430284869195615e-01 8.770911446256027810e-01 1.052096773914204864e+00 7.009932061291913596e-01 5.558124577641938568e-01 6.702189571812593449e-01 3.708134438710009584e-01 9.216398963523328991e-01 8.496713392416375132e-01 7.670702143520693461e-01 1.075310564712311789e+00 8.325257915147056265e-01 4.394750104422872616e-01 9.139186850193063982e-01 5.603290935850948618e-01 2.725877915970694176e-01 5.608488060854402990e-01 7.148325760135251228e-01 2.572729750565468376e-01 8.656374332592390308e-01 1.160006892756320351e-01 8.897732059126280957e-01 0.000000000000000000e+00 3.446055253086623416e-01
6.695622678001509342e-01 3.453199360318355282e-01 6.628308566107767863e-01 4.504715274833899219e-01 5.181235637346023326e-01 6.967912774411866295e-01 4.123670829668771298e-01 9.735642903954522254e-01 8.921380930290263578e-01 3.676055209035461457e-01 5.245101485363458105e-01 7.483883223902488835e-01 1.825149619519291222e-01 7.526043003142652843e-01 5.735911394467512192e-01 4.977383249273680255e-01 8.863894326209231789e-01 7.837330915974928258e-01 3.260037803444146287e-01 9.156624613123698353e-01 6.305656035402715798e-01 6.106043998712322729e-01 3.595887425923562364e-01 3.704507206305712175e-01 4.647647090761912181e-01 9.428337372027517649e-01 2.457779046419562019e-01 7.659897390516724469e-01 3.446055253086623416e-01 0.000000000000000000e+00
