0.000000000000000000e+00 1.401258571207796566e-01 6.781274774111160086e-01 3.967541702559297945e-01 9.645539117762412795e-01 2.025471913203220342e-01 4.354512590697713903e-01 7.444567768559803289e-01 7.297808588904529659e-01 6.564045352764534824e-01 4.109148387226878030e-01 8.968525466342307517e-01 5.818794288238099410e-01 6.512022929783251035e-01 5.531748471409808632e-01 7.723298439371631963e-01 1.696427383930333987e-01 6.418833361267505255e-01 2.858028892692217604e-01 3.838025014205354024e-01 4.066658527766891518e-01 8.221882087810670203e-01 5.119943267884964344e-01 9.295054636693445005e-01 5.063616938936331691e-01 2.684060014300394120e-02 7.330290574665067060e-01 6.217606676269995525e-01 5.397487311271477184e-01 9.073330267126853421e-01
1.401258571207796566e-01 0.000000000000000000e+00 8.181353594671387786e-01 5.152017431138742332e-01 1.030366917478567679e+00 3.377464076126149850e-01 3.915833617698879499e-01 7.406953802149982558e-01 7.724166711032132149e-01 7.964101088780789484e-01 5.484287757315026157e-01 9.572591084754219493e-01 6.098965693344767791e-01 6.614915027103873690e-01 5.633714035161864198e-01 7.894483464153725372e-01 2.847387933677614780e-01 7.430981183626679254e-01 2.234111491411242822e-01 3.327170440441730714e-01 4.039446171837118293e-01 8.316995188479856527e-01 6.238874786056682886e-01 9.222061172189992551e-01 6.125096860442820201e-01 1.241673348021738177e-01 8.356786617922925542e-01 6.943951419071323627e-01 5.425691238656816795e-01 9.818719360329603019e-01
6.781274774111160086e-01 8.181353594671387786e-01 0.000000000000000000e+00 4.524294809971497466e-01 9.508435682473032058e-01 4.968427861006889379e-01 9.713153235024091225e-01 1.086816753308692540e+00 9.062358059960271550e-01 2.172624387392537576e-02 3.023664289215151069e-01 9.320076223349929023e-01 8.760010546395722297e-01 9.763845461855465979e-01 9.162452777568715900e-01 1.034021925281288112e+00 5.816043091176803514e-01 5.641036450368996924e-01 8.963579759073220243e-01 9.481790228146153021e-01 8.690328000353304549e-01 1.097710707691539778e+00 4.724448558377749574e-01 1.241150331506648330e+00 5.090734909364369454e-01 6.969133240695850606e-01 5.883275124538926981e-01 7.165182444573880982e-01 9.295929543556963326e-01 8.637106085383946530e-01
3.967541702559297945e-01 5.152017431138742332e-01 4.524294809971497466e-01 0.000000000000000000e+00 6.430725427828569707e-01 2.126302214993580630e-01 5.352773403901393001e-01 6.423295875918704212e-01 4.970442970659864068e-01 4.348663936696077759e-01 1.721579640564965541e-01 5.935330546173485100e-01 4.311375019468069447e-01 5.309542440785836037e-01 4.647833915299105501e-01 6.052040686400131930e-01 2.309332023150002799e-01 2.621614353027176825e-01 4.992663829489293326e-01 5.232327156600693474e-01 4.240023919936318220e-01 6.681248582834489191e-01 1.197646523039117145e-01 8.075355998040703032e-01 1.274987682532327804e-01 3.993743989518959703e-01 3.471083110324253429e-01 3.218975457722594857e-01 4.772380969454869670e-01 5.690962085601944942e-01
9.645539117762412795e-01 1.030366917478567679e+00 9.508435682473032058e-01 6.430725427828569707e-01 0.000000000000000000e+00 8.360926506115167189e-01 7.739322006805384735e-01 5.079224476545556310e-01 2.918006232566681124e-01 9.441150093918251329e-01 7.872343306681026665e-01 8.187203724794658855e-02 4.595734318682865305e-01 4.779489398815466861e-01 5.379190986911313033e-01 3.879864339421405517e-01 8.060443689564880110e-01 4.032284192552604840e-01 8.792905572997741226e-01 8.141237677944920259e-01 6.757463954021672992e-01 4.161806007727549273e-01 5.393605095290516793e-01 5.185367581750944810e-01 5.180247158904512927e-01 9.537055475234017532e-01 3.625162429835004363e-01 3.433517801943433145e-01 5.712268407672734805e-01 8.762099917479761191e-02
2.025471913203220342e-01 3.377464076126149850e-01 4.968427861006889379e-01 2.126302214993580630e-01 8.360926506115167189e-01 0.000000000000000000e+00 5.035976655656233536e-01 7.267690044540915384e-01 6.445933492570139478e-01 4.754553565237246704e-01 2.112962285443396038e-01 7.780413656897037233e-01 5.304542641708575035e-01 6.198102273863789202e-01 5.314976770005931384e-01 7.224925322660484817e-01 9.205214149633705878e-02 4.730134529222644324e-01 4.031958236452010680e-01 4.689894431670402208e-01 4.258744466487650593e-01 7.807587552875432380e-01 3.323752883807559733e-01 9.075527976664415908e-01 3.360153820326129970e-01 2.137413155847069091e-01 5.595677334790625235e-01 4.975443064493862422e-01 5.304045332026018356e-01 7.681517374074325888e-01
4.354512590697713903e-01 3.915833617698879499e-01 9.713153235024091225e-01 5.352773403901393001e-01 7.739322006805384735e-01 5.035976655656233536e-01 0.000000000000000000e+00 3.685918354328716062e-01 4.837219778035356521e-01 9.514870932688068716e-01 6.691465137119761986e-01 6.926729319951306918e-01 3.145716987580146617e-01 3.180261934244930644e-01 2.371999982640854987e-01 4.457322893340430192e-01 4.116773946034534282e-01 6.359652791332328636e-01 1.686478289402308650e-01 5.990255471794494330e-02 1.221831796092429784e-01 4.729506059976036902e-01 5.849224289085099837e-01 5.410269038699084820e-01 5.537912092951161602e-01 4.094309696600936244e-01 7.187590365775494705e-01 5.011979300879402244e-01 2.050139655112624970e-01 7.536181410249268575e-01
7.444567768559803289e-01 7.406953802149982558e-01 1.086816753308692540e+00 6.423295875918704212e-01 5.079224476545556310e-01 7.267690044540915384e-01 3.685918354328716062e-01 0.000000000000000000e+00 2.498912658157131927e-01 1.071155956373870177e+00 8.126502306730654102e-01 4.302186228191097750e-01 2.113861351490793905e-01 1.114176490342642240e-01 1.961860687532023806e-01 1.199360139205482567e-01 6.494448767231906228e-01 5.826377335111869726e-01 5.281524581307071031e-01 4.264480590949103478e-01 3.400826945125759448e-01 1.126355847107958080e-01 6.196208727633129021e-01 1.851258546959517748e-01 5.820316496988173771e-01 7.223848668771453152e-01 6.295903869285872645e-01 4.031759896723468017e-01 2.048341529211137046e-01 5.256915054602331328e-01
7.297808588904529659e-01 7.724166711032132149e-01 9.062358059960271550e-01 4.970442970659864068e-01 2.918006232566681124e-01 6.445933492570139478e-01 4.837219778035356521e-01 2.498912658157131927e-01 0.000000000000000000e+00 8.934721192119611244e-01 6.667196458619327748e-01 2.099916251081895835e-01 1.718692059589160548e-01 1.905491918464582990e-01 2.467853162938314360e-01 1.458477500185138831e-01 5.905863457781915793e-01 3.598028053864889553e-01 6.001121474910617870e-01 5.266580235400172283e-01 3.924364317354551157e-01 2.043483716677621798e-01 4.356768344832689932e-01 3.471636569948018392e-01 4.008072325015280546e-01 7.141699261466283311e-01 3.903304681300164281e-01 1.897940498310549673e-01 2.798200058142391033e-01 2.869124819593917297e-01
6.564045352764534824e-01 7.964101088780789484e-01 2.172624387392537576e-02 4.348663936696077759e-01 9.441150093918251329e-01 4.754553565237246704e-01 9.514870932688068716e-01 1.071155956373870177e+00 8.934721192119611244e-01 0.000000000000000000e+00 2.823616183333171881e-01 9.235538664796258956e-01 8.601257317078089271e-01 9.605192993789680722e-01 8.992032910883168695e-01 1.019987878805834969e+00 5.605232369834539652e-01 5.543716690908611078e-01 8.753481882481884968e-01 9.278686445863202348e-01 8.499168779736909762e-01 1.083686435310621476e+00 4.587568628072759558e-01 1.226869002794316543e+00 4.950659434127235858e-01 6.752098216859394597e-01 5.817285604912399988e-01 7.039196435196677371e-01 9.121031093412299562e-01 8.572166030625580913e-01
4.109148387226878030e-01 5.484287757315026157e-01 3.023664289215151069e-01 1.721579640564965541e-01 7.872343306681026665e-01 2.112962285443396038e-01 6.691465137119761986e-01 8.126502306730654102e-01 6.667196458619327748e-01 2.823616183333171881e-01 0.000000000000000000e+00 7.462993397993863409e-01 6.019598656443665430e-01 7.012386147399325420e-01 6.306306612878215256e-01 7.773389437933143631e-01 2.859267179288602079e-01 3.863771447747093024e-01 5.979524429857754342e-01 6.459813577125448347e-01 5.691076926206940501e-01 8.402822250353559896e-01 2.486751627272300313e-01 9.795263201081280124e-01 2.751725963442746559e-01 4.242622959373070768e-01 4.526633812189693185e-01 4.859784132458920269e-01 6.401136680388057609e-01 7.071869422170220520e-01
8.968525466342307517e-01 9.572591084754219493e-01 9.320076223349929023e-01 5.935330546173485100e-01 8.187203724794658855e-02 7.780413656897037233e-01 6.926729319951306918e-01 4.302186228191097750e-01 2.099916251081895835e-01 9.235538664796258956e-01 7.462993397993863409e-01 0.000000000000000000e+00 3.786092512897290541e-01 3.963604259833726773e-01 4.563485580410147069e-01 3.105351281163096777e-01 7.420651958633504020e-01 3.715200276978690708e-01 8.008179453723606178e-01 7.335897705777999489e-01 5.960428768556624846e-01 3.437227157981395664e-01 4.977511766763966783e-01 4.564058712931369777e-01 4.723850227859397455e-01 8.848184007283279584e-01 3.492826922855982175e-01 2.807003661288324237e-01 4.895863932510173822e-01 1.090946166740194706e-01
5.818794288238099410e-01 6.098965693344767791e-01 8.760010546395722297e-01 4.311375019468069447e-01 4.595734318682865305e-01 5.304542641708575035e-01 3.145716987580146617e-01 2.113861351490793905e-01 1.718692059589160548e-01 8.601257317078089271e-01 6.019598656443665430e-01 3.786092512897290541e-01 0.000000000000000000e+00 1.003937470006246446e-01 8.316783540979087730e-02 1.935704289226565233e-01 4.614932123088766325e-01 3.948213229499670240e-01 4.290863906228876146e-01 3.552548558295707815e-01 2.208552095221425482e-01 2.503251059400969925e-01 4.118964282054566328e-01 3.808865759468600398e-01 3.742998464538829229e-01 5.635202868043808211e-01 4.579620713526034170e-01 2.228929745668511431e-01 1.165937587151447269e-01 4.409152961976153251e-01
6.512022929783251035e-01 6.614915027103873690e-01 9.763845461855465979e-01 5.309542440785836037e-01 4.779489398815466861e-01 6.198102273863789202e-01 3.180261934244930644e-01 1.114176490342642240e-01 1.905491918464582990e-01 9.605192993789680722e-01 7.012386147399325420e-01 3.963604259833726773e-01 1.003937470006246446e-01 0.000000000000000000e+00 9.873471884152507094e-02 1.299549873454536875e-01 5.454198204108283710e-01 4.844754491303436827e-01 4.609037342706882590e-01 3.697778042731800774e-01 2.578751402155850525e-01 1.714189499917112003e-01 5.112275484145518689e-01 2.877491133248726851e-01 4.736043367415213590e-01 6.306023479488146455e-01 5.396811932542696644e-01 3.068102258288109008e-01 1.202703556116478389e-01 4.774201162823026867e-01
5.531748471409808632e-01 5.633714035161864198e-01 9.162452777568715900e-01 4.647833915299105501e-01 5.379190986911313033e-01 5.314976770005931384e-01 2.371999982640854987e-01 1.961860687532023806e-01 2.467853162938314360e-01 8.992032910883168695e-01 6.306306612878215256e-01 4.563485580410147069e-01 8.316783540979087730e-02 9.873471884152507094e-02 0.000000000000000000e+00 2.262534066467115357e-01 4.532724560542583658e-01 4.658042161691325345e-01 3.670773725295625733e-01 2.829300573737413282e-01 1.607519529403127756e-01 2.701246465405618413e-01 4.646460892961562505e-01 3.800881363015399805e-01 4.277073005279353746e-01 5.322752112116327927e-01 5.343542915079284583e-01 3.005775630680789234e-01 3.371405421461797641e-02 5.229401417239838423e-01
7.723298439371631963e-01 7.894483464153725372e-01 1.034021925281288112e+00 6.052040686400131930e-01 3.879864339421405517e-01 7.224925322660484817e-01 4.457322893340430192e-01 1.199360139205482567e-01 1.458477500185138831e-01 1.019987878805834969e+00 7.773389437933143631e-01 3.105351281163096777e-01 1.935704289226565233e-01 1.299549873454536875e-01 2.262534066467115357e-01 0.000000000000000000e+00 6.550252383328301065e-01 5.011616952604778241e-01 5.908493559539397255e-01 4.988831674466437938e-01 3.868251482061693669e-01 6.369867782184167326e-02 5.616272778566930857e-01 2.076983624692072261e-01 5.249714969278930221e-01 7.528936060265531971e-01 5.359845657887939430e-01 3.247588088986169685e-01 2.501260973843862923e-01 4.078906312967906511e-01
1.696427383930333987e-01 2.847387933677614780e-01 5.816043091176803514e-01 2.309332023150002799e-01 8.060443689564880110e-01 9.205214149633705878e-02 4.116773946034534282e-01 6.494448767231906228e-01 5.905863457781915793e-01 5.605232369834539652e-01 2.859267179288602079e-01 7.420651958633504020e-01 4.614932123088766325e-01 5.454198204108283710e-01 4.532724560542583658e-01 6.550252383328301065e-01 0.000000000000000000e+00 4.723016265455369789e-01 3.149318189552787195e-01 3.770935911073415303e-01 3.375203422859816560e-01 7.108765517539841206e-01 3.433561083891273902e-01 8.324865826331639962e-01 3.367516358694490064e-01 1.691583443742984416e-01 5.633866487236275367e-01 4.628476737023222709e-01 4.490337379827575304e-01 7.447027087879918295e-01
6.418833361267505255e-01 7.430981183626679254e-01 5.641036450368996924e-01 2.621614353027176825e-01 4.032284192552604840e-01 4.730134529222644324e-01 6.359652791332328636e-01 5.826377335111869726e-01 3.598028053864889553e-01 5.543716690908611078e-01 3.863771447747093024e-01 3.715200276978690708e-01 3.948213229499670240e-01 4.844754491303436827e-01 4.658042161691325345e-01 5.011616952604778241e-01 4.723016265455369789e-01 0.000000000000000000e+00 6.653154934783975794e-01 6.482293606419791132e-01 5.139156938167680488e-01 5.627166611872495006e-01 1.449000157368056096e-01 7.065701958383933112e-01 1.373346769516181343e-01 6.392180340194560939e-01 9.271163484096919816e-02 1.794872995408700878e-01 4.929741796867461723e-01 3.212301851338419945e-01
2.858028892692217604e-01 2.234111491411242822e-01 8.963579759073220243e-01 4.992663829489293326e-01 8.792905572997741226e-01 4.031958236452010680e-01 1.686478289402308650e-01 5.281524581307071031e-01 6.001121474910617870e-01 8.753481882481884968e-01 5.979524429857754342e-01 8.008179453723606178e-01 4.290863906228876146e-01 4.609037342706882590e-01 3.670773725295625733e-01 5.908493559539397255e-01 3.149318189552787195e-01 6.653154934783975794e-01 0.000000000000000000e+00 1.093553306529450042e-01 2.085961827450993067e-01 6.262681980997442110e-01 5.794587598367095804e-01 7.057851838694455537e-01 5.558975834422197337e-01 2.589678088969766812e-01 7.556411683862991335e-01 5.678210635443435850e-01 3.407822376457418367e-01 8.449333478636993355e-01
3.838025014205354024e-01 3.327170440441730714e-01 9.481790228146153021e-01 5.232327156600693474e-01 8.141237677944920259e-01 4.689894431670402208e-01 5.990255471794494330e-02 4.264480590949103478e-01 5.266580235400172283e-01 9.278686445863202348e-01 6.459813577125448347e-01 7.335897705777999489e-01 3.552548558295707815e-01 3.697778042731800774e-01 2.829300573737413282e-01 4.988831674466437938e-01 3.770935911073415303e-01 6.482293606419791132e-01 1.093553306529450042e-01 0.000000000000000000e+00 1.422818602804495625e-01 5.289674822815840782e-01 5.842472816229141719e-01 6.004641069452310020e-01 5.555077769541595378e-01 3.573581467349996599e-01 7.342780383031538571e-01 5.258690953544030711e-01 2.526730732712016425e-01 7.887787622606918791e-01
4.066658527766891518e-01 4.039446171837118293e-01 8.690328000353304549e-01 4.240023919936318220e-01 6.757463954021672992e-01 4.258744466487650593e-01 1.221831796092429784e-01 3.400826945125759448e-01 3.924364317354551157e-01 8.499168779736909762e-01 5.691076926206940501e-01 5.960428768556624846e-01 2.208552095221425482e-01 2.578751402155850525e-01 1.607519529403127756e-01 3.868251482061693669e-01 3.375203422859816560e-01 5.139156938167680488e-01 2.085961827450993067e-01 1.422818602804495625e-01 0.000000000000000000e+00 4.277569049238864052e-01 4.652490597840749365e-01 5.243746636152255558e-01 4.332196853140524162e-01 3.836519375763932649e-01 5.973669858571359903e-01 3.840999430966245409e-01 1.386427951036794393e-01 6.475228825663159604e-01
8.221882087810670203e-01 8.316995188479856527e-01 1.097710707691539778e+00 6.681248582834489191e-01 4.161806007727549273e-01 7.807587552875432380e-01 4.729506059976036902e-01 1.126355847107958080e-01 2.043483716677621798e-01 1.083686435310621476e+00 8.402822250353559896e-01 3.437227157981395664e-01 2.503251059400969925e-01 1.714189499917112003e-01 2.701246465405618413e-01 6.369867782184167326e-02 7.108765517539841206e-01 5.627166611872495006e-01 6.262681980997442110e-01 5.289674822815840782e-01 4.277569049238864052e-01 0.000000000000000000e+00 6.253047939619683637e-01 1.444520990082225897e-01 5.886663629969677292e-01 8.018316726028466013e-01 5.941861771499817868e-01 3.874582605445703876e-01 2.891354750589704703e-01 4.470104531107383372e-01
5.119943267884964344e-01 6.238874786056682886e-01 4.724448558377749574e-01 1.197646523039117145e-01 5.393605095290516793e-01 3.323752883807559733e-01 5.849224289085099837e-01 6.196208727633129021e-01 4.356768344832689932e-01 4.587568628072759558e-01 2.486751627272300313e-01 4.977511766763966783e-01 4.118964282054566328e-01 5.112275484145518689e-01 4.646460892961562505e-01 5.616272778566930857e-01 3.433561083891273902e-01 1.449000157368056096e-01 5.794587598367095804e-01 5.842472816229141719e-01 4.652490597840749365e-01 6.253047939619683637e-01 0.000000000000000000e+00 7.689309708530832621e-01 3.762360131403060665e-02 5.124775113331400123e-01 2.274168059879128900e-01 2.473122967339266287e-01 4.845710831704629351e-01 4.610033809825562767e-01
9.295054636693445005e-01 9.222061172189992551e-01 1.241150331506648330e+00 8.075355998040703032e-01 5.185367581750944810e-01 9.075527976664415908e-01 5.410269038699084820e-01 1.851258546959517748e-01 3.471636569948018392e-01 1.226869002794316543e+00 9.795263201081280124e-01 4.564058712931369777e-01 3.808865759468600398e-01 2.877491133248726851e-01 3.800881363015399805e-01 2.076983624692072261e-01 8.324865826331639962e-01 7.065701958383933112e-01 7.057851838694455537e-01 6.004641069452310020e-01 5.243746636152255558e-01 1.444520990082225897e-01 7.689309708530832621e-01 0.000000000000000000e+00 7.320967407220897449e-01 9.073030620187918505e-01 7.349287534229616004e-01 5.318911624764521839e-01 3.899597305366523381e-01 5.645526635234433543e-01
5.063616938936331691e-01 6.125096860442820201e-01 5.090734909364369454e-01 1.274987682532327804e-01 5.180247158904512927e-01 3.360153820326129970e-01 5.537912092951161602e-01 5.820316496988173771e-01 4.008072325015280546e-01 4.950659434127235858e-01 2.751725963442746559e-01 4.723850227859397455e-01 3.742998464538829229e-01 4.736043367415213590e-01 4.277073005279353746e-01 5.249714969278930221e-01 3.367516358694490064e-01 1.373346769516181343e-01 5.558975834422197337e-01 5.555077769541595378e-01 4.332196853140524162e-01 5.886663629969677292e-01 3.762360131403060665e-02 7.320967407220897449e-01 0.000000000000000000e+00 5.048918078022863742e-01 2.268342313502211549e-01 2.138602519538663482e-01 4.481205356788225402e-01 4.423909637456300836e-01
2.684060014300394120e-02 1.241673348021738177e-01 6.969133240695850606e-01 3.993743989518959703e-01 9.537055475234017532e-01 2.137413155847069091e-01 4.094309696600936244e-01 7.223848668771453152e-01 7.141699261466283311e-01 6.752098216859394597e-01 4.242622959373070768e-01 8.848184007283279584e-01 5.635202868043808211e-01 6.306023479488146455e-01 5.322752112116327927e-01 7.528936060265531971e-01 1.691583443742984416e-01 6.392180340194560939e-01 2.589678088969766812e-01 3.573581467349996599e-01 3.836519375763932649e-01 8.018316726028466013e-01 5.124775113331400123e-01 9.073030620187918505e-01 5.048918078022863742e-01 0.000000000000000000e+00 7.309566580235640210e-01 6.117186852643895500e-01 5.179180220043284599e-01 8.982825107059163594e-01
7.330290574665067060e-01 8.356786617922925542e-01 5.883275124538926981e-01 3.471083110324253429e-01 3.625162429835004363e-01 5.595677334790625235e-01 7.187590365775494705e-01 6.295903869285872645e-01 3.903304681300164281e-01 5.817285604912399988e-01 4.526633812189693185e-01 3.492826922855982175e-01 4.579620713526034170e-01 5.396811932542696644e-01 5.343542915079284583e-01 5.359845657887939430e-01 5.633866487236275367e-01 9.271163484096919816e-02 7.556411683862991335e-01 7.342780383031538571e-01 5.973669858571359903e-01 5.941861771499817868e-01 2.274168059879128900e-01 7.349287534229616004e-01 2.268342313502211549e-01 7.309566580235640210e-01 0.000000000000000000e+00 2.351124698905701638e-01 5.637081856535194335e-01 2.754883748183580283e-01
6.217606676269995525e-01 6.943951419071323627e-01 7.165182444573880982e-01 3.218975457722594857e-01 3.433517801943433145e-01 4.975443064493862422e-01 5.011979300879402244e-01 4.031759896723468017e-01 1.897940498310549673e-01 7.039196435196677371e-01 4.859784132458920269e-01 2.807003661288324237e-01 2.228929745668511431e-01 3.068102258288109008e-01 3.005775630680789234e-01 3.247588088986169685e-01 4.628476737023222709e-01 1.794872995408700878e-01 5.678210635443435850e-01 5.258690953544030711e-01 3.840999430966245409e-01 3.874582605445703876e-01 2.473122967339266287e-01 5.318911624764521839e-01 2.138602519538663482e-01 6.117186852643895500e-01 2.351124698905701638e-01 0.000000000000000000e+00 3.310286409594533352e-01 2.876245041418586945e-01
5.397487311271477184e-01 5.425691238656816795e-01 9.295929543556963326e-01 4.772380969454869670e-01 5.712268407672734805e-01 5.304045332026018356e-01 2.050139655112624970e-01 2.048341529211137046e-01 2.798200058142391033e-01 9.121031093412299562e-01 6.401136680388057609e-01 4.895863932510173822e-01 1.165937587151447269e-01 1.202703556116478389e-01 3.371405421461797641e-02 2.501260973843862923e-01 4.490337379827575304e-01 4.929741796867461723e-01 3.407822376457418367e-01 2.526730732712016425e-01 1.386427951036794393e-01 2.891354750589704703e-01 4.845710831704629351e-01 3.899597305366523381e-01 4.481205356788225402e-01 5.179180220043284599e-01 5.637081856535194335e-01 3.310286409594533352e-01 0.000000000000000000e+00 5.566540747221381258e-01
9.073330267126853421e-01 9.818719360329603019e-01 8.637106085383946530e-01 5.690962085601944942e-01 8.762099917479761191e-02 7.681517374074325888e-01 7.536181410249268575e-01 5.256915054602331328e-01 2.869124819593917297e-01 8.572166030625580913e-01 7.071869422170220520e-01 1.090946166740194706e-01 4.409152961976153251e-01 4.774201162823026867e-01 5.229401417239838423e-01 4.078906312967906511e-01 7.447027087879918295e-01 3.212301851338419945e-01 8.449333478636993355e-01 7.887787622606918791e-01 6.475228825663159604e-01 4.470104531107383372e-01 4.610033809825562767e-01 5.645526635234433543e-01 4.423909637456300836e-01 8.982825107059163594e-01 2.754883748183580283e-01 2.876245041418586945e-01 5.566540747221381258e-01 0.000000000000000000e+00
