0.000000000000000000e+00 3.212140558485513386e-01 1.840160238488657007e-01 5.064217652421376670e-01 1.973659659590684123e-01 4.970269831707451180e-01 2.741201019957020257e-01 2.939598864770601727e-01 7.665736357202529438e-01 1.086827315050132720e-01 6.861492403867575085e-01 7.410043019904346551e-01 5.709838848306956205e-01 6.049661683681716307e-01 4.187267528580793097e-01 1.607159438255011397e-01 2.972195419722523657e-01 6.618149452768058438e-01 7.787289511573631806e-01 4.491055317373376932e-01 5.057334697965137904e-01 3.778927747849836760e-01 2.029988231135764765e-01 6.221558214271928344e-01 5.928623535252115495e-01 5.094366745736690349e-01 2.763735188010386090e-01 2.816216761577307603e-01 3.899044622546726790e-01 5.956437919409368620e-01
3.212140558485513386e-01 0.000000000000000000e+00 5.029104655442547811e-01 4.510351309879767623e-01 1.903435020277789991e-01 5.515501661203005002e-01 4.507298749382232517e-01 2.970077499102400376e-01 5.093398888445000994e-01 4.284485850967200693e-01 4.474663771266168544e-01 4.504975732144151923e-01 2.508381863469840711e-01 3.153448033451133337e-01 6.571510903982362706e-01 3.070642939842312957e-01 5.924342372705584392e-01 4.173534124318913352e-01 4.932980295750115096e-01 1.295761392028827730e-01 6.258813481399044809e-01 2.834162007007052786e-01 2.741716856201841246e-01 3.214391467235667155e-01 4.566073073190572429e-01 7.009400601999220548e-01 4.258726587068321634e-01 3.727308380635557805e-01 5.957190530469468337e-01 4.490889899974692123e-01
1.840160238488657007e-01 5.029104655442547811e-01 0.000000000000000000e+00 6.406252672119751024e-01 3.526724491638142944e-01 5.852847604705113671e-01 2.743888357265411027e-01 4.418907708108926191e-01 9.147707104338277384e-01 7.534724725915450949e-02 8.608361291714257124e-01 9.236293767799004240e-01 7.535335138420330425e-01 7.880636011051376233e-01 3.130953451979269220e-01 3.003546886462651888e-01 1.440441135653360294e-01 8.380239397220141662e-01 9.389048415606960907e-01 6.317617080848308975e-01 5.548594422790134040e-01 4.995665469101727707e-01 3.184444522904573138e-01 7.917460358766295059e-01 7.460139302023038876e-01 5.052602105370496144e-01 2.984956072467961907e-01 3.969180731862349543e-01 3.949295645896097606e-01 7.515245508660641782e-01
5.064217652421376670e-01 4.510351309879767623e-01 6.406252672119751024e-01 0.000000000000000000e+00 5.582811820570294792e-01 1.780248293585376951e-01 7.691006572605778580e-01 2.139749703510010481e-01 9.198219290551331584e-01 5.816585098494806427e-01 3.480550181290439360e-01 4.979396842614547403e-01 5.270982226980575058e-01 4.205780767062765602e-01 9.238679802088264337e-01 3.486208634885640811e-01 7.815142340012986022e-01 3.460776231915728141e-01 8.721944391250525674e-01 4.671325078220963656e-01 3.000260466634916967e-01 7.206234607822032956e-01 6.309767637338400403e-01 6.994127195230745997e-01 1.402764587808011110e-01 4.440128367365940854e-01 7.614108349542588750e-01 2.448482173763640857e-01 4.076003948810930644e-01 1.557962131483897894e-01
1.973659659590684123e-01 1.903435020277789991e-01 3.526724491638142944e-01 5.582811820570294792e-01 0.000000000000000000e+00 6.075694670355378246e-01 2.606416021716566611e-01 3.566156782383120283e-01 5.700338741490993399e-01 2.855296542365193813e-01 6.300070716355260503e-01 6.407712574023572971e-01 4.285942307199208656e-01 5.056480824434785859e-01 4.672237831559543086e-01 2.825232992271379251e-01 4.167001114858657207e-01 6.009554824929906891e-01 5.872147833108947168e-01 3.132881230840247611e-01 6.486607654883624896e-01 1.917784564158416249e-01 8.540893276577138371e-02 4.400133809246192795e-01 6.019141534582987951e-01 6.827643531143818834e-01 2.372228326974621659e-01 3.940063281942731699e-01 5.654890132963895644e-01 5.985229378465292127e-01
4.970269831707451180e-01 5.515501661203005002e-01 5.852847604705113671e-01 1.780248293585376951e-01 6.075694670355378246e-01 0.000000000000000000e+00 7.711462483230935305e-01 2.586126593217825675e-01 1.049872496517483267e+00 5.424210358966281564e-01 5.259971626438585401e-01 6.746550666022372855e-01 6.790271081876555481e-01 5.891895861556168956e-01 8.916153620035252025e-01 3.409371050166808415e-01 7.292103462690069371e-01 5.239377487040974835e-01 1.013494835731741261e+00 6.002407257902664384e-01 1.231636194861867872e-01 7.903433979992695591e-01 6.648697147611494218e-01 8.373982192777045253e-01 3.140679953957218884e-01 2.728161863368542273e-01 7.717968458560868772e-01 2.185370639352055000e-01 2.634725597997809587e-01 3.310503456279428880e-01
2.741201019957020257e-01 4.507298749382232517e-01 2.743888357265411027e-01 7.691006572605778580e-01 2.606416021716566611e-01 7.711462483230935305e-01 0.000000000000000000e+00 5.553086225681788113e-01 7.169387904832769109e-01 2.600352619613671146e-01 8.879013444605143857e-01 9.006487348633114287e-01 6.796904390724364253e-01 7.660581716970508159e-01 2.128099588810926091e-01 4.327824238338774943e-01 2.356974098884823954e-01 8.594644845297958469e-01 7.645077738004311119e-01 5.699758282053792868e-01 7.746312095660116137e-01 2.965614746634955279e-01 1.769215442623230106e-01 6.512734512727008651e-01 8.377300399334870473e-01 7.572610774592791749e-01 3.619310886774956132e-02 5.550242453136763343e-01 6.397791447460559056e-01 8.371676087544726030e-01
2.939598864770601727e-01 2.970077499102400376e-01 4.418907708108926191e-01 2.139749703510010481e-01 3.566156782383120283e-01 2.586126593217825675e-01 5.553086225681788113e-01 0.000000000000000000e+00 8.034527080837799984e-01 3.768844861509512145e-01 4.394976179564675789e-01 5.416118601870270055e-01 4.660502645306210390e-01 4.222075287800182708e-01 7.125493702117681183e-01 1.418041359072625685e-01 5.780874685893712117e-01 4.223355830747240747e-01 7.770385309018974507e-01 3.665651718182379448e-01 3.297075828159967137e-01 5.337204529322396862e-01 4.230323058389024449e-01 6.006226653672674942e-01 3.042480569565030324e-01 4.204257395988238999e-01 5.484193441332132490e-01 9.349153972634029197e-02 3.316264976064493553e-01 3.096740801366527074e-01
7.665736357202529438e-01 5.093398888445000994e-01 9.147707104338277384e-01 9.198219290551331584e-01 5.700338741490993399e-01 1.049872496517483267e+00 7.169387904832769109e-01 8.034527080837799984e-01 0.000000000000000000e+00 8.530585820999103674e-01 7.390099637839810942e-01 6.151894976862339881e-01 4.132140845321963796e-01 5.644838335019356501e-01 9.105410060475853662e-01 8.079719725998958380e-01 9.425588226719906482e-01 7.110291002324213849e-01 1.029647032289891656e-01 4.531001052244998384e-01 1.133153297947926186e+00 4.240755396183782389e-01 5.974199965074771246e-01 2.247562644025160594e-01 8.712365414163424360e-01 1.209323912737948037e+00 6.807456837720389231e-01 8.820582829683611958e-01 1.101168448864026317e+00 8.566018630759766328e-01
1.086827315050132720e-01 4.284485850967200693e-01 7.534724725915450949e-02 5.816585098494806427e-01 2.855296542365193813e-01 5.424210358966281564e-01 2.600352619613671146e-01 3.768844861509512145e-01 8.530585820999103674e-01 0.000000000000000000e+00 7.884635205261223412e-01 8.486546479190713033e-01 6.788357059277070338e-01 7.129366883267578281e-01 3.494822717661819622e-01 2.352874938916376946e-01 2.012031581908270417e-01 7.651256755700714951e-01 8.727272956523340897e-01 5.570016254180015780e-01 5.265256337018722199e-01 4.454064115155396131e-01 2.626742391063707216e-01 7.218798470541271106e-01 6.808671433511397364e-01 4.977196066619984927e-01 2.762410375226292958e-01 3.417022896951050770e-01 3.812064862145843058e-01 6.854459560538395113e-01
6.861492403867575085e-01 4.474663771266168544e-01 8.608361291714257124e-01 3.480550181290439360e-01 6.300070716355260503e-01 5.259971626438585401e-01 8.879013444605143857e-01 4.394976179564675789e-01 7.390099637839810942e-01 7.884635205261223412e-01 0.000000000000000000e+00 1.673127919480000281e-01 3.331535131276781025e-01 1.773930427899804707e-01 1.083586518540910149e+00 5.688827345602026631e-01 9.833108222409723265e-01 3.142932258000240286e-02 6.618972120880284304e-01 3.644301390865873347e-01 6.479790224856198932e-01 7.173194754727076905e-01 7.154129029352024327e-01 5.201097839518517008e-01 2.174604390663945896e-01 7.889551003400068208e-01 8.669021140220245503e-01 5.218708302420843603e-01 7.369639780980772326e-01 1.989982314343165803e-01
7.410043019904346551e-01 4.504975732144151923e-01 9.236293767799004240e-01 4.979396842614547403e-01 6.407712574023572971e-01 6.746550666022372855e-01 9.006487348633114287e-01 5.416118601870270055e-01 6.151894976862339881e-01 8.486546479190713033e-01 1.673127919480000281e-01 0.000000000000000000e+00 2.499726910026832394e-01 1.369292599448256875e-01 1.107575175397915723e+00 6.520887815816590605e-01 1.031829457049760368e+00 1.562328644576439218e-01 5.277166289876897842e-01 3.338595342787812337e-01 7.936665640462050586e-01 6.829590672174856714e-01 7.237492145736623694e-01 4.123148800793078883e-01 3.782683030792176604e-01 9.269915602849083669e-01 8.744714556975594633e-01 6.322438568123792679e-01 8.619906942981340192e-01 3.595801961307535932e-01
5.709838848306956205e-01 2.508381863469840711e-01 7.535335138420330425e-01 5.270982226980575058e-01 4.285942307199208656e-01 6.790271081876555481e-01 6.796904390724364253e-01 4.660502645306210390e-01 4.132140845321963796e-01 6.788357059277070338e-01 3.331535131276781025e-01 2.499726910026832394e-01 0.000000000000000000e+00 1.557605136329992812e-01 8.914786397212134395e-01 5.299952993921418498e-01 8.411187024478824492e-01 3.033366724060775899e-01 3.496366061320149710e-01 1.218790836541387562e-01 7.803596996536716901e-01 4.379677056261958579e-01 5.049531054317869527e-01 1.895011178074142155e-01 4.611566784362920446e-01 8.859780929621545731e-01 6.501137093905851039e-01 5.578202826505322953e-01 7.955649897889031097e-01 4.456880306065427733e-01
6.049661683681716307e-01 3.153448033451133337e-01 7.880636011051376233e-01 4.205780767062765602e-01 5.056480824434785859e-01 5.891895861556168956e-01 7.660581716970508159e-01 4.222075287800182708e-01 5.644838335019356501e-01 7.129366883267578281e-01 1.773930427899804707e-01 1.369292599448256875e-01 1.557605136329992812e-01 0.000000000000000000e+00 9.717833098035100203e-01 5.226422984984052666e-01 8.949858889364904480e-01 1.477271216643574470e-01 4.922594367471393451e-01 2.057934953820447221e-01 7.020107416254685040e-01 5.612679134415423654e-01 5.893641541413664475e-01 3.434697260725952384e-01 3.281485122645153574e-01 8.253579693694247377e-01 7.407295466979202381e-01 5.150719670329091393e-01 7.504531282804671743e-01 3.108378476373142019e-01
4.187267528580793097e-01 6.571510903982362706e-01 3.130953451979269220e-01 9.238679802088264337e-01 4.672237831559543086e-01 8.916153620035252025e-01 2.128099588810926091e-01 7.125493702117681183e-01 9.105410060475853662e-01 3.494822717661819622e-01 1.083586518540910149e+00 1.107575175397915723e+00 8.914786397212134395e-01 9.717833098035100203e-01 0.000000000000000000e+00 5.754177645211778769e-01 1.808005126539918295e-01 1.056388811451168364e+00 9.664280536042629821e-01 7.797640467274529197e-01 8.677246303491177315e-01 5.011503609956931005e-01 3.867714270341818250e-01 8.617620357973390099e-01 1.010452612857017485e+00 8.134003558039903936e-01 2.453887691240816404e-01 6.892664020929767377e-01 7.066951739720327419e-01 1.012377377960908653e+00
1.607159438255011397e-01 3.070642939842312957e-01 3.003546886462651888e-01 3.486208634885640811e-01 2.825232992271379251e-01 3.409371050166808415e-01 4.327824238338774943e-01 1.418041359072625685e-01 8.079719725998958380e-01 2.352874938916376946e-01 5.688827345602026631e-01 6.520887815816590605e-01 5.299952993921418498e-01 5.226422984984052666e-01 5.754177645211778769e-01 0.000000000000000000e+00 4.364500372087132818e-01 5.485692126904998522e-01 7.995304520411554705e-01 4.142503074208352953e-01 3.671522244955579550e-01 4.736915242626781875e-01 3.278310228435017404e-01 6.284971488968496001e-01 4.460434408813682139e-01 4.064333890406573446e-01 4.314782801214255836e-01 1.227541179214282213e-01 2.938439117634034092e-01 4.512280565848686420e-01
2.972195419722523657e-01 5.924342372705584392e-01 1.440441135653360294e-01 7.815142340012986022e-01 4.167001114858657207e-01 7.292103462690069371e-01 2.356974098884823954e-01 5.780874685893712117e-01 9.425588226719906482e-01 2.012031581908270417e-01 9.833108222409723265e-01 1.031829457049760368e+00 8.411187024478824492e-01 8.949858889364904480e-01 1.808005126539918295e-01 4.364500372087132818e-01 0.000000000000000000e+00 9.587446891619397782e-01 9.812005842037728742e-01 7.215946398817982832e-01 6.951929157369541867e-01 5.184844399041276253e-01 3.560606213772676276e-01 8.505468031571997711e-01 8.820276187737980944e-01 6.337619382921257927e-01 2.701151676351338793e-01 5.391537196226843243e-01 5.294351186655218422e-01 8.864549375265703413e-01
6.618149452768058438e-01 4.173534124318913352e-01 8.380239397220141662e-01 3.460776231915728141e-01 6.009554824929906891e-01 5.239377487040974835e-01 8.594644845297958469e-01 4.223355830747240747e-01 7.110291002324213849e-01 7.651256755700714951e-01 3.142932258000240286e-02 1.562328644576439218e-01 3.033366724060775899e-01 1.477271216643574470e-01 1.056388811451168364e+00 5.485692126904998522e-01 9.587446891619397782e-01 0.000000000000000000e+00 6.354993100059446176e-01 3.330198305472677478e-01 6.448284520439494516e-01 6.861554897632222705e-01 6.863603647496745452e-01 4.910710465671756508e-01 2.221402023065280062e-01 7.830597867242921062e-01 8.380269344213465699e-01 5.071138612387847688e-01 7.267987629278734873e-01 2.034513038724644340e-01
7.787289511573631806e-01 4.932980295750115096e-01 9.389048415606960907e-01 8.721944391250525674e-01 5.872147833108947168e-01 1.013494835731741261e+00 7.645077738004311119e-01 7.770385309018974507e-01 1.029647032289891656e-01 8.727272956523340897e-01 6.618972120880284304e-01 5.277166289876897842e-01 3.496366061320149710e-01 4.922594367471393451e-01 9.664280536042629821e-01 7.995304520411554705e-01 9.812005842037728742e-01 6.354993100059446176e-01 0.000000000000000000e+00 4.136403411632446070e-01 1.104676118990932876e+00 4.679474232267749612e-01 6.277789391705705935e-01 1.766554088333445183e-01 8.106022048037854200e-01 1.192057935658752177e+00 7.286051869709325723e-01 8.611718894512594424e-01 1.088853075832215023e+00 7.948852385487413796e-01
4.491055317373376932e-01 1.295761392028827730e-01 6.317617080848308975e-01 4.671325078220963656e-01 3.132881230840247611e-01 6.002407257902664384e-01 5.699758282053792868e-01 3.665651718182379448e-01 4.531001052244998384e-01 5.570016254180015780e-01 3.644301390865873347e-01 3.338595342787812337e-01 1.218790836541387562e-01 2.057934953820447221e-01 7.797640467274529197e-01 4.142503074208352953e-01 7.215946398817982832e-01 3.330198305472677478e-01 4.136403411632446070e-01 0.000000000000000000e+00 6.917053467372278330e-01 3.561383187775949422e-01 3.933759825915210118e-01 2.372198768311608308e-01 4.327104903801180513e-01 7.859437794456687332e-01 5.424080925545693432e-01 4.546822910725211164e-01 6.893942837894789788e-01 4.206171038142000884e-01
5.057334697965137904e-01 6.258813481399044809e-01 5.548594422790134040e-01 3.000260466634916967e-01 6.486607654883624896e-01 1.231636194861867872e-01 7.746312095660116137e-01 3.297075828159967137e-01 1.133153297947926186e+00 5.265256337018722199e-01 6.479790224856198932e-01 7.936665640462050586e-01 7.803596996536716901e-01 7.020107416254685040e-01 8.677246303491177315e-01 3.671522244955579550e-01 6.951929157369541867e-01 6.448284520439494516e-01 1.104676118990932876e+00 6.917053467372278330e-01 0.000000000000000000e+00 8.383748236861724434e-01 6.936153883380167251e-01 9.280244539266603310e-01 4.371804808363115580e-01 1.531517421722815575e-01 7.810014394098830914e-01 2.587222736887688779e-01 1.788797736040839692e-01 4.540619400467623135e-01
3.778927747849836760e-01 2.834162007007052786e-01 4.995665469101727707e-01 7.206234607822032956e-01 1.917784564158416249e-01 7.903433979992695591e-01 2.965614746634955279e-01 5.337204529322396862e-01 4.240755396183782389e-01 4.454064115155396131e-01 7.173194754727076905e-01 6.829590672174856714e-01 4.379677056261958579e-01 5.612679134415423654e-01 5.011503609956931005e-01 4.736915242626781875e-01 5.184844399041276253e-01 6.861554897632222705e-01 4.679474232267749612e-01 3.561383187775949422e-01 8.383748236861724434e-01 0.000000000000000000e+00 1.827361592272018220e-01 3.648457535462838464e-01 7.393266542357533888e-01 8.742934309118638447e-01 2.606726248621104025e-01 5.815152491424327996e-01 7.566196932163494759e-01 7.322748278326659532e-01
2.029988231135764765e-01 2.741716856201841246e-01 3.184444522904573138e-01 6.309767637338400403e-01 8.540893276577138371e-02 6.648697147611494218e-01 1.769215442623230106e-01 4.230323058389024449e-01 5.974199965074771246e-01 2.626742391063707216e-01 7.154129029352024327e-01 7.237492145736623694e-01 5.049531054317869527e-01 5.893641541413664475e-01 3.867714270341818250e-01 3.278310228435017404e-01 3.560606213772676276e-01 6.863603647496745452e-01 6.277789391705705935e-01 3.933759825915210118e-01 6.936153883380167251e-01 1.827361592272018220e-01 0.000000000000000000e+00 4.948179223069671395e-01 6.824831361882340852e-01 7.106791569048442891e-01 1.519983725089496529e-01 4.471703376523620821e-01 5.913978671668306264e-01 6.798760014194679124e-01
6.221558214271928344e-01 3.214391467235667155e-01 7.917460358766295059e-01 6.994127195230745997e-01 4.400133809246192795e-01 8.373982192777045253e-01 6.512734512727008651e-01 6.006226653672674942e-01 2.247562644025160594e-01 7.218798470541271106e-01 5.201097839518517008e-01 4.123148800793078883e-01 1.895011178074142155e-01 3.434697260725952384e-01 8.617620357973390099e-01 6.284971488968496001e-01 8.505468031571997711e-01 4.910710465671756508e-01 1.766554088333445183e-01 2.372198768311608308e-01 9.280244539266603310e-01 3.648457535462838464e-01 4.948179223069671395e-01 0.000000000000000000e+00 6.465697978650742916e-01 1.016786428002616871e+00 6.169775016959069269e-01 6.855311818687631620e-01 9.151830451261964150e-01 6.318635604378052273e-01
5.928623535252115495e-01 4.566073073190572429e-01 7.460139302023038876e-01 1.402764587808011110e-01 6.019141534582987951e-01 3.140679953957218884e-01 8.377300399334870473e-01 3.042480569565030324e-01 8.712365414163424360e-01 6.808671433511397364e-01 2.174604390663945896e-01 3.782683030792176604e-01 4.611566784362920446e-01 3.281485122645153574e-01 1.010452612857017485e+00 4.460434408813682139e-01 8.820276187737980944e-01 2.221402023065280062e-01 8.106022048037854200e-01 4.327104903801180513e-01 4.371804808363115580e-01 7.393266542357533888e-01 6.824831361882340852e-01 6.465697978650742916e-01 0.000000000000000000e+00 5.836122879912981620e-01 8.246592674754754659e-01 3.626643964238567275e-01 5.466120332130227633e-01 1.868951432076152233e-02
5.094366745736690349e-01 7.009400601999220548e-01 5.052602105370496144e-01 4.440128367365940854e-01 6.827643531143818834e-01 2.728161863368542273e-01 7.572610774592791749e-01 4.204257395988238999e-01 1.209323912737948037e+00 4.977196066619984927e-01 7.889551003400068208e-01 9.269915602849083669e-01 8.859780929621545731e-01 8.253579693694247377e-01 8.134003558039903936e-01 4.064333890406573446e-01 6.337619382921257927e-01 7.830597867242921062e-01 1.192057935658752177e+00 7.859437794456687332e-01 1.531517421722815575e-01 8.742934309118638447e-01 7.106791569048442891e-01 1.016786428002616871e+00 5.836122879912981620e-01 0.000000000000000000e+00 7.705216394415588255e-01 3.315058409909643622e-01 1.195564103900420422e-01 5.997059932071870936e-01
2.763735188010386090e-01 4.258726587068321634e-01 2.984956072467961907e-01 7.614108349542588750e-01 2.372228326974621659e-01 7.717968458560868772e-01 3.619310886774956132e-02 5.484193441332132490e-01 6.807456837720389231e-01 2.762410375226292958e-01 8.669021140220245503e-01 8.744714556975594633e-01 6.501137093905851039e-01 7.407295466979202381e-01 2.453887691240816404e-01 4.314782801214255836e-01 2.701151676351338793e-01 8.380269344213465699e-01 7.286051869709325723e-01 5.424080925545693432e-01 7.810014394098830914e-01 2.606726248621104025e-01 1.519983725089496529e-01 6.169775016959069269e-01 8.246592674754754659e-01 7.705216394415588255e-01 0.000000000000000000e+00 5.542136534263708558e-01 6.521076678389445824e-01 8.233418068183910865e-01
2.816216761577307603e-01 3.727308380635557805e-01 3.969180731862349543e-01 2.448482173763640857e-01 3.940063281942731699e-01 2.185370639352055000e-01 5.550242453136763343e-01 9.349153972634029197e-02 8.820582829683611958e-01 3.417022896951050770e-01 5.218708302420843603e-01 6.322438568123792679e-01 5.578202826505322953e-01 5.150719670329091393e-01 6.892664020929767377e-01 1.227541179214282213e-01 5.391537196226843243e-01 5.071138612387847688e-01 8.611718894512594424e-01 4.546822910725211164e-01 2.587222736887688779e-01 5.815152491424327996e-01 4.471703376523620821e-01 6.855311818687631620e-01 3.626643964238567275e-01 3.315058409909643622e-01 5.542136534263708558e-01 0.000000000000000000e+00 2.383916477895011710e-01 3.717534209414500856e-01
3.899044622546726790e-01 5.957190530469468337e-01 3.949295645896097606e-01 4.076003948810930644e-01 5.654890132963895644e-01 2.634725597997809587e-01 6.397791447460559056e-01 3.316264976064493553e-01 1.101168448864026317e+00 3.812064862145843058e-01 7.369639780980772326e-01 8.619906942981340192e-01 7.955649897889031097e-01 7.504531282804671743e-01 7.066951739720327419e-01 2.938439117634034092e-01 5.294351186655218422e-01 7.267987629278734873e-01 1.088853075832215023e+00 6.893942837894789788e-01 1.788797736040839692e-01 7.566196932163494759e-01 5.913978671668306264e-01 9.151830451261964150e-01 5.466120332130227633e-01 1.195564103900420422e-01 6.521076678389445824e-01 2.383916477895011710e-01 0.000000000000000000e+00 5.605176543088463692e-01
5.956437919409368620e-01 4.490889899974692123e-01 7.515245508660641782e-01 1.557962131483897894e-01 5.985229378465292127e-01 3.310503456279428880e-01 8.371676087544726030e-01 3.096740801366527074e-01 8.566018630759766328e-01 6.854459560538395113e-01 1.989982314343165803e-01 3.595801961307535932e-01 4.456880306065427733e-01 3.108378476373142019e-01 1.012377377960908653e+00 4.512280565848686420e-01 8.864549375265703413e-01 2.034513038724644340e-01 7.948852385487413796e-01 4.206171038142000884e-01 4.540619400467623135e-01 7.322748278326659532e-01 6.798760014194679124e-01 6.318635604378052273e-01 1.868951432076152233e-02 5.997059932071870936e-01 8.233418068183910865e-01 3.717534209414500856e-01 5.605176543088463692e-01 0.000000000000000000e+00
