0.000000000000000000e+00 3.907859575754337178e-01 9.162094976112433731e-01 6.459218903451443561e-01 1.083240297796549179e+00 1.597655027384007609e-01 5.454507167567964609e-01 9.188656839074683669e-01 2.275012369697270997e-01 3.888960525130060186e-01 9.009104588793664936e-01 8.377196392000615388e-01 4.989870929920389719e-01 7.819493421509510211e-01 4.106894160383768866e-01 6.667290034777487717e-01 5.031139212545567840e-01 4.113222799939733609e-01 1.715668868767283306e-01 7.119499020381657717e-01 5.192696696030600911e-01 4.605634723330978009e-01 7.778491579349641194e-01 8.318050963897823946e-01 5.460927558882850974e-01 3.224560473720369802e-01 6.353465458921020437e-01 3.475754555980912208e-01 3.318182264481008836e-01 5.405797448929758886e-01
3.907859575754337178e-01 0.000000000000000000e+00 5.285956511518504763e-01 6.329369693358576354e-01 9.454055555940454880e-01 2.817590560278185330e-01 2.003751203443935314e-01 5.683376453996312749e-01 3.466466063407000475e-01 2.404171172758066688e-01 5.656115054455435054e-01 4.783146330638755606e-01 2.450260641682168172e-01 7.474034374439935124e-01 3.122597788584100531e-01 6.192399085960870186e-01 2.295762658947259616e-01 1.102450002659878109e-01 2.269235283673011749e-01 7.108636155261186529e-01 6.250349654800518850e-01 3.059825992284926910e-01 6.711513226772450880e-01 6.887072979970032538e-01 7.378704407394530707e-01 4.958818138650690210e-01 2.445644105931243650e-01 5.991560950823773268e-01 4.982742822647821535e-01 2.298744983342674852e-01
9.162094976112433731e-01 5.285956511518504763e-01 0.000000000000000000e+00 8.682788243030659103e-01 9.161006670222032744e-01 7.855087368185148522e-01 4.542748839427957486e-01 2.340397468972459649e-01 8.543344297276507238e-01 6.131145725461871754e-01 2.881455404424304589e-01 1.935207638967607890e-01 5.776511266107793308e-01 9.170494556439354739e-01 6.585019151638984436e-01 8.231308367486227517e-01 5.546563954182507361e-01 5.525239128219650020e-01 7.464282427210977566e-01 9.302419776044864586e-01 9.713790594788878074e-01 6.042456327040550690e-01 7.801478176334958325e-01 7.391220479590646653e-01 1.123235985568553197e+00 9.280366817675324009e-01 2.909167975989780386e-01 1.049445820880597680e+00 9.257525710040110933e-01 4.255108758766814603e-01
6.459218903451443561e-01 6.329369693358576354e-01 8.682788243030659103e-01 0.000000000000000000e+00 4.663425311969892628e-01 5.187882714469712608e-01 8.178096613043772667e-01 7.084291150863449849e-01 8.160925220611864317e-01 3.928647529244667091e-01 6.556011993337700350e-01 6.869338090427188348e-01 8.772735266889238881e-01 1.360292673901597194e-01 3.218585803829774883e-01 5.689194149426397146e-02 8.625054210423678258e-01 7.407354126240354164e-01 5.720543335579534316e-01 7.795575911929554513e-02 1.981403344371605590e-01 3.323118852989466188e-01 1.873480639875022280e-01 2.679080724280505921e-01 3.447100765182800619e-01 3.509066500765793961e-01 7.400814241518116621e-01 4.288101368169565664e-01 3.406830388044366220e-01 4.970093273809717549e-01
1.083240297796549179e+00 9.454055555940454880e-01 9.161006670222032744e-01 4.663425311969892628e-01 0.000000000000000000e+00 9.365803866633274355e-01 1.080799773304400802e+00 6.876424897251649515e-01 1.216116030106543455e+00 7.424664767912710905e-01 6.298184659757529724e-01 7.279881790302523692e-01 1.177684954282990137e+00 3.495792424805286291e-01 6.906290505326898588e-01 4.274663190229512355e-01 1.157117244176254278e+00 1.053208608214866837e+00 9.726295475666003609e-01 4.332981603962985928e-01 6.587107265364047226e-01 6.614696887267262904e-01 3.054403692573679496e-01 2.600778888826323909e-01 7.819917511692328072e-01 8.136444850004844742e-01 9.367138713519338467e-01 8.947829906953729262e-01 8.036299093907209867e-01 7.318124758074159297e-01
1.597655027384007609e-01 2.817590560278185330e-01 7.855087368185148522e-01 5.187882714469712608e-01 9.365803866633274355e-01 0.000000000000000000e+00 4.684259356616083947e-01 7.679672345795098831e-01 2.984986881084358834e-01 2.292558573758446128e-01 7.468098256445829808e-01 6.903831331059834264e-01 4.592461523926579248e-01 6.532063214332350931e-01 2.535289289531260648e-01 5.311828726129386169e-01 4.555938564864920881e-01 3.405275053606556801e-01 7.168682034225781763e-02 5.906995986750998018e-01 4.287695454826581098e-01 3.012411284622448782e-01 6.325215573628004684e-01 6.812513006873144317e-01 4.999874641577377044e-01 2.512259713444906506e-01 5.184769569764151598e-01 3.310331171307576703e-01 2.573783079002107121e-01 3.892803114178823853e-01
5.454507167567964609e-01 2.003751203443935314e-01 4.542748839427957486e-01 8.178096613043772667e-01 1.080799773304400802e+00 4.684259356616083947e-01 0.000000000000000000e+00 5.756918684785877760e-01 4.199553647604208906e-01 4.315984431180182046e-01 5.934069953282264942e-01 4.824365453200734066e-01 1.266524952509447133e-01 9.233256796526655430e-01 5.033327607246744773e-01 7.976752792209791387e-01 1.026093387126440493e-01 1.341567537030690649e-01 4.037775013386918910e-01 8.951038313621332287e-01 8.239865249166230532e-01 4.855778669526006897e-01 8.306850734860344865e-01 8.343090908892847324e-01 9.381643697177435293e-01 6.950182281203608481e-01 1.842535820112734257e-01 7.946301637939571227e-01 6.977597996549896875e-01 3.511795411409455725e-01
9.188656839074683669e-01 5.683376453996312749e-01 2.340397468972459649e-01 7.084291150863449849e-01 6.876424897251649515e-01 7.679672345795098831e-01 5.756918684785877760e-01 0.000000000000000000e+00 9.149221668184198686e-01 5.546356899208678692e-01 5.944510743398041114e-02 9.374168550008098177e-02 7.013819797421670943e-01 7.314577747076658198e-01 5.764041497571189554e-01 6.567803566917159719e-01 6.771489163376461784e-01 6.322935419111983535e-01 7.489565032380706144e-01 7.595055064089558661e-01 8.459562755694887137e-01 5.155877634307707291e-01 5.877358717156427881e-01 5.341824161569113105e-01 1.005448147470858311e+00 8.485960037345144924e-01 3.914791062365701735e-01 9.718251257706563839e-01 8.439054540591469644e-01 3.788475751137332370e-01
2.275012369697270997e-01 3.466466063407000475e-01 8.543344297276507238e-01 8.160925220611864317e-01 1.216116030106543455e+00 2.984986881084358834e-01 4.199553647604208906e-01 9.149221668184198686e-01 0.000000000000000000e+00 4.758641657472298392e-01 9.115571646268776362e-01 8.244086628570946873e-01 3.317383215558108445e-01 9.494577278007702015e-01 5.258606052299774625e-01 8.251408886009654609e-01 3.445959292267434249e-01 3.022166607944047345e-01 2.461500534714719524e-01 8.888656358711762850e-01 7.211374292628376370e-01 5.570742799572874215e-01 9.169748847259628910e-01 9.567308742303421987e-01 7.676199892373739564e-01 5.308624483960500129e-01 5.636106762732689957e-01 5.729980364824263095e-01 5.390418220417703132e-01 5.625108554262712168e-01
3.888960525130060186e-01 2.404171172758066688e-01 6.131145725461871754e-01 3.928647529244667091e-01 7.424664767912710905e-01 2.292558573758446128e-01 4.315984431180182046e-01 5.546356899208678692e-01 4.758641657472298392e-01 0.000000000000000000e+00 5.271371496465252493e-01 4.859778802656929408e-01 4.844092564676554247e-01 5.109035024902319755e-01 7.204696739714323839e-02 3.821460232899753784e-01 4.698356781071338362e-01 3.478968728506886543e-01 2.403445979714720904e-01 4.708201897517081957e-01 3.989150219256786811e-01 8.127984466398888164e-02 4.498643490821618851e-01 4.824428998334711616e-01 5.307650074222196590e-01 3.154730145014157938e-01 3.943373163461327824e-01 4.363351789024709215e-01 3.137837127847644680e-01 1.886430063591164885e-01
9.009104588793664936e-01 5.656115054455435054e-01 2.881455404424304589e-01 6.556011993337700350e-01 6.298184659757529724e-01 7.468098256445829808e-01 5.934069953282264942e-01 5.944510743398041114e-02 9.115571646268776362e-01 5.271371496465252493e-01 0.000000000000000000e+00 1.187492462924916864e-01 7.172251634549660082e-01 6.743562993017386820e-01 5.424672531098907458e-01 6.030351811449209398e-01 6.930719063614139142e-01 6.381347765564977514e-01 7.330607025946204169e-01 7.045610441082177378e-01 7.991109716721155332e-01 4.813137463172356134e-01 5.300930318658600982e-01 4.752537890435954981e-01 9.593472766580067868e-01 8.117587917683285470e-01 4.108988940872690399e-01 9.344762670799147131e-01 8.065599505102678535e-01 3.610673447279255655e-01
8.377196392000615388e-01 4.783146330638755606e-01 1.935207638967607890e-01 6.869338090427188348e-01 7.279881790302523692e-01 6.903831331059834264e-01 4.824365453200734066e-01 9.374168550008098177e-02 8.244086628570946873e-01 4.859778802656929408e-01 1.187492462924916864e-01 0.000000000000000000e+00 6.078957535799764944e-01 7.271806929026262134e-01 5.163295929299162035e-01 6.390103333934317176e-01 5.836638388747129591e-01 5.392008268502386237e-01 6.667117340955950322e-01 7.450625662862686571e-01 8.068921711009747755e-01 4.570280181416002119e-01 5.883014395621429804e-01 5.456611429964379756e-01 9.636830539977450094e-01 7.903711340937846774e-01 2.983702442677523825e-01 9.137189102957561371e-01 7.865291608714489735e-01 3.023113530321798192e-01
4.989870929920389719e-01 2.450260641682168172e-01 5.776511266107793308e-01 8.772735266889238881e-01 1.177684954282990137e+00 4.592461523926579248e-01 1.266524952509447133e-01 7.013819797421670943e-01 3.317383215558108445e-01 4.844092564676554247e-01 7.172251634549660082e-01 6.078957535799764944e-01 0.000000000000000000e+00 9.923977925767741848e-01 5.557348164333428819e-01 8.642659711050898474e-01 2.423307592632520033e-02 1.367342297039714216e-01 3.883817870254250848e-01 9.552286199890097640e-01 8.557413707738045217e-01 5.508597761020561645e-01 9.128049223259840916e-01 9.250132195490219367e-01 9.530038555081443707e-01 7.042130243794332278e-01 3.103760037503389135e-01 7.900394879764558453e-01 7.086933099739516351e-01 4.466437604596384392e-01
7.819493421509510211e-01 7.474034374439935124e-01 9.170494556439354739e-01 1.360292673901597194e-01 3.495792424805286291e-01 6.532063214332350931e-01 9.233256796526655430e-01 7.314577747076658198e-01 9.494577278007702015e-01 5.109035024902319755e-01 6.743562993017386820e-01 7.271806929026262134e-01 9.923977925767741848e-01 0.000000000000000000e+00 4.427088911759076151e-01 1.287917499243902419e-01 9.761490773057533987e-01 8.569376664318979486e-01 7.043483160532837406e-01 8.394521277862693198e-02 3.119599484353435814e-01 4.416274116570051422e-01 1.456485000844245925e-01 2.172820713381766189e-01 4.334324677886124966e-01 4.834084743909265458e-01 8.267393069528521377e-01 5.512326550674209180e-01 4.731088391012577277e-01 5.858652122247127725e-01
4.106894160383768866e-01 3.122597788584100531e-01 6.585019151638984436e-01 3.218585803829774883e-01 6.906290505326898588e-01 2.535289289531260648e-01 5.033327607246744773e-01 5.764041497571189554e-01 5.258606052299774625e-01 7.204696739714323839e-02 5.424672531098907458e-01 5.163295929299162035e-01 5.557348164333428819e-01 4.427088911759076151e-01 0.000000000000000000e+00 3.139931179062214750e-01 5.414968063180362057e-01 4.190751109713564682e-01 2.821601637061381118e-01 3.997838583888624342e-01 3.322085865611456024e-01 6.115920205280097471e-02 3.916702337138068812e-01 4.321031957198082640e-01 4.709608127473580153e-01 2.740495659250838378e-01 4.575823030906238653e-01 3.973900694330995131e-01 2.703783749309836559e-01 2.344517963359746549e-01
6.667290034777487717e-01 6.192399085960870186e-01 8.231308367486227517e-01 5.689194149426397146e-02 4.274663190229512355e-01 5.311828726129386169e-01 7.976752792209791387e-01 6.567803566917159719e-01 8.251408886009654609e-01 3.821460232899753784e-01 6.030351811449209398e-01 6.390103333934317176e-01 8.642659711050898474e-01 1.287917499243902419e-01 3.139931179062214750e-01 0.000000000000000000e+00 8.482989514646531726e-01 7.285639127975577223e-01 5.792879503374556149e-01 1.075984959623215581e-01 2.498943111423508612e-01 3.139222617772849944e-01 1.352970912215025467e-01 2.140665896062054763e-01 4.003179023280935556e-01 3.862387508400186853e-01 7.090429478336198743e-01 4.732266886726160249e-01 3.762618296055019185e-01 4.663041324492884221e-01
5.031139212545567840e-01 2.295762658947259616e-01 5.546563954182507361e-01 8.625054210423678258e-01 1.157117244176254278e+00 4.555938564864920881e-01 1.026093387126440493e-01 6.771489163376461784e-01 3.445959292267434249e-01 4.698356781071338362e-01 6.930719063614139142e-01 5.836638388747129591e-01 2.423307592632520033e-02 9.761490773057533987e-01 5.414968063180362057e-01 8.482989514646531726e-01 0.000000000000000000e+00 1.242923685805866763e-01 3.854625968883309550e-01 9.404362653922956339e-01 8.457369961803362646e-01 5.345259940933921872e-01 8.943835775621170603e-01 9.052680659838393540e-01 9.462090059158793087e-01 6.980114317172479987e-01 2.861663735270414399e-01 7.866263989619262098e-01 7.021802469519905499e-01 4.256020994121693102e-01
4.113222799939733609e-01 1.102450002659878109e-01 5.525239128219650020e-01 7.407354126240354164e-01 1.053208608214866837e+00 3.405275053606556801e-01 1.341567537030690649e-01 6.322935419111983535e-01 3.022166607944047345e-01 3.478968728506886543e-01 6.381347765564977514e-01 5.392008268502386237e-01 1.367342297039714216e-01 8.569376664318979486e-01 4.190751109713564682e-01 7.285639127975577223e-01 1.242923685805866763e-01 0.000000000000000000e+00 2.731646047083874929e-01 8.186903697648760803e-01 7.215912284850118930e-01 4.158738535118173263e-01 7.812595849191080744e-01 7.975659534574817133e-01 8.243674423905574811e-01 5.772021917504269739e-01 2.624486330591011551e-01 6.703153700454190789e-01 5.809473013394461649e-01 3.288046511055018883e-01
1.715668868767283306e-01 2.269235283673011749e-01 7.464282427210977566e-01 5.720543335579534316e-01 9.726295475666003609e-01 7.168682034225781763e-02 4.037775013386918910e-01 7.489565032380706144e-01 2.461500534714719524e-01 2.403445979714720904e-01 7.330607025946204169e-01 6.667117340955950322e-01 3.883817870254250848e-01 7.043483160532837406e-01 2.821601637061381118e-01 5.792879503374556149e-01 3.854625968883309550e-01 2.731646047083874929e-01 0.000000000000000000e+00 6.461541502475495191e-01 4.955396046352656958e-01 3.196263330846397799e-01 6.717233088115598383e-01 7.142510439298411784e-01 5.714264814935077208e-01 3.223776288248703104e-01 4.699099435213029974e-01 4.016662278111903794e-01 3.282448186525556144e-01 3.720051505022954341e-01
7.119499020381657717e-01 7.108636155261186529e-01 9.302419776044864586e-01 7.795575911929554513e-02 4.332981603962985928e-01 5.906995986750998018e-01 8.951038313621332287e-01 7.595055064089558661e-01 8.888656358711762850e-01 4.708201897517081957e-01 7.045610441082177378e-01 7.450625662862686571e-01 9.552286199890097640e-01 8.394521277862693198e-02 3.997838583888624342e-01 1.075984959623215581e-01 9.404362653922956339e-01 8.186903697648760803e-01 6.461541502475495191e-01 0.000000000000000000e+00 2.286288751979326517e-01 4.095260026039647117e-01 1.962599160165299506e-01 2.764129173218050073e-01 3.512490810805223851e-01 4.057774963007822477e-01 8.137116665218467881e-01 4.684852748207115058e-01 3.954609564889101647e-01 5.706048524078221051e-01
5.192696696030600911e-01 6.250349654800518850e-01 9.713790594788878074e-01 1.981403344371605590e-01 6.587107265364047226e-01 4.287695454826581098e-01 8.239865249166230532e-01 8.459562755694887137e-01 7.211374292628376370e-01 3.989150219256786811e-01 7.991109716721155332e-01 8.068921711009747755e-01 8.557413707738045217e-01 3.119599484353435814e-01 3.322085865611456024e-01 2.498943111423508612e-01 8.457369961803362646e-01 7.215912284850118930e-01 4.955396046352656958e-01 2.286288751979326517e-01 0.000000000000000000e+00 3.742713511175442820e-01 3.846078127693420834e-01 4.639564958768935821e-01 1.609134989579947272e-01 1.973433809229351854e-01 7.896809236764794626e-01 2.402520994963907586e-01 1.876749470093524719e-01 5.592047460382233437e-01
4.605634723330978009e-01 3.059825992284926910e-01 6.042456327040550690e-01 3.323118852989466188e-01 6.614696887267262904e-01 3.012411284622448782e-01 4.855778669526006897e-01 5.155877634307707291e-01 5.570742799572874215e-01 8.127984466398888164e-02 4.813137463172356134e-01 4.570280181416002119e-01 5.508597761020561645e-01 4.416274116570051422e-01 6.115920205280097471e-02 3.139222617772849944e-01 5.345259940933921872e-01 4.158738535118173263e-01 3.196263330846397799e-01 4.095260026039647117e-01 3.742713511175442820e-01 0.000000000000000000e+00 3.711999422820547734e-01 4.014017161818749235e-01 5.202563266724714586e-01 3.337529551329966315e-01 4.194144634135870686e-01 4.571564727141919637e-01 3.296299326434104504e-01 1.849922203206217919e-01
7.778491579349641194e-01 6.711513226772450880e-01 7.801478176334958325e-01 1.873480639875022280e-01 3.054403692573679496e-01 6.325215573628004684e-01 8.306850734860344865e-01 5.877358717156427881e-01 9.169748847259628910e-01 4.498643490821618851e-01 5.300930318658600982e-01 5.883014395621429804e-01 9.128049223259840916e-01 1.456485000844245925e-01 3.916702337138068812e-01 1.352970912215025467e-01 8.943835775621170603e-01 7.812595849191080744e-01 6.717233088115598383e-01 1.962599160165299506e-01 3.846078127693420834e-01 3.711999422820547734e-01 0.000000000000000000e+00 8.154714997472098381e-02 5.311912235824941542e-01 5.154938090640647230e-01 7.151309682124619149e-01 6.074500221840919423e-01 5.057922665810907770e-01 4.821490779546829808e-01
8.318050963897823946e-01 6.887072979970032538e-01 7.391220479590646653e-01 2.679080724280505921e-01 2.600778888826323909e-01 6.812513006873144317e-01 8.343090908892847324e-01 5.341824161569113105e-01 9.567308742303421987e-01 4.824428998334711616e-01 4.752537890435954981e-01 5.456611429964379756e-01 9.250132195490219367e-01 2.172820713381766189e-01 4.321031957198082640e-01 2.140665896062054763e-01 9.052680659838393540e-01 7.975659534574817133e-01 7.142510439298411784e-01 2.764129173218050073e-01 4.639564958768935821e-01 4.014017161818749235e-01 8.154714997472098381e-02 0.000000000000000000e+00 6.123183676756388527e-01 5.850456999510617040e-01 7.042145394139602832e-01 6.820506643803807556e-01 5.756463133554120537e-01 4.831357234125586708e-01
5.460927558882850974e-01 7.378704407394530707e-01 1.123235985568553197e+00 3.447100765182800619e-01 7.819917511692328072e-01 4.999874641577377044e-01 9.381643697177435293e-01 1.005448147470858311e+00 7.676199892373739564e-01 5.307650074222196590e-01 9.593472766580067868e-01 9.636830539977450094e-01 9.530038555081443707e-01 4.334324677886124966e-01 4.709608127473580153e-01 4.003179023280935556e-01 9.462090059158793087e-01 8.243674423905574811e-01 5.714264814935077208e-01 3.512490810805223851e-01 1.609134989579947272e-01 5.202563266724714586e-01 5.311912235824941542e-01 6.123183676756388527e-01 0.000000000000000000e+00 2.493831297995305618e-01 9.250887724218155306e-01 2.031576588919873638e-01 2.443948962074599662e-01 7.042215518846544065e-01
3.224560473720369802e-01 4.958818138650690210e-01 9.280366817675324009e-01 3.509066500765793961e-01 8.136444850004844742e-01 2.512259713444906506e-01 6.950182281203608481e-01 8.485960037345144924e-01 5.308624483960500129e-01 3.154730145014157938e-01 8.117587917683285470e-01 7.903711340937846774e-01 7.042130243794332278e-01 4.834084743909265458e-01 2.740495659250838378e-01 3.862387508400186853e-01 6.980114317172479987e-01 5.772021917504269739e-01 3.223776288248703104e-01 4.057774963007822477e-01 1.973433809229351854e-01 3.337529551329966315e-01 5.154938090640647230e-01 5.850456999510617040e-01 2.493831297995305618e-01 0.000000000000000000e+00 7.008704761147250828e-01 1.234046576863300909e-01 1.031755163623510572e-02 5.026029370309235134e-01
6.353465458921020437e-01 2.445644105931243650e-01 2.909167975989780386e-01 7.400814241518116621e-01 9.367138713519338467e-01 5.184769569764151598e-01 1.842535820112734257e-01 3.914791062365701735e-01 5.636106762732689957e-01 3.943373163461327824e-01 4.108988940872690399e-01 2.983702442677523825e-01 3.103760037503389135e-01 8.267393069528521377e-01 4.575823030906238653e-01 7.090429478336198743e-01 2.861663735270414399e-01 2.624486330591011551e-01 4.699099435213029974e-01 8.137116665218467881e-01 7.896809236764794626e-01 4.194144634135870686e-01 7.151309682124619149e-01 7.042145394139602832e-01 9.250887724218155306e-01 7.008704761147250828e-01 0.000000000000000000e+00 8.152149213880858225e-01 7.009171758483425663e-01 2.431394202283932715e-01
3.475754555980912208e-01 5.991560950823773268e-01 1.049445820880597680e+00 4.288101368169565664e-01 8.947829906953729262e-01 3.310331171307576703e-01 7.946301637939571227e-01 9.718251257706563839e-01 5.729980364824263095e-01 4.363351789024709215e-01 9.344762670799147131e-01 9.137189102957561371e-01 7.900394879764558453e-01 5.512326550674209180e-01 3.973900694330995131e-01 4.732266886726160249e-01 7.866263989619262098e-01 6.703153700454190789e-01 4.016662278111903794e-01 4.684852748207115058e-01 2.402520994963907586e-01 4.571564727141919637e-01 6.074500221840919423e-01 6.820506643803807556e-01 2.031576588919873638e-01 1.234046576863300909e-01 8.152149213880858225e-01 0.000000000000000000e+00 1.279615326900621908e-01 6.244090802406715435e-01
3.318182264481008836e-01 4.982742822647821535e-01 9.257525710040110933e-01 3.406830388044366220e-01 8.036299093907209867e-01 2.573783079002107121e-01 6.977597996549896875e-01 8.439054540591469644e-01 5.390418220417703132e-01 3.137837127847644680e-01 8.065599505102678535e-01 7.865291608714489735e-01 7.086933099739516351e-01 4.731088391012577277e-01 2.703783749309836559e-01 3.762618296055019185e-01 7.021802469519905499e-01 5.809473013394461649e-01 3.282448186525556144e-01 3.954609564889101647e-01 1.876749470093524719e-01 3.296299326434104504e-01 5.057922665810907770e-01 5.756463133554120537e-01 2.443948962074599662e-01 1.031755163623510572e-02 7.009171758483425663e-01 1.279615326900621908e-01 0.000000000000000000e+00 5.002456181153417392e-01
5.405797448929758886e-01 2.298744983342674852e-01 4.255108758766814603e-01 4.970093273809717549e-01 7.318124758074159297e-01 3.892803114178823853e-01 3.511795411409455725e-01 3.788475751137332370e-01 5.625108554262712168e-01 1.886430063591164885e-01 3.610673447279255655e-01 3.023113530321798192e-01 4.466437604596384392e-01 5.858652122247127725e-01 2.344517963359746549e-01 4.663041324492884221e-01 4.256020994121693102e-01 3.288046511055018883e-01 3.720051505022954341e-01 5.706048524078221051e-01 5.592047460382233437e-01 1.849922203206217919e-01 4.821490779546829808e-01 4.831357234125586708e-01 7.042215518846544065e-01 5.026029370309235134e-01 2.431394202283932715e-01 6.244090802406715435e-01 5.002456181153417392e-01 0.000000000000000000e+00
