0.000000000000000000e+00 5.786806941959037331e-01 1.338599201766925983e-01 4.727234546899883871e-01 3.781029737103431265e-01 7.049559903659632365e-01 6.304894638093235804e-01 5.521731834293978070e-01 8.078280890185708385e-01 7.044605065862014071e-01 4.472236193702708307e-01 9.232363345153269396e-01 6.014987204956768752e-01 3.112486943668266171e-01 8.999451935855945495e-01 3.006961779925751976e-01 2.548785258294167799e-01 6.678878354682846741e-01 1.114165732760412197e+00 2.613292900469462721e-01 4.805914706711008622e-01 5.241164733040282186e-01 9.421865330766699964e-01 8.821183333325357534e-01 5.813325992706613876e-01 5.824898531546810476e-01 3.088291201764821192e-01 9.440233989107962298e-01 4.256334030410076075e-01 9.070781492894198772e-01
5.786806941959037331e-01 0.000000000000000000e+00 4.886476358713580659e-01 6.689813572580756151e-01 2.007492760150504929e-01 1.879849959576744278e-01 8.305816165184749800e-02 5.569834315839065214e-02 5.402743556474723929e-01 9.212529115755002662e-01 3.950943615963302125e-01 6.428000689214491414e-01 5.666761207785107057e-01 6.846600649093921298e-01 1.007976393470625620e+00 5.308236459520072614e-01 7.328468013091470334e-01 6.641347725186038664e-01 7.813101309594847610e-01 8.380630658992711535e-01 3.286891986141588506e-01 7.882119319242959499e-01 7.267828305916479437e-01 9.452698803837887853e-01 5.689456100272856087e-01 8.497391206422111321e-01 3.211531551187873923e-01 1.002579964035878568e+00 7.340392913012752096e-01 6.623136623987042615e-01
1.338599201766925983e-01 4.886476358713580659e-01 0.000000000000000000e+00 3.723067749586393416e-01 2.918585890553018203e-01 5.929551706969522495e-01 5.288354717894678814e-01 4.723313850377253709e-01 6.739795931103473858e-01 6.241089667655683737e-01 3.133672235083868607e-01 7.893986664463148450e-01 4.732700040972183109e-01 2.549039558289759033e-01 8.025125554144189044e-01 1.850700847415027439e-01 2.556300016580420609e-01 5.453459541677985190e-01 9.803346423278403998e-01 3.608317429498281159e-01 3.485356095750519745e-01 4.467942081462316639e-01 8.097814457424821200e-01 7.762304593516166085e-01 4.542649586294303377e-01 5.099500404897533423e-01 1.872056775781433258e-01 8.389959870157651656e-01 3.548116777876537675e-01 7.736317111223013354e-01
4.727234546899883871e-01 6.689813572580756151e-01 3.723067749586393416e-01 0.000000000000000000e+00 5.365015778210340258e-01 6.687292237716543353e-01 6.620504193644268787e-01 6.835891368234044974e-01 5.110679356401838236e-01 2.656356634162411190e-01 2.803911428791484028e-01 5.987593109308315675e-01 2.328574844352025441e-01 1.995509411114513854e-01 4.303946533585447098e-01 1.910922775524454553e-01 3.197555953551415864e-01 2.406765264564404705e-01 7.883771926639439043e-01 5.529839251795755084e-01 3.549407940684584095e-01 1.222179825131095160e-01 5.689449399684989306e-01 4.094773635099548392e-01 2.087050575607314884e-01 1.809597139363528229e-01 3.866241678730614195e-01 4.713000061267938468e-01 1.214352390909443496e-01 5.615754850702072698e-01
3.781029737103431265e-01 2.007492760150504929e-01 2.918585890553018203e-01 5.365015778210340258e-01 0.000000000000000000e+00 3.428358483691710812e-01 2.561632056429631321e-01 1.804856094288763702e-01 5.778472000604528702e-01 8.007859033298004858e-01 3.023749596279797780e-01 6.936267590822962070e-01 5.026207164344151934e-01 5.097688544411628220e-01 9.256184965207179260e-01 3.687123475577246956e-01 5.427235587306964426e-01 5.991304006747441013e-01 8.622572002009519787e-01 6.373337891006829459e-01 2.668199527971019669e-01 6.467456634742403399e-01 7.531989997961749950e-01 8.753073392779835427e-01 4.961539813084681616e-01 7.111603221487790005e-01 1.515690256845152462e-01 9.367175588664300445e-01 5.773242626786632137e-01 6.979778681614153824e-01
7.049559903659632365e-01 1.879849959576744278e-01 5.929551706969522495e-01 6.687292237716543353e-01 3.428358483691710812e-01 0.000000000000000000e+00 1.049276370429235300e-01 2.435350850040978177e-01 3.967307055124528747e-01 8.938170530514166767e-01 3.916227148463510277e-01 4.840529756936036154e-01 5.073213890490636535e-01 7.370546771651582674e-01 9.385356737997220256e-01 5.770579549208308956e-01 8.100520983650975060e-01 5.962721764936138591e-01 6.034603137656829874e-01 9.536028995897548599e-01 3.163526872734423456e-01 7.908595969350149524e-01 5.804301631640284009e-01 8.665102728224660655e-01 5.175557619647133123e-01 8.459713878345074267e-01 4.065546701330310375e-01 9.181185424493638614e-01 7.584805651864565679e-01 5.125497632373029466e-01
6.304894638093235804e-01 8.305816165184749800e-02 5.288354717894678814e-01 6.620504193644268787e-01 2.561632056429631321e-01 1.049276370429235300e-01 0.000000000000000000e+00 1.386503708247431854e-01 4.728560858556059565e-01 9.041583935038108866e-01 3.820595479347857482e-01 5.703312536911104846e-01 5.328862799277056528e-01 7.018456741362300022e-01 9.731850509927925108e-01 5.435086376849221912e-01 7.619708139191331275e-01 6.278941962177366776e-01 7.019932535281955266e-01 8.858410323771742645e-01 3.092535548455315197e-01 7.835704447312683563e-01 6.593543957248290122e-01 9.062707133826753969e-01 5.385476805876410200e-01 8.426500424076909246e-01 3.488727675092920810e-01 9.614102406248631327e-01 7.387934979324426443e-01 5.933059917252472282e-01
5.521731834293978070e-01 5.569834315839065214e-02 4.723313850377253709e-01 6.835891368234044974e-01 1.804856094288763702e-01 2.435350850040978177e-01 1.386503708247431854e-01 0.000000000000000000e+00 5.898192814689702246e-01 9.408520443917659515e-01 4.171007930265082098e-01 6.944770596058781331e-01 5.984300658597400124e-01 6.830497938268794700e-01 1.038164512595803446e+00 5.339266305474854590e-01 7.224143827983201538e-01 6.965914124249358297e-01 8.359160076618822321e-01 8.131786493067415522e-01 3.560460761065006863e-01 8.005163299543902600e-01 7.758813229478573881e-01 9.781453068797664185e-01 5.987320329227524551e-01 8.632889117237301235e-01 3.181517727793072292e-01 1.036579249018505955e+00 7.405166292891574020e-01 7.123125769718661182e-01
8.078280890185708385e-01 5.402743556474723929e-01 6.739795931103473858e-01 5.110679356401838236e-01 5.778472000604528702e-01 3.967307055124528747e-01 4.728560858556059565e-01 5.898192814689702246e-01 0.000000000000000000e+00 6.377468694409090810e-01 3.607668717874270015e-01 1.180566437947912495e-01 2.785041320477514293e-01 6.735332127630498933e-01 6.038334320535898581e-01 5.460825215748340566e-01 7.851657421428950290e-01 3.131409731790746331e-01 3.064210326329795953e-01 9.951084778338705750e-01 3.367750910092370820e-01 6.113095009552956816e-01 1.866603867916822868e-01 5.222030572690884442e-01 3.023913541942427341e-01 6.436882331247985034e-01 5.233119580169304230e-01 5.623332488592214240e-01 6.311678041715780285e-01 1.228127300526332955e-01
7.044605065862014071e-01 9.212529115755002662e-01 6.241089667655683737e-01 2.656356634162411190e-01 8.007859033298004858e-01 8.938170530514166767e-01 9.041583935038108866e-01 9.408520443917659515e-01 6.377468694409090810e-01 0.000000000000000000e+00 5.261991292619307981e-01 6.873398136132994329e-01 3.930812014671209997e-01 3.950527737838776532e-01 2.271780830706580656e-01 4.523072519691208049e-01 4.897162944996805156e-01 3.260202744841525502e-01 8.503367716099857754e-01 7.090482241431962374e-01 5.956221708292814832e-01 1.803492122514258611e-01 6.155440394795098635e-01 2.581833774016807359e-01 3.786534113093166787e-01 1.260314688716820952e-01 6.518313838066421839e-01 3.015835699601730480e-01 2.791550373525951145e-01 6.378998176314805146e-01
4.472236193702708307e-01 3.950943615963302125e-01 3.133672235083868607e-01 2.803911428791484028e-01 3.023749596279797780e-01 3.916227148463510277e-01 3.820595479347857482e-01 4.171007930265082098e-01 3.607668717874270015e-01 5.261991292619307981e-01 0.000000000000000000e+00 4.760631697285892527e-01 2.016954026197225469e-01 3.592917083772562692e-01 6.266654699173668241e-01 2.056050870454723123e-01 4.528258446277579341e-01 2.969839855979062304e-01 6.671857699580006074e-01 6.435515051338223103e-01 7.533639715435794248e-02 4.023648037791808796e-01 5.021662044877031050e-01 5.734702199846952730e-01 1.938559603309637225e-01 4.606640000984928984e-01 1.857584404476841089e-01 6.345784829891908396e-01 3.672536160672624783e-01 4.618014167113603241e-01
9.232363345153269396e-01 6.428000689214491414e-01 7.893986664463148450e-01 5.987593109308315675e-01 6.936267590822962070e-01 4.840529756936036154e-01 5.703312536911104846e-01 6.944770596058781331e-01 1.180566437947912495e-01 6.873398136132994329e-01 4.760631697285892527e-01 0.000000000000000000e+00 3.680319488646995318e-01 7.732561406047077091e-01 6.137610262817727591e-01 6.543868080511022756e-01 8.881098152901109044e-01 3.769212949949152791e-01 1.944516735584404243e-01 1.103483632594966179e+00 4.547464450958301763e-01 6.881646455060794754e-01 1.133240764102716180e-01 5.293874020014028847e-01 3.927607769263052329e-01 7.123406713518909417e-01 6.412832405145814096e-01 5.580543409360571028e-01 7.201699545203660291e-01 5.349493366835188918e-02
6.014987204956768752e-01 5.666761207785107057e-01 4.732700040972183109e-01 2.328574844352025441e-01 5.026207164344151934e-01 5.073213890490636535e-01 5.328862799277056528e-01 5.984300658597400124e-01 2.785041320477514293e-01 3.930812014671209997e-01 2.016954026197225469e-01 3.680319488646995318e-01 0.000000000000000000e+00 4.072165802407565760e-01 4.414881669710347678e-01 3.070249372565141965e-01 5.245733474167484367e-01 9.835514805613930489e-02 5.601893816561626105e-01 7.477004429341516101e-01 2.440901576623603075e-01 3.350650237494258721e-01 3.525453855299476857e-01 3.797796154285066894e-01 2.474226519711679798e-02 3.733859891495897587e-01 3.842754819573432901e-01 4.389030384130458429e-01 3.536390403175676544e-01 3.345548755038098010e-01
3.112486943668266171e-01 6.846600649093921298e-01 2.549039558289759033e-01 1.995509411114513854e-01 5.097688544411628220e-01 7.370546771651582674e-01 7.018456741362300022e-01 6.830497938268794700e-01 6.735332127630498933e-01 3.950527737838776532e-01 3.592917083772562692e-01 7.732561406047077091e-01 4.072165802407565760e-01 0.000000000000000000e+00 6.007646877077852388e-01 1.600077372088750394e-01 1.206282092014954455e-01 4.362272321629158123e-01 9.666887570957356512e-01 3.534330732851517776e-01 4.291053643888437241e-01 2.155291832422010778e-01 7.570546238352587887e-01 5.947242691042187168e-01 3.826322086607940598e-01 2.715795213524125895e-01 3.650365642032782354e-01 6.540575197981056688e-01 1.162292024747102054e-01 7.417157887738249356e-01
8.999451935855945495e-01 1.007976393470625620e+00 8.025125554144189044e-01 4.303946533585447098e-01 9.256184965207179260e-01 9.385356737997220256e-01 9.731850509927925108e-01 1.038164512595803446e+00 6.038334320535898581e-01 2.271780830706580656e-01 6.266654699173668241e-01 6.137610262817727591e-01 4.414881669710347678e-01 6.007646877077852388e-01 0.000000000000000000e+00 6.192366500274255614e-01 7.058838989429642163e-01 3.452917212706577144e-01 7.396063692709718973e-01 9.312853721615608205e-01 6.821610669759783363e-01 3.884691312349016767e-01 5.163197840263490379e-01 8.448955434626609362e-02 4.394841237753023266e-01 3.473539593682301585e-01 7.874417756005652747e-01 8.560369017437385875e-02 4.858395177666035569e-01 5.603235266774065915e-01
3.006961779925751976e-01 5.308236459520072614e-01 1.850700847415027439e-01 1.910922775524454553e-01 3.687123475577246956e-01 5.770579549208308956e-01 5.435086376849221912e-01 5.339266305474854590e-01 5.460825215748340566e-01 4.523072519691208049e-01 2.056050870454723123e-01 6.543868080511022756e-01 3.070249372565141965e-01 1.600077372088750394e-01 6.192366500274255614e-01 0.000000000000000000e+00 2.473394759307165069e-01 3.674405847596007857e-01 8.487405106891943163e-01 4.492601803187559195e-01 2.715566613874302870e-01 2.837760072437956471e-01 6.567533657501545274e-01 5.912115401850335239e-01 2.851166173247817182e-01 3.487835484485184434e-01 2.179486404452439519e-01 6.540182571465712469e-01 2.086119219793943769e-01 6.300975446488190634e-01
2.548785258294167799e-01 7.328468013091470334e-01 2.556300016580420609e-01 3.197555953551415864e-01 5.427235587306964426e-01 8.100520983650975060e-01 7.619708139191331275e-01 7.224143827983201538e-01 7.851657421428950290e-01 4.897162944996805156e-01 4.528258446277579341e-01 8.881098152901109044e-01 5.245733474167484367e-01 1.206282092014954455e-01 7.058838989429642163e-01 2.473394759307165069e-01 0.000000000000000000e+00 5.567717813672360405e-01 1.082170068483450764e+00 2.338109078941782437e-01 5.163031086254551427e-01 3.174980008940511134e-01 8.758676818879630455e-01 7.066299278108552073e-01 5.002049739829823594e-01 3.636857674018580955e-01 4.137558577009414207e-01 7.643426488336090285e-01 2.227176040922329570e-01 8.583903858659356345e-01
6.678878354682846741e-01 6.641347725186038664e-01 5.453459541677985190e-01 2.406765264564404705e-01 5.991304006747441013e-01 5.962721764936138591e-01 6.278941962177366776e-01 6.965914124249358297e-01 3.131409731790746331e-01 3.260202744841525502e-01 2.969839855979062304e-01 3.769212949949152791e-01 9.835514805613930489e-02 4.362272321629158123e-01 3.452917212706577144e-01 3.674405847596007857e-01 5.567717813672360405e-01 0.000000000000000000e+00 5.582414092531194916e-01 7.875500093865983597e-01 3.424261524024624359e-01 3.131018738155208481e-01 3.314370294707640330e-01 2.815541069757684367e-01 1.032302539393781665e-01 3.355687650591585025e-01 4.755158406695308426e-01 3.405535195124799186e-01 3.587453934928749311e-01 3.332289145296726263e-01
1.114165732760412197e+00 7.813101309594847610e-01 9.803346423278403998e-01 7.883771926639439043e-01 8.622572002009519787e-01 6.034603137656829874e-01 7.019932535281955266e-01 8.359160076618822321e-01 3.064210326329795953e-01 8.503367716099857754e-01 6.671857699580006074e-01 1.944516735584404243e-01 5.601893816561626105e-01 9.666887570957356512e-01 7.396063692709718973e-01 8.487405106891943163e-01 1.082170068483450764e+00 5.582414092531194916e-01 0.000000000000000000e+00 1.297895667247204843e+00 6.396510272588143975e-01 8.713398717768656709e-01 2.348097605005458610e-01 6.565196961146041454e-01 5.849198508342569047e-01 8.898571386844008613e-01 8.253789413355601123e-01 6.700391937508445306e-01 9.097255026472192974e-01 2.268144422925923998e-01
2.613292900469462721e-01 8.380630658992711535e-01 3.608317429498281159e-01 5.529839251795755084e-01 6.373337891006829459e-01 9.536028995897548599e-01 8.858410323771742645e-01 8.131786493067415522e-01 9.951084778338705750e-01 7.090482241431962374e-01 6.435515051338223103e-01 1.103483632594966179e+00 7.477004429341516101e-01 3.534330732851517776e-01 9.312853721615608205e-01 4.492601803187559195e-01 2.338109078941782437e-01 7.875500093865983597e-01 1.297895667247204843e+00 0.000000000000000000e+00 6.948795298484676808e-01 5.455396244897894320e-01 1.100244973725305053e+00 9.372639419142884121e-01 7.239650655542481106e-01 5.845337434552569933e-01 5.479563342699792505e-01 9.936369115947978337e-01 4.546500380897250948e-01 1.077792574353236166e+00
4.805914706711008622e-01 3.286891986141588506e-01 3.485356095750519745e-01 3.549407940684584095e-01 2.668199527971019669e-01 3.163526872734423456e-01 3.092535548455315197e-01 3.560460761065006863e-01 3.367750910092370820e-01 5.956221708292814832e-01 7.533639715435794248e-02 4.547464450958301763e-01 2.440901576623603075e-01 4.291053643888437241e-01 6.821610669759783363e-01 2.715566613874302870e-01 5.163031086254551427e-01 3.424261524024624359e-01 6.396510272588143975e-01 6.948795298484676808e-01 0.000000000000000000e+00 4.770810539336709510e-01 4.974551665656057331e-01 6.235304810664419328e-01 2.428812089580861533e-01 5.346203232805185612e-01 1.865389015524931138e-01 6.829779308464063448e-01 4.422627179881594151e-01 4.488571686844972097e-01
5.241164733040282186e-01 7.882119319242959499e-01 4.467942081462316639e-01 1.222179825131095160e-01 6.467456634742403399e-01 7.908595969350149524e-01 7.835704447312683563e-01 8.005163299543902600e-01 6.113095009552956816e-01 1.803492122514258611e-01 4.023648037791808796e-01 6.881646455060794754e-01 3.350650237494258721e-01 2.155291832422010778e-01 3.884691312349016767e-01 2.837760072437956471e-01 3.174980008940511134e-01 3.131018738155208481e-01 8.713398717768656709e-01 5.455396244897894320e-01 4.770810539336709510e-01 0.000000000000000000e+00 6.427936115944203888e-01 3.921586511163390742e-01 3.129415478032050446e-01 6.500988033883631223e-02 4.953134285894662536e-01 4.481044847283776056e-01 9.930241827768830631e-02 6.460369712532126885e-01
9.421865330766699964e-01 7.267828305916479437e-01 8.097814457424821200e-01 5.689449399684989306e-01 7.531989997961749950e-01 5.804301631640284009e-01 6.593543957248290122e-01 7.758813229478573881e-01 1.866603867916822868e-01 6.155440394795098635e-01 5.021662044877031050e-01 1.133240764102716180e-01 3.525453855299476857e-01 7.570546238352587887e-01 5.163197840263490379e-01 6.567533657501545274e-01 8.758676818879630455e-01 3.314370294707640330e-01 2.348097605005458610e-01 1.100244973725305053e+00 4.974551665656057331e-01 6.427936115944203888e-01 0.000000000000000000e+00 4.319783867685506595e-01 3.763933144952250065e-01 6.576290450275741328e-01 6.805112221199485223e-01 4.545311897772994492e-01 6.890110441117718310e-01 6.889545378320229008e-02
8.821183333325357534e-01 9.452698803837887853e-01 7.762304593516166085e-01 4.094773635099548392e-01 8.753073392779835427e-01 8.665102728224660655e-01 9.062707133826753969e-01 9.781453068797664185e-01 5.222030572690884442e-01 2.581833774016807359e-01 5.734702199846952730e-01 5.293874020014028847e-01 3.797796154285066894e-01 5.947242691042187168e-01 8.448955434626609362e-02 5.912115401850335239e-01 7.066299278108552073e-01 2.815541069757684367e-01 6.565196961146041454e-01 9.372639419142884121e-01 6.235304810664419328e-01 3.921586511163390742e-01 4.319783867685506595e-01 0.000000000000000000e+00 3.813739961820197255e-01 3.633619987610561264e-01 7.428627450207749838e-01 6.304677981002647369e-02 4.839247834941064474e-01 4.759321366394827502e-01
5.813325992706613876e-01 5.689456100272856087e-01 4.542649586294303377e-01 2.087050575607314884e-01 4.961539813084681616e-01 5.175557619647133123e-01 5.385476805876410200e-01 5.987320329227524551e-01 3.023913541942427341e-01 3.786534113093166787e-01 1.938559603309637225e-01 3.927607769263052329e-01 2.474226519711679798e-02 3.826322086607940598e-01 4.394841237753023266e-01 2.851166173247817182e-01 5.002049739829823594e-01 1.032302539393781665e-01 5.849198508342569047e-01 7.239650655542481106e-01 2.428812089580861533e-01 3.129415478032050446e-01 3.763933144952250065e-01 3.813739961820197255e-01 0.000000000000000000e+00 3.531834051826946985e-01 3.729527914521686971e-01 4.417077264182380225e-01 3.292496108343897498e-01 3.592140859056115465e-01
5.824898531546810476e-01 8.497391206422111321e-01 5.099500404897533423e-01 1.809597139363528229e-01 7.111603221487790005e-01 8.459713878345074267e-01 8.426500424076909246e-01 8.632889117237301235e-01 6.436882331247985034e-01 1.260314688716820952e-01 4.606640000984928984e-01 7.123406713518909417e-01 3.733859891495897587e-01 2.715795213524125895e-01 3.473539593682301585e-01 3.487835484485184434e-01 3.636857674018580955e-01 3.355687650591585025e-01 8.898571386844008613e-01 5.845337434552569933e-01 5.346203232805185612e-01 6.500988033883631223e-02 6.576290450275741328e-01 3.633619987610561264e-01 3.531834051826946985e-01 0.000000000000000000e+00 5.598331454070235580e-01 4.146465444031781078e-01 1.573433703750597157e-01 6.674253626776055492e-01
3.088291201764821192e-01 3.211531551187873923e-01 1.872056775781433258e-01 3.866241678730614195e-01 1.515690256845152462e-01 4.065546701330310375e-01 3.488727675092920810e-01 3.181517727793072292e-01 5.233119580169304230e-01 6.518313838066421839e-01 1.857584404476841089e-01 6.412832405145814096e-01 3.842754819573432901e-01 3.650365642032782354e-01 7.874417756005652747e-01 2.179486404452439519e-01 4.137558577009414207e-01 4.755158406695308426e-01 8.253789413355601123e-01 5.479563342699792505e-01 1.865389015524931138e-01 4.953134285894662536e-01 6.805112221199485223e-01 7.428627450207749838e-01 3.729527914521686971e-01 5.598331454070235580e-01 0.000000000000000000e+00 8.053000047391835059e-01 4.263971731691015288e-01 6.343932874794107057e-01
9.440233989107962298e-01 1.002579964035878568e+00 8.389959870157651656e-01 4.713000061267938468e-01 9.367175588664300445e-01 9.181185424493638614e-01 9.614102406248631327e-01 1.036579249018505955e+00 5.623332488592214240e-01 3.015835699601730480e-01 6.345784829891908396e-01 5.580543409360571028e-01 4.389030384130458429e-01 6.540575197981056688e-01 8.560369017437385875e-02 6.540182571465712469e-01 7.643426488336090285e-01 3.405535195124799186e-01 6.700391937508445306e-01 9.936369115947978337e-01 6.829779308464063448e-01 4.481044847283776056e-01 4.545311897772994492e-01 6.304677981002647369e-02 4.417077264182380225e-01 4.146465444031781078e-01 8.053000047391835059e-01 0.000000000000000000e+00 5.419194141968679546e-01 5.046915089702461721e-01
4.256334030410076075e-01 7.340392913012752096e-01 3.548116777876537675e-01 1.214352390909443496e-01 5.773242626786632137e-01 7.584805651864565679e-01 7.387934979324426443e-01 7.405166292891574020e-01 6.311678041715780285e-01 2.791550373525951145e-01 3.672536160672624783e-01 7.201699545203660291e-01 3.536390403175676544e-01 1.162292024747102054e-01 4.858395177666035569e-01 2.086119219793943769e-01 2.227176040922329570e-01 3.587453934928749311e-01 9.097255026472192974e-01 4.546500380897250948e-01 4.422627179881594151e-01 9.930241827768830631e-02 6.890110441117718310e-01 4.839247834941064474e-01 3.292496108343897498e-01 1.573433703750597157e-01 4.263971731691015288e-01 5.419194141968679546e-01 0.000000000000000000e+00 6.829129310527384256e-01
9.070781492894198772e-01 6.623136623987042615e-01 7.736317111223013354e-01 5.615754850702072698e-01 6.979778681614153824e-01 5.125497632373029466e-01 5.933059917252472282e-01 7.123125769718661182e-01 1.228127300526332955e-01 6.378998176314805146e-01 4.618014167113603241e-01 5.349493366835188918e-02 3.345548755038098010e-01 7.417157887738249356e-01 5.603235266774065915e-01 6.300975446488190634e-01 8.583903858659356345e-01 3.332289145296726263e-01 2.268144422925923998e-01 1.077792574353236166e+00 4.488571686844972097e-01 6.460369712532126885e-01 6.889545378320229008e-02 4.759321366394827502e-01 3.592140859056115465e-01 6.674253626776055492e-01 6.343932874794107057e-01 5.046915089702461721e-01 6.829129310527384256e-01 0.000000000000000000e+00
