0.000000000000000000e+00 8.747772603454022355e-02 5.857844686583356664e-01 7.154199130851163213e-01 4.133768270632315889e-01 1.517036359804749546e-01 6.576706250170849533e-01 5.569239981269212825e-01 7.666679733443996225e-01 6.086291199572879673e-01 2.516758631385665468e-01 5.534130986744044689e-01 4.366972966934619116e-01 7.497747757836801252e-01 5.709123518106997697e-01 1.784119202232402890e-01 5.355568387868140379e-01 2.833825117283890749e-01 7.631912954495613521e-02 3.669454664611732086e-01 7.642414976235378798e-01 6.207190771714435895e-01 4.161865939389701174e-01 5.740380183275753945e-01 2.248718931094866313e-01 8.538769259615394680e-02 4.952481790670051898e-01 7.537696678602927580e-01 7.409477837615778828e-01 5.863943869422991728e-01
8.747772603454022355e-02 0.000000000000000000e+00 5.366472211258737079e-01 6.350005119436720191e-01 3.984204450122766361e-01 2.132825011254187719e-01 6.131854288117780660e-01 4.703079216850097333e-01 7.005712934754356747e-01 5.237120211186845342e-01 1.857391777621031081e-01 4.938303404663454965e-01 3.524385634777673637e-01 6.705929219980049094e-01 5.078805052737305203e-01 2.075320659397103806e-01 4.493252995361666224e-01 1.959750217401199923e-01 4.995643029007666019e-02 3.139469331682395725e-01 6.786995610626355147e-01 5.338797721288350839e-01 3.317167497820600053e-01 4.990076689813647270e-01 1.717104476973631000e-01 1.138213029456420361e-01 4.087688901144457820e-01 6.897642808307299367e-01 7.116632467931883754e-01 5.695693381281871082e-01
5.857844686583356664e-01 5.366472211258737079e-01 0.000000000000000000e+00 3.639036412498839468e-01 2.543697986043019776e-01 5.572108195678336928e-01 8.330793929224371286e-02 4.364028234906429660e-01 2.396589754940382233e-01 6.427266761557622887e-01 3.554598282104929341e-01 8.459557998139636270e-01 5.719810887179204162e-01 8.314528360216016933e-01 8.389080026375771437e-01 7.441583266968881949e-01 4.167362391766377128e-01 4.597431612540662238e-01 5.865997831939264717e-01 2.227709973176812686e-01 7.271602847632354649e-01 4.704376484025128979e-01 3.692078231937606647e-01 2.373619436251852843e-01 3.655024064918020454e-01 6.485558484087829978e-01 5.467539313764641085e-01 9.774485452385598405e-01 2.317567140795071534e-01 2.284437336752301595e-01
7.154199130851163213e-01 6.350005119436720191e-01 3.639036412498839468e-01 0.000000000000000000e+00 5.670151386547290784e-01 7.620362903537343247e-01 4.090748637625198914e-01 2.236672336450532261e-01 2.245948396540404790e-01 4.069965203623632233e-01 4.725288350498154100e-01 6.990013110276587227e-01 4.418562251728945789e-01 5.668833817013406717e-01 6.788439499826017798e-01 8.154050898718830931e-01 2.273128035311916539e-01 4.590600354434178354e-01 6.762115123403981132e-01 4.144838940700931174e-01 4.243697330479540564e-01 2.014516998725025820e-01 3.095778762891358560e-01 1.608466380092337111e-01 5.125142516193420539e-01 7.408741417124107276e-01 3.756047539507147426e-01 7.618972363867613229e-01 5.632911999374191625e-01 5.915233628412220890e-01
4.133768270632315889e-01 3.984204450122766361e-01 2.543697986043019776e-01 5.670151386547290784e-01 0.000000000000000000e+00 3.361534840210828601e-01 2.938668531483327739e-01 5.468998785406640195e-01 4.918154926201161459e-01 7.175389924841996114e-01 2.739399981571642995e-01 8.308692240440372911e-01 5.911884127436088932e-01 9.040333448119586279e-01 8.339169287579895062e-01 5.901532106171305525e-01 5.218857304088398985e-01 4.237829907335403101e-01 4.438770875703283436e-01 1.880657913498152145e-01 8.397703457200031973e-01 6.011658841924540919e-01 4.191813454495137981e-01 4.095819016068801832e-01 2.492927329953966153e-01 4.928441650573520683e-01 5.991994459180486343e-01 1.000082574147927339e+00 3.342654712254317095e-01 1.730860390290441531e-01
1.517036359804749546e-01 2.132825011254187719e-01 5.572108195678336928e-01 7.620362903537343247e-01 3.361534840210828601e-01 0.000000000000000000e+00 6.167139766880866958e-01 6.393213552595313764e-01 7.690260371616085555e-01 7.267090792098984675e-01 2.936977709303608686e-01 7.023373958569083531e-01 5.586194299648040706e-01 8.816723519164721967e-01 7.183650584902209202e-01 3.098008918234335107e-01 6.154177749485312265e-01 3.859221222948877039e-01 2.245025809046103382e-01 3.638987441810158652e-01 8.786104927178822743e-01 7.038151166190218522e-01 4.904326341883215035e-01 6.072303463332502371e-01 2.505104161154523279e-01 2.313651097750681340e-01 6.070198861068692997e-01 9.009317678939867680e-01 6.698453358759295373e-01 5.007793025206309645e-01
6.576706250170849533e-01 6.131854288117780660e-01 8.330793929224371286e-02 4.090748637625198914e-01 2.938668531483327739e-01 6.167139766880866958e-01 0.000000000000000000e+00 5.091471007821353201e-01 2.404473981854241549e-01 7.180563591888455832e-01 4.348426970507473510e-01 9.284799335987194979e-01 6.537130987377245406e-01 9.054482328770457888e-01 9.209561881404350059e-01 8.202920119995252834e-01 4.909363042406934552e-01 5.428752071673943469e-01 6.630964519979136718e-01 3.008561513302305257e-01 7.945500792248914035e-01 5.380021112205102263e-01 4.508832874060672569e-01 3.035965561659274004e-01 4.414860160136209744e-01 7.237882586311168431e-01 6.259583287253471795e-01 1.056986289354532094e+00 1.589232057469027182e-01 2.128853399783478262e-01
5.569239981269212825e-01 4.703079216850097333e-01 4.364028234906429660e-01 2.236672336450532261e-01 5.468998785406640195e-01 6.393213552595313764e-01 5.091471007821353201e-01 0.000000000000000000e+00 4.106117049103103489e-01 2.112519222022315735e-01 3.505965709387693363e-01 4.784478237048931382e-01 2.187699322716238348e-01 3.963833234736426347e-01 4.603272815761193515e-01 6.245280173779508281e-01 2.554806268986925533e-02 2.761682544383700644e-01 5.028711227129338823e-01 3.607981680925667067e-01 2.970025501470373586e-01 6.456792900077563957e-02 1.495509117800408738e-01 2.089550850190445008e-01 3.966103687615023521e-01 5.630546418438128198e-01 1.524728902026903365e-01 5.630792652053199232e-01 6.666220937198316099e-01 6.339323552179740862e-01
7.666679733443996225e-01 7.005712934754356747e-01 2.396589754940382233e-01 2.245948396540404790e-01 4.918154926201161459e-01 7.690260371616085555e-01 2.404473981854241549e-01 4.106117049103103489e-01 0.000000000000000000e+00 6.152996534076632384e-01 5.162557691554020556e-01 8.841250275104797218e-01 6.105014650691876765e-01 7.860023703585602428e-01 8.684384873755983669e-01 9.023113868771692747e-01 4.031363223036237842e-01 5.659169717831958879e-01 7.484543052187789813e-01 4.070646301931872268e-01 6.482436495343169014e-01 4.107154435604109532e-01 4.291153031026440079e-01 2.253753976116910085e-01 5.427109494942367052e-01 8.140466523998169945e-01 5.579293374658486071e-01 9.711484155764232851e-01 3.717773010813639756e-01 4.513852212035653899e-01
6.086291199572879673e-01 5.237120211186845342e-01 6.427266761557622887e-01 4.069965203623632233e-01 7.175389924841996114e-01 7.267090792098984675e-01 7.180563591888455832e-01 2.112519222022315735e-01 6.152996534076632384e-01 0.000000000000000000e+00 4.737358162938900552e-01 3.130083261828268681e-01 1.722140368210594019e-01 1.901475833783966007e-01 2.866536767274578401e-01 6.152471550793776611e-01 2.273199162074817092e-01 3.423439074825551098e-01 5.385149150266324014e-01 5.303255310717926996e-01 1.566353167215213671e-01 2.063368215499873093e-01 2.990267281445679326e-01 4.201306840254646624e-01 5.174376205898189029e-01 5.841989156056031085e-01 1.231011934823269260e-01 3.561624391441116089e-01 8.742078309583043438e-01 8.269345183706298119e-01
2.516758631385665468e-01 1.857391777621031081e-01 3.554598282104929341e-01 4.725288350498154100e-01 2.739399981571642995e-01 2.936977709303608686e-01 4.348426970507473510e-01 3.505965709387693363e-01 5.162557691554020556e-01 4.737358162938900552e-01 0.000000000000000000e+00 5.569309501038431920e-01 3.270071145578496985e-01 6.511035531180769942e-01 5.602554987482400994e-01 3.919681673061802263e-01 3.258366811151081066e-01 1.510996716693031316e-01 2.349646351339870765e-01 1.343267617407584158e-01 6.142212996722292706e-01 4.144319354115700293e-01 2.011735117032185105e-01 3.243506581004121925e-01 4.615034692940222366e-02 2.995431147038675745e-01 3.507655906147819080e-01 7.288767379899370180e-01 5.479567480539040414e-01 4.281218362376132403e-01
5.534130986744044689e-01 4.938303404663454965e-01 8.459557998139636270e-01 6.990013110276587227e-01 8.308692240440372911e-01 7.023373958569083531e-01 9.284799335987194979e-01 4.784478237048931382e-01 8.841250275104797218e-01 3.130083261828268681e-01 5.569309501038431920e-01 0.000000000000000000e+00 2.776318759210765763e-01 2.973580835243997411e-01 3.332226373321189872e-02 4.680738430612457757e-01 4.820580361961996352e-01 4.086391238758841915e-01 4.781789288753325318e-01 6.678024117506456969e-01 4.186145349225618983e-01 5.006611996986000124e-01 4.786128754668749208e-01 6.650773541042422909e-01 5.853812161630759237e-01 4.896881410638273535e-01 3.269524058026531677e-01 2.031919687407446051e-01 1.071228687777928013e+00 9.788862290323981918e-01
4.366972966934619116e-01 3.524385634777673637e-01 5.719810887179204162e-01 4.418562251728945789e-01 5.911884127436088932e-01 5.586194299648040706e-01 6.537130987377245406e-01 2.187699322716238348e-01 6.105014650691876765e-01 1.722140368210594019e-01 3.270071145578496985e-01 2.776318759210765763e-01 0.000000000000000000e+00 3.277692161756438072e-01 2.675299395207683117e-01 4.500559765357575182e-01 2.154271492771645813e-01 1.815096519813440001e-01 3.663030767484098393e-01 4.124097048884789452e-01 3.285888234022045218e-01 2.604309224856142801e-01 2.028358628258176144e-01 3.886755179006119998e-01 3.666614502946448639e-01 4.129465877701197773e-01 7.666546948804361938e-02 4.131315010504730822e-01 8.003505936476508209e-01 7.228328676560801247e-01
7.497747757836801252e-01 6.705929219980049094e-01 8.314528360216016933e-01 5.668833817013406717e-01 9.040333448119586279e-01 8.816723519164721967e-01 9.054482328770457888e-01 3.963833234736426347e-01 7.860023703585602428e-01 1.901475833783966007e-01 6.511035531180769942e-01 2.973580835243997411e-01 3.277692161756438072e-01 0.000000000000000000e+00 2.640365829815859988e-01 7.178740630574326209e-01 4.148194556188485316e-01 5.091636106533451445e-01 6.750088466431943823e-01 7.179045383191428042e-01 1.631532962098917738e-01 3.772196832207392880e-01 4.875041092239842944e-01 6.044811864948096414e-01 6.926436362040665484e-01 7.091213190875936823e-01 3.048623173701888178e-01 2.217778673686712498e-01 1.062497923460823834e+00 1.016916077700398713e+00
5.709123518106997697e-01 5.078805052737305203e-01 8.389080026375771437e-01 6.788439499826017798e-01 8.339169287579895062e-01 7.183650584902209202e-01 9.209561881404350059e-01 4.603272815761193515e-01 8.684384873755983669e-01 2.866536767274578401e-01 5.602554987482400994e-01 3.332226373321189872e-02 2.675299395207683117e-01 2.640365829815859988e-01 0.000000000000000000e+00 4.933154347698024411e-01 4.654557335486529945e-01 4.103083359764785887e-01 4.950907453111670353e-01 6.668270924757019325e-01 3.869516681232298971e-01 4.791246228228033255e-01 4.701484203430884024e-01 6.516535132534608810e-01 5.907522393406792194e-01 5.102037552872660253e-01 3.105119593602492789e-01 1.828616733290860386e-01 1.065925162638628354e+00 9.785241385404384040e-01
1.784119202232402890e-01 2.075320659397103806e-01 7.441583266968881949e-01 8.154050898718830931e-01 5.901532106171305525e-01 3.098008918234335107e-01 8.202920119995252834e-01 6.245280173779508281e-01 9.023113868771692747e-01 6.152471550793776611e-01 3.919681673061802263e-01 4.680738430612457757e-01 4.500559765357575182e-01 7.178740630574326209e-01 4.933154347698024411e-01 0.000000000000000000e+00 6.079379831587576888e-01 3.565033694906268869e-01 1.576047418591009497e-01 5.214784129528200474e-01 7.702013473226010376e-01 6.833869211899923357e-01 5.058287656887254791e-01 6.924313990451429479e-01 3.789133456450942128e-01 9.793052459650207486e-02 5.226758324350189167e-01 6.703518303829600899e-01 9.136455115371938662e-01 7.632235904813957639e-01
5.355568387868140379e-01 4.493252995361666224e-01 4.167362391766377128e-01 2.273128035311916539e-01 5.218857304088398985e-01 6.154177749485312265e-01 4.909363042406934552e-01 2.554806268986925533e-02 4.031363223036237842e-01 2.273199162074817092e-01 3.258366811151081066e-01 4.820580361961996352e-01 2.154271492771645813e-01 4.148194556188485316e-01 4.654557335486529945e-01 6.079379831587576888e-01 0.000000000000000000e+00 2.565607867860290603e-01 4.830959951190833546e-01 3.355150272080698604e-01 3.206201749486275454e-01 8.863062780750886882e-02 1.251240610816971854e-01 1.940797710271107424e-01 3.717830794093939795e-01 5.441038173305278169e-01 1.551475531709823885e-01 5.751723901608969403e-01 6.476827398770954591e-01 6.110840836470238235e-01
2.833825117283890749e-01 1.959750217401199923e-01 4.597431612540662238e-01 4.590600354434178354e-01 4.237829907335403101e-01 3.859221222948877039e-01 5.428752071673943469e-01 2.761682544383700644e-01 5.659169717831958879e-01 3.423439074825551098e-01 1.510996716693031316e-01 4.086391238758841915e-01 1.815096519813440001e-01 5.091636106533451445e-01 4.103083359764785887e-01 3.565033694906268869e-01 2.565607867860290603e-01 0.000000000000000000e+00 2.267069665670744527e-01 2.612866146161934022e-01 4.927535145029227071e-01 3.389486585163456467e-01 1.495872256325430916e-01 3.452374565915158344e-01 1.869146842581119738e-01 2.876765637603778680e-01 2.212742155108380626e-01 5.777795406514173449e-01 6.737251521367608742e-01 5.707351182776169152e-01
7.631912954495613521e-02 4.995643029007666019e-02 5.865997831939264717e-01 6.762115123403981132e-01 4.438770875703283436e-01 2.245025809046103382e-01 6.630964519979136718e-01 5.028711227129338823e-01 7.484543052187789813e-01 5.385149150266324014e-01 2.349646351339870765e-01 4.781789288753325318e-01 3.663030767484098393e-01 6.750088466431943823e-01 4.950907453111670353e-01 1.576047418591009497e-01 4.830959951190833546e-01 2.267069665670744527e-01 0.000000000000000000e+00 3.638880198585680570e-01 6.948041166953143888e-01 5.654315973340664492e-01 3.695943242079953728e-01 5.440209487660118137e-01 2.216105426470266482e-01 6.588357863226014521e-02 4.285150221022414052e-01 6.779130026319495350e-01 7.603524349079320288e-01 6.159114903377175265e-01
3.669454664611732086e-01 3.139469331682395725e-01 2.227709973176812686e-01 4.144838940700931174e-01 1.880657913498152145e-01 3.638987441810158652e-01 3.008561513302305257e-01 3.607981680925667067e-01 4.070646301931872268e-01 5.303255310717926996e-01 1.343267617407584158e-01 6.678024117506456969e-01 4.124097048884789452e-01 7.179045383191428042e-01 6.668270924757019325e-01 5.214784129528200474e-01 3.355150272080698604e-01 2.612866146161934022e-01 3.638880198585680570e-01 0.000000000000000000e+00 6.519436360050550050e-01 4.174175147816026055e-01 2.314664952876471227e-01 2.539987071279423136e-01 1.434630084671741357e-01 4.262882361063702885e-01 4.135672985992048245e-01 8.250574370162648830e-01 4.161872978745482787e-01 3.118116224329511854e-01
7.642414976235378798e-01 6.786995610626355147e-01 7.271602847632354649e-01 4.243697330479540564e-01 8.397703457200031973e-01 8.786104927178822743e-01 7.945500792248914035e-01 2.970025501470373586e-01 6.482436495343169014e-01 1.566353167215213671e-01 6.142212996722292706e-01 4.186145349225618983e-01 3.285888234022045218e-01 1.631532962098917738e-01 3.869516681232298971e-01 7.702013473226010376e-01 3.206201749486275454e-01 4.927535145029227071e-01 6.948041166953143888e-01 6.519436360050550050e-01 0.000000000000000000e+00 2.568452865634593962e-01 4.239487537854004784e-01 4.912329417613216509e-01 6.593916654923454024e-01 7.408290915161824808e-01 2.716104398385655871e-01 3.838814886897679024e-01 9.534305801356025567e-01 9.307071919342299049e-01
6.207190771714435895e-01 5.338797721288350839e-01 4.704376484025128979e-01 2.014516998725025820e-01 6.011658841924540919e-01 7.038151166190218522e-01 5.380021112205102263e-01 6.456792900077563957e-02 4.107154435604109532e-01 2.063368215499873093e-01 4.144319354115700293e-01 5.006611996986000124e-01 2.604309224856142801e-01 3.772196832207392880e-01 4.791246228228033255e-01 6.833869211899923357e-01 8.863062780750886882e-02 3.389486585163456467e-01 5.654315973340664492e-01 4.174175147816026055e-01 2.568452865634593962e-01 0.000000000000000000e+00 2.137219046604373895e-01 2.344822134865965912e-01 4.603434319680241305e-01 6.247512379057100773e-01 1.864366633736753986e-01 5.623109958279136622e-01 6.968049843158465873e-01 6.778865963760528635e-01
4.161865939389701174e-01 3.317167497820600053e-01 3.692078231937606647e-01 3.095778762891358560e-01 4.191813454495137981e-01 4.904326341883215035e-01 4.508832874060672569e-01 1.495509117800408738e-01 4.291153031026440079e-01 2.990267281445679326e-01 2.011735117032185105e-01 4.786128754668749208e-01 2.028358628258176144e-01 4.875041092239842944e-01 4.701484203430884024e-01 5.058287656887254791e-01 1.251240610816971854e-01 1.495872256325430916e-01 3.695943242079953728e-01 2.314664952876471227e-01 4.239487537854004784e-01 2.137219046604373895e-01 0.000000000000000000e+00 2.040505895533410996e-01 2.472594865308954948e-01 4.331783143470925856e-01 1.853589315398666559e-01 6.109111360123824497e-01 5.983469286539331300e-01 5.314482668372694230e-01
5.740380183275753945e-01 4.990076689813647270e-01 2.373619436251852843e-01 1.608466380092337111e-01 4.095819016068801832e-01 6.072303463332502371e-01 3.035965561659274004e-01 2.089550850190445008e-01 2.253753976116910085e-01 4.201306840254646624e-01 3.243506581004121925e-01 6.650773541042422909e-01 3.886755179006119998e-01 6.044811864948096414e-01 6.516535132534608810e-01 6.924313990451429479e-01 1.940797710271107424e-01 3.452374565915158344e-01 5.440209487660118137e-01 2.539987071279423136e-01 4.912329417613216509e-01 2.344822134865965912e-01 2.040505895533410996e-01 0.000000000000000000e+00 3.606953866558537114e-01 6.098289748821574818e-01 3.429651010610522133e-01 7.690231171018437895e-01 4.623374318238314129e-01 4.541804048671108651e-01
2.248718931094866313e-01 1.717104476973631000e-01 3.655024064918020454e-01 5.125142516193420539e-01 2.492927329953966153e-01 2.505104161154523279e-01 4.414860160136209744e-01 3.966103687615023521e-01 5.427109494942367052e-01 5.174376205898189029e-01 4.615034692940222366e-02 5.853812161630759237e-01 3.666614502946448639e-01 6.926436362040665484e-01 5.907522393406792194e-01 3.789133456450942128e-01 3.717830794093939795e-01 1.869146842581119738e-01 2.216105426470266482e-01 1.434630084671741357e-01 6.593916654923454024e-01 4.603434319680241305e-01 2.472594865308954948e-01 3.606953866558537114e-01 0.000000000000000000e+00 2.830594169348113476e-01 3.943440756546828241e-01 7.627274001172751339e-01 5.435762102033019350e-01 4.120745619340151489e-01
8.538769259615394680e-02 1.138213029456420361e-01 6.485558484087829978e-01 7.408741417124107276e-01 4.928441650573520683e-01 2.313651097750681340e-01 7.237882586311168431e-01 5.630546418438128198e-01 8.140466523998169945e-01 5.841989156056031085e-01 2.995431147038675745e-01 4.896881410638273535e-01 4.129465877701197773e-01 7.091213190875936823e-01 5.102037552872660253e-01 9.793052459650207486e-02 5.441038173305278169e-01 2.876765637603778680e-01 6.588357863226014521e-02 4.262882361063702885e-01 7.408290915161824808e-01 6.247512379057100773e-01 4.331783143470925856e-01 6.098289748821574818e-01 2.830594169348113476e-01 0.000000000000000000e+00 4.795209103584790467e-01 6.923463228615310827e-01 8.157225400437246865e-01 6.658484740975977312e-01
4.952481790670051898e-01 4.087688901144457820e-01 5.467539313764641085e-01 3.756047539507147426e-01 5.991994459180486343e-01 6.070198861068692997e-01 6.259583287253471795e-01 1.524728902026903365e-01 5.579293374658486071e-01 1.231011934823269260e-01 3.507655906147819080e-01 3.269524058026531677e-01 7.666546948804361938e-02 3.048623173701888178e-01 3.105119593602492789e-01 5.226758324350189167e-01 1.551475531709823885e-01 2.212742155108380626e-01 4.285150221022414052e-01 4.135672985992048245e-01 2.716104398385655871e-01 1.864366633736753986e-01 1.853589315398666559e-01 3.429651010610522133e-01 3.943440756546828241e-01 4.795209103584790467e-01 0.000000000000000000e+00 4.310390377312510179e-01 7.780740100729827136e-01 7.168020888015801395e-01
7.537696678602927580e-01 6.897642808307299367e-01 9.774485452385598405e-01 7.618972363867613229e-01 1.000082574147927339e+00 9.009317678939867680e-01 1.056986289354532094e+00 5.630792652053199232e-01 9.711484155764232851e-01 3.561624391441116089e-01 7.288767379899370180e-01 2.031919687407446051e-01 4.131315010504730822e-01 2.217778673686712498e-01 1.828616733290860386e-01 6.703518303829600899e-01 5.751723901608969403e-01 5.777795406514173449e-01 6.779130026319495350e-01 8.250574370162648830e-01 3.838814886897679024e-01 5.623109958279136622e-01 6.109111360123824497e-01 7.690231171018437895e-01 7.627274001172751339e-01 6.923463228615310827e-01 4.310390377312510179e-01 0.000000000000000000e+00 1.208327549519071065e+00 1.135936229824652255e+00
7.409477837615778828e-01 7.116632467931883754e-01 2.317567140795071534e-01 5.632911999374191625e-01 3.342654712254317095e-01 6.698453358759295373e-01 1.589232057469027182e-01 6.666220937198316099e-01 3.717773010813639756e-01 8.742078309583043438e-01 5.479567480539040414e-01 1.071228687777928013e+00 8.003505936476508209e-01 1.062497923460823834e+00 1.065925162638628354e+00 9.136455115371938662e-01 6.476827398770954591e-01 6.737251521367608742e-01 7.603524349079320288e-01 4.161872978745482787e-01 9.534305801356025567e-01 6.968049843158465873e-01 5.983469286539331300e-01 4.623374318238314129e-01 5.435762102033019350e-01 8.157225400437246865e-01 7.780740100729827136e-01 1.208327549519071065e+00 0.000000000000000000e+00 1.767642859682924117e-01
5.863943869422991728e-01 5.695693381281871082e-01 2.284437336752301595e-01 5.915233628412220890e-01 1.730860390290441531e-01 5.007793025206309645e-01 2.128853399783478262e-01 6.339323552179740862e-01 4.513852212035653899e-01 8.269345183706298119e-01 4.281218362376132403e-01 9.788862290323981918e-01 7.228328676560801247e-01 1.016916077700398713e+00 9.785241385404384040e-01 7.632235904813957639e-01 6.110840836470238235e-01 5.707351182776169152e-01 6.159114903377175265e-01 3.118116224329511854e-01 9.307071919342299049e-01 6.778865963760528635e-01 5.314482668372694230e-01 4.541804048671108651e-01 4.120745619340151489e-01 6.658484740975977312e-01 7.168020888015801395e-01 1.135936229824652255e+00 1.767642859682924117e-01 0.000000000000000000e+00
