0.000000000000000000e+00 2.777220335743909030e-01 5.473667942905748873e-01 3.454514839293783557e-01 2.570003793884912957e-01 6.306262662715172995e-01 3.867340648328664865e-01 4.759392493985423189e-01 7.467067629557803954e-02 4.439551315756455896e-01 5.476561911637372049e-01 1.025175935293096835e-01 3.800174533571888946e-01 4.959348632457026285e-01 7.114438577633432903e-01 7.756994356178216199e-01 1.667559577815709015e-01 2.387012404644877905e-01 7.107527614306617669e-02 4.992196749979980197e-01 5.318377230004170952e-01 5.370799057487237738e-01 7.249386258767398505e-01 3.939811030417604831e-01 3.509566542125062139e-01 5.275551869705189523e-01 5.737592740856091167e-01 1.563188431944191603e-01 6.596584934036504588e-01 8.093061430663316402e-01
2.777220335743909030e-01 0.000000000000000000e+00 3.201453338906702362e-01 6.181501945970927503e-01 4.416678109779206829e-01 7.328439420076763300e-01 6.359387789125350299e-01 1.991474142584208074e-01 2.583867549473087277e-01 3.631109640224635116e-01 7.419186334496175039e-01 3.802012752920061467e-01 6.232000248978437629e-01 6.307166949940188339e-01 5.117215568361166422e-01 8.889220136146765983e-01 1.414795969241870732e-01 4.669894969735682300e-01 2.077433431906304251e-01 3.677867743271975298e-01 2.776563251523296305e-01 4.963153628946423979e-01 7.802067055484928071e-01 4.385423046806849467e-01 1.249200213789598973e-01 8.046878216161813535e-01 8.413121380473241873e-01 2.702966371600079021e-01 6.856516636053704428e-01 9.266604558435878047e-01
5.473667942905748873e-01 3.201453338906702362e-01 0.000000000000000000e+00 8.412559999287703150e-01 7.556808425748944291e-01 7.174185385827017702e-01 8.139366543231858486e-01 2.119259037237570531e-01 4.942358849222613926e-01 2.688729327167112548e-01 8.337547090311856479e-01 6.425367845049054782e-01 7.941152746565484088e-01 6.729303582902879111e-01 1.968522464491702650e-01 8.632254202415050592e-01 3.807629455121653295e-01 6.469796322649474796e-01 4.797944156823873429e-01 1.953556310815048880e-01 8.454132674963195371e-02 3.786945172061081943e-01 7.024086604726520466e-01 7.527947232573045655e-01 2.034066785252692244e-01 1.037855952494494804e+00 1.037728603593931931e+00 4.512135686141794944e-01 5.917337128888362496e-01 9.014897999612849766e-01
3.454514839293783557e-01 6.181501945970927503e-01 8.412559999287703150e-01 0.000000000000000000e+00 4.059109425899397605e-01 5.776704381935660049e-01 1.306442011236512990e-01 8.118844964280581555e-01 3.633926766962151667e-01 6.514979284737072440e-01 3.633023875563712868e-01 2.488511569505213183e-01 1.493357585299786017e-01 4.381443521450601453e-01 9.695374582761343563e-01 6.753789396347994467e-01 4.875556311606062954e-01 2.073344747432803725e-01 4.116713384744336568e-01 7.316523361104668721e-01 8.460903964167982849e-01 6.821319722226222293e-01 7.148071202941732594e-01 6.248212776877761776e-01 6.672082342056784299e-01 1.968184074770866210e-01 2.307060599535079304e-01 3.902317988682287853e-01 7.005325671512564467e-01 6.973509611891324234e-01
2.570003793884912957e-01 4.416678109779206829e-01 7.556808425748944291e-01 4.059109425899397605e-01 0.000000000000000000e+00 8.602109105251151133e-01 5.097425900368734997e-01 6.272307903483065328e-01 3.316564417186937397e-01 6.961383519541904930e-01 7.232695194223910384e-01 2.363107520604885714e-01 5.155696755691783206e-01 7.179362450791568762e-01 9.372834435266309550e-01 9.945452794094120641e-01 3.928159593184589737e-01 4.280573394909856222e-01 2.989601648855838012e-01 7.434874306727031756e-01 7.193128906165092706e-01 7.939466387441125317e-01 9.677994206929571019e-01 2.219622142155072975e-01 5.523626129205835289e-01 5.161623196762274990e-01 6.187949365637813726e-01 4.132507372964174253e-01 9.105777349950010535e-01 1.024832470299374076e+00
6.306262662715172995e-01 7.328439420076763300e-01 7.174185385827017702e-01 5.776704381935660049e-01 8.602109105251151133e-01 0.000000000000000000e+00 4.538055950740172984e-01 8.363584391260642237e-01 5.693302342143956585e-01 4.498095560573009410e-01 2.629594075020212918e-01 6.239450833833386501e-01 4.310954436698010150e-01 1.450022162315680874e-01 7.210054357884216891e-01 1.561854291018985041e-01 6.141038343851764614e-01 4.376181150928298846e-01 6.365064182639085244e-01 5.244007606971153868e-01 7.775320405864892814e-01 3.510423729789848291e-01 1.452690821425287881e-01 1.024603930485981085e+00 6.753118555682446900e-01 7.109862296892428546e-01 6.118525171135533736e-01 5.003598293728444002e-01 1.911348017852547154e-01 1.942848830501780755e-01
3.867340648328664865e-01 6.359387789125350299e-01 8.139366543231858486e-01 1.306442011236512990e-01 5.097425900368734997e-01 4.538055950740172984e-01 0.000000000000000000e+00 8.181063193129640698e-01 3.788907353851929671e-01 5.943245023763180646e-01 2.328985042846470899e-01 3.097205864726537139e-01 2.504367289748566164e-02 3.194584709070419914e-01 9.199121120099991167e-01 5.453905970228837274e-01 4.962714897040542139e-01 1.718896624350054469e-01 4.414791973194129859e-01 6.795392350515511160e-01 8.317388128489699994e-01 6.012865022430683437e-01 5.943238865653982517e-01 7.205377849416632063e-01 6.608750236945762913e-01 2.700705129014355221e-01 2.249708083046876028e-01 3.777487279424249778e-01 5.904357402528244148e-01 5.668603090003127010e-01
4.759392493985423189e-01 1.991474142584208074e-01 2.119259037237570531e-01 8.118844964280581555e-01 6.272307903483065328e-01 8.363584391260642237e-01 8.181063193129640698e-01 0.000000000000000000e+00 4.487136842374141454e-01 4.021471648014463551e-01 8.947201027272708718e-01 5.784384549996159919e-01 8.029493909101859117e-01 7.591609423847478499e-01 4.022248765766822665e-01 9.904878344352716635e-01 3.250359979413592337e-01 6.464549220627459070e-01 4.052727596863187065e-01 3.612887963320359774e-01 1.324666308104146539e-01 5.348979680512523371e-01 8.520244437237621815e-01 5.768212482743119152e-01 1.672299114192462299e-01 1.001269406376526394e+00 1.030671485049432290e+00 4.412966889037512330e-01 7.460187226902330604e-01 1.029107760274677430e+00
7.467067629557803954e-02 2.583867549473087277e-01 4.942358849222613926e-01 3.633926766962151667e-01 3.316564417186937397e-01 5.693302342143956585e-01 3.788907353851929671e-01 4.487136842374141454e-01 0.000000000000000000e+00 3.714612257962573993e-01 5.112556646498531698e-01 1.497313293332863671e-01 3.676064998824051799e-01 4.398164713083553279e-01 6.491933499748433478e-01 7.179688887506581185e-01 1.242095863156203600e-01 2.139250271855858698e-01 7.149876638938884588e-02 4.303174156755931179e-01 4.879279759986391851e-01 4.624213793033197795e-01 6.571165313516622586e-01 4.583243985535283005e-01 3.068910794167559741e-01 5.551807286608667624e-01 5.833389855468668062e-01 8.190514693835281024e-02 5.882392612424550693e-01 7.527098014045039420e-01
4.439551315756455896e-01 3.631109640224635116e-01 2.688729327167112548e-01 6.514979284737072440e-01 6.961383519541904930e-01 4.498095560573009410e-01 5.943245023763180646e-01 4.021471648014463551e-01 3.714612257962573993e-01 0.000000000000000000e+00 5.751815316747097562e-01 5.123610184766022035e-01 5.715979766776387860e-01 4.073835783351699158e-01 3.264189482306772416e-01 5.986004585368682740e-01 3.134596674930850702e-01 4.445887512574606126e-01 3.979127872307082203e-01 8.769239044906175506e-02 3.283303152483799114e-01 1.363283117442764814e-01 4.502557439993138400e-01 7.721209893480593944e-01 2.615620581763343777e-01 8.451245163225343804e-01 8.183473004321319966e-01 2.969491834979920974e-01 3.439226129865023962e-01 6.371386760072739186e-01
5.476561911637372049e-01 7.419186334496175039e-01 8.337547090311856479e-01 3.633023875563712868e-01 7.232695194223910384e-01 2.629594075020212918e-01 2.328985042846470899e-01 8.947201027272708718e-01 5.112556646498531698e-01 5.751815316747097562e-01 0.000000000000000000e+00 4.994186867645480365e-01 2.175053923213998153e-01 1.797248228646208812e-01 8.915674790315412102e-01 3.195276979000499229e-01 6.027151750711859934e-01 3.102840618013958940e-01 5.823782576544344058e-01 6.620800171108691679e-01 8.734330554027421867e-01 5.285576116907115818e-01 4.078103142352631494e-01 9.212653562650804373e-01 7.277799368425654780e-01 4.601833953504461672e-01 3.505097109536413624e-01 4.727768272758560153e-01 4.390196558679800298e-01 3.372592865415111052e-01
1.025175935293096835e-01 3.802012752920061467e-01 6.425367845049054782e-01 2.488511569505213183e-01 2.363107520604885714e-01 6.239450833833386501e-01 3.097205864726537139e-01 5.784384549996159919e-01 1.497313293332863671e-01 5.123610184766022035e-01 4.994186867645480365e-01 0.000000000000000000e+00 3.080534292938071905e-01 4.816891691973471668e-01 7.987278681163667571e-01 7.589837551692300011e-01 2.647368075664310871e-01 1.942140136228165670e-01 1.732914281686873392e-01 5.767178190117484560e-01 6.314564974261003272e-01 5.883824590830458723e-01 7.338713844364866956e-01 4.218518815967401414e-01 4.500666189648441229e-01 4.258412854865637476e-01 4.792710148688555938e-01 2.154786928928461021e-01 6.822857158978211656e-01 7.898575876795315143e-01
3.800174533571888946e-01 6.232000248978437629e-01 7.941152746565484088e-01 1.493357585299786017e-01 5.155696755691783206e-01 4.310954436698010150e-01 2.504367289748566164e-02 8.029493909101859117e-01 3.676064998824051799e-01 5.715979766776387860e-01 2.175053923213998153e-01 3.080534292938071905e-01 0.000000000000000000e+00 2.954706028974521392e-01 8.974963882452309250e-01 5.261257660187950158e-01 4.827686421852083742e-01 1.567393977139169003e-01 4.320461984328006766e-01 6.571606691165829961e-01 8.135694838333674683e-01 5.767448532566049613e-01 5.708843762533160060e-01 7.233737811666544060e-01 6.442583406371950039e-01 2.951021719512120223e-01 2.468753693149877415e-01 3.618429243839140219e-01 5.657445799772184980e-01 5.485589752190076496e-01
4.959348632457026285e-01 6.307166949940188339e-01 6.729303582902879111e-01 4.381443521450601453e-01 7.179362450791568762e-01 1.450022162315680874e-01 3.194584709070419914e-01 7.591609423847478499e-01 4.398164713083553279e-01 4.073835783351699158e-01 1.797248228646208812e-01 4.816891691973471668e-01 2.954706028974521392e-01 0.000000000000000000e+00 7.160241668721815111e-01 2.798864218391905467e-01 5.013299443774917874e-01 2.930888035628293475e-01 5.095493580619467888e-01 4.923049611496846945e-01 7.208284004933740441e-01 3.495507550901520433e-01 2.766713116751912671e-01 8.890122835346593311e-01 5.928024904860413891e-01 5.850509179482001887e-01 5.015248237339446913e-01 3.784593503091118194e-01 2.755778671623492770e-01 3.134456342775340798e-01
7.114438577633432903e-01 5.117215568361166422e-01 1.968522464491702650e-01 9.695374582761343563e-01 9.372834435266309550e-01 7.210054357884216891e-01 9.199121120099991167e-01 4.022248765766822665e-01 6.491933499748433478e-01 3.264189482306772416e-01 8.915674790315412102e-01 7.987278681163667571e-01 8.974963882452309250e-01 7.160241668721815111e-01 0.000000000000000000e+00 8.482936207090079339e-01 5.494581500446582556e-01 7.649808409815569421e-01 6.488382311585659812e-01 2.403744006698341762e-01 2.697582504393749581e-01 3.723293698293109188e-01 6.665751669154641457e-01 9.479291922190339337e-01 3.893073168783464100e-01 1.165308657612128762e+00 1.144356604604682470e+00 5.907411725363471700e-01 5.577276104912277654e-01 8.843816159436621582e-01
7.756994356178216199e-01 8.889220136146765983e-01 8.632254202415050592e-01 6.753789396347994467e-01 9.945452794094120641e-01 1.561854291018985041e-01 5.453905970228837274e-01 9.904878344352716635e-01 7.179688887506581185e-01 5.986004585368682740e-01 3.195276979000499229e-01 7.589837551692300011e-01 5.261257660187950158e-01 2.798864218391905467e-01 8.482936207090079339e-01 0.000000000000000000e+00 7.687840835018281416e-01 5.667721433137407061e-01 7.866467476801628500e-01 6.683401979182366226e-01 9.269167247103428098e-01 4.882974577037795250e-01 1.911292613826951203e-01 1.168897574095535630e+00 8.306304580450319941e-01 7.782197628254728938e-01 6.591791913070683684e-01 6.522494910637487431e-01 2.919349558679548706e-01 3.864862102408433281e-02
1.667559577815709015e-01 1.414795969241870732e-01 3.807629455121653295e-01 4.875556311606062954e-01 3.928159593184589737e-01 6.141038343851764614e-01 4.962714897040542139e-01 3.250359979413592337e-01 1.242095863156203600e-01 3.134596674930850702e-01 6.027151750711859934e-01 2.647368075664310871e-01 4.827686421852083742e-01 5.013299443774917874e-01 5.494581500446582556e-01 7.687840835018281416e-01 0.000000000000000000e+00 3.262126690417724850e-01 9.972193754470587423e-02 3.516580613990256121e-01 3.667829605289395500e-01 4.301827361989037368e-01 6.783481534111764910e-01 4.610513686556277912e-01 1.853475205492080280e-01 6.791643552462588440e-01 7.058341613916341295e-01 1.299590498073306122e-01 5.937092224639514138e-01 8.056483317402726163e-01
2.387012404644877905e-01 4.669894969735682300e-01 6.469796322649474796e-01 2.073344747432803725e-01 4.280573394909856222e-01 4.376181150928298846e-01 1.718896624350054469e-01 6.464549220627459070e-01 2.139250271855858698e-01 4.445887512574606126e-01 3.102840618013958940e-01 1.942140136228165670e-01 1.567393977139169003e-01 2.930888035628293475e-01 7.649808409815569421e-01 5.667721433137407061e-01 3.262126690417724850e-01 0.000000000000000000e+00 2.816027409375634338e-01 5.258916982696887343e-01 6.612319747461823383e-01 4.779861838431431198e-01 5.580494668016616755e-01 6.140770144429481547e-01 4.890946520276551746e-01 4.007820046021325355e-01 3.915906265840309874e-01 2.058629486077979687e-01 5.224807276890057750e-01 5.967802305404538155e-01
7.107527614306617669e-02 2.077433431906304251e-01 4.797944156823873429e-01 4.116713384744336568e-01 2.989601648855838012e-01 6.365064182639085244e-01 4.414791973194129859e-01 4.052727596863187065e-01 7.149876638938884588e-02 3.979127872307082203e-01 5.823782576544344058e-01 1.732914281686873392e-01 4.320461984328006766e-01 5.095493580619467888e-01 6.488382311585659812e-01 7.866467476801628500e-01 9.972193754470587423e-02 2.816027409375634338e-01 0.000000000000000000e+00 4.451432634905634345e-01 4.615677245620354308e-01 5.027428770834976302e-01 7.187011297116032704e-01 3.980901370776055992e-01 2.812196291573868523e-01 5.969446072228961064e-01 6.375872261934775187e-01 1.382055604212491240e-01 6.445487368347054824e-01 8.217986108942536561e-01
4.992196749979980197e-01 3.677867743271975298e-01 1.953556310815048880e-01 7.316523361104668721e-01 7.434874306727031756e-01 5.244007606971153868e-01 6.795392350515511160e-01 3.612887963320359774e-01 4.303174156755931179e-01 8.769239044906175506e-02 6.620800171108691679e-01 5.767178190117484560e-01 6.571606691165829961e-01 4.923049611496846945e-01 2.403744006698341762e-01 6.683401979182366226e-01 3.516580613990256121e-01 5.258916982696887343e-01 4.451432634905634345e-01 0.000000000000000000e+00 2.661283802258566644e-01 1.837444022549453715e-01 5.077475101312041161e-01 7.969310753282285997e-01 2.497666723734829342e-01 9.266298702920313657e-01 9.040317712109902093e-01 3.626495109186008703e-01 3.975370088631806076e-01 7.065098099520500385e-01
5.318377230004170952e-01 2.776563251523296305e-01 8.454132674963195371e-02 8.460903964167982849e-01 7.193128906165092706e-01 7.775320405864892814e-01 8.317388128489699994e-01 1.324666308104146539e-01 4.879279759986391851e-01 3.283303152483799114e-01 8.734330554027421867e-01 6.314564974261003272e-01 8.135694838333674683e-01 7.208284004933740441e-01 2.697582504393749581e-01 9.269167247103428098e-01 3.667829605289395500e-01 6.612319747461823383e-01 4.615677245620354308e-01 2.661283802258566644e-01 0.000000000000000000e+00 4.492081379231421256e-01 7.729333344184083909e-01 6.952161690680528361e-01 1.814567423264103474e-01 1.041055849657325227e+00 1.052580028220886366e+00 4.580146868301313012e-01 6.632737228507276095e-01 9.654404238154262741e-01
5.370799057487237738e-01 4.963153628946423979e-01 3.786945172061081943e-01 6.821319722226222293e-01 7.939466387441125317e-01 3.510423729789848291e-01 6.012865022430683437e-01 5.348979680512523371e-01 4.624213793033197795e-01 1.363283117442764814e-01 5.285576116907115818e-01 5.883824590830458723e-01 5.767448532566049613e-01 3.495507550901520433e-01 3.723293698293109188e-01 4.882974577037795250e-01 4.301827361989037368e-01 4.779861838431431198e-01 5.027428770834976302e-01 1.837444022549453715e-01 4.492081379231421256e-01 0.000000000000000000e+00 3.240095365930080740e-01 8.911201327109020687e-01 3.978806639854556848e-01 8.664885894599076988e-01 8.170480345519764986e-01 3.814096851013281109e-01 2.140725743445480445e-01 5.260319264072149670e-01
7.249386258767398505e-01 7.802067055484928071e-01 7.024086604726520466e-01 7.148071202941732594e-01 9.677994206929571019e-01 1.452690821425287881e-01 5.943238865653982517e-01 8.520244437237621815e-01 6.571165313516622586e-01 4.502557439993138400e-01 4.078103142352631494e-01 7.338713844364866956e-01 5.708843762533160060e-01 2.766713116751912671e-01 6.665751669154641457e-01 1.911292613826951203e-01 6.783481534111764910e-01 5.580494668016616755e-01 7.187011297116032704e-01 5.077475101312041161e-01 7.729333344184083909e-01 3.240095365930080740e-01 0.000000000000000000e+00 1.115280603258123504e+00 7.022912839169227484e-01 8.549166712611536711e-01 7.571148831000854562e-01 5.805460483991680132e-01 1.112526713981620563e-01 2.230817455048719478e-01
3.939811030417604831e-01 4.385423046806849467e-01 7.527947232573045655e-01 6.248212776877761776e-01 2.219622142155072975e-01 1.024603930485981085e+00 7.205377849416632063e-01 5.768212482743119152e-01 4.583243985535283005e-01 7.721209893480593944e-01 9.212653562650804373e-01 4.218518815967401414e-01 7.233737811666544060e-01 8.890122835346593311e-01 9.479291922190339337e-01 1.168897574095535630e+00 4.610513686556277912e-01 6.140770144429481547e-01 3.980901370776055992e-01 7.969310753282285997e-01 6.952161690680528361e-01 8.911201327109020687e-01 1.115280603258123504e+00 0.000000000000000000e+00 5.634061314814404753e-01 7.363387428426456660e-01 8.406898081382033761e-01 5.353902007187921752e-01 1.042617050980955362e+00 1.201922321228694468e+00
3.509566542125062139e-01 1.249200213789598973e-01 2.034066785252692244e-01 6.672082342056784299e-01 5.523626129205835289e-01 6.753118555682446900e-01 6.608750236945762913e-01 1.672299114192462299e-01 3.068910794167559741e-01 2.615620581763343777e-01 7.277799368425654780e-01 4.500666189648441229e-01 6.442583406371950039e-01 5.928024904860413891e-01 3.893073168783464100e-01 8.306304580450319941e-01 1.853475205492080280e-01 4.890946520276551746e-01 2.812196291573868523e-01 2.497666723734829342e-01 1.814567423264103474e-01 3.978806639854556848e-01 7.022912839169227484e-01 5.634061314814404753e-01 0.000000000000000000e+00 8.612011291658318024e-01 8.783875021118563442e-01 2.834176564773681073e-01 6.005974438992750519e-01 8.691180049990898659e-01
5.275551869705189523e-01 8.046878216161813535e-01 1.037855952494494804e+00 1.968184074770866210e-01 5.161623196762274990e-01 7.109862296892428546e-01 2.700705129014355221e-01 1.001269406376526394e+00 5.551807286608667624e-01 8.451245163225343804e-01 4.601833953504461672e-01 4.258412854865637476e-01 2.951021719512120223e-01 5.850509179482001887e-01 1.165308657612128762e+00 7.782197628254728938e-01 6.791643552462588440e-01 4.007820046021325355e-01 5.969446072228961064e-01 9.266298702920313657e-01 1.041055849657325227e+00 8.664885894599076988e-01 8.549166712611536711e-01 7.363387428426456660e-01 8.612011291658318024e-01 0.000000000000000000e+00 1.445913553709014254e-01 5.866807818360112448e-01 8.588922158549171515e-01 7.922811474373951945e-01
5.737592740856091167e-01 8.413121380473241873e-01 1.037728603593931931e+00 2.307060599535079304e-01 6.187949365637813726e-01 6.118525171135533736e-01 2.249708083046876028e-01 1.030671485049432290e+00 5.833389855468668062e-01 8.183473004321319966e-01 3.505097109536413624e-01 4.792710148688555938e-01 2.468753693149877415e-01 5.015248237339446913e-01 1.144356604604682470e+00 6.591791913070683684e-01 7.058341613916341295e-01 3.915906265840309874e-01 6.375872261934775187e-01 9.040317712109902093e-01 1.052580028220886366e+00 8.170480345519764986e-01 7.571148831000854562e-01 8.406898081382033761e-01 8.783875021118563442e-01 1.445913553709014254e-01 0.000000000000000000e+00 5.953237920694561813e-01 7.765030393707569312e-01 6.692231333009802663e-01
1.563188431944191603e-01 2.702966371600079021e-01 4.512135686141794944e-01 3.902317988682287853e-01 4.132507372964174253e-01 5.003598293728444002e-01 3.777487279424249778e-01 4.412966889037512330e-01 8.190514693835281024e-02 2.969491834979920974e-01 4.727768272758560153e-01 2.154786928928461021e-01 3.618429243839140219e-01 3.784593503091118194e-01 5.907411725363471700e-01 6.522494910637487431e-01 1.299590498073306122e-01 2.058629486077979687e-01 1.382055604212491240e-01 3.626495109186008703e-01 4.580146868301313012e-01 3.814096851013281109e-01 5.805460483991680132e-01 5.353902007187921752e-01 2.834176564773681073e-01 5.866807818360112448e-01 5.953237920694561813e-01 0.000000000000000000e+00 5.082171409515736649e-01 6.881000684996506633e-01
6.596584934036504588e-01 6.856516636053704428e-01 5.917337128888362496e-01 7.005325671512564467e-01 9.105777349950010535e-01 1.911348017852547154e-01 5.904357402528244148e-01 7.460187226902330604e-01 5.882392612424550693e-01 3.439226129865023962e-01 4.390196558679800298e-01 6.822857158978211656e-01 5.657445799772184980e-01 2.755778671623492770e-01 5.577276104912277654e-01 2.919349558679548706e-01 5.937092224639514138e-01 5.224807276890057750e-01 6.445487368347054824e-01 3.975370088631806076e-01 6.632737228507276095e-01 2.140725743445480445e-01 1.112526713981620563e-01 1.042617050980955362e+00 6.005974438992750519e-01 8.588922158549171515e-01 7.765030393707569312e-01 5.082171409515736649e-01 0.000000000000000000e+00 3.271287343199418829e-01
8.093061430663316402e-01 9.266604558435878047e-01 9.014897999612849766e-01 6.973509611891324234e-01 1.024832470299374076e+00 1.942848830501780755e-01 5.668603090003127010e-01 1.029107760274677430e+00 7.527098014045039420e-01 6.371386760072739186e-01 3.372592865415111052e-01 7.898575876795315143e-01 5.485589752190076496e-01 3.134456342775340798e-01 8.843816159436621582e-01 3.864862102408433281e-02 8.056483317402726163e-01 5.967802305404538155e-01 8.217986108942536561e-01 7.065098099520500385e-01 9.654404238154262741e-01 5.260319264072149670e-01 2.230817455048719478e-01 1.201922321228694468e+00 8.691180049990898659e-01 7.922811474373951945e-01 6.692231333009802663e-01 6.881000684996506633e-01 3.271287343199418829e-01 0.000000000000000000e+00
