0.000000000000000000e+00 7.766311900010781644e-01 1.193855871405099078e+00 9.272728323156279595e-01 7.866564135636158195e-01 1.914777487297965042e-01 1.074104178612438565e+00 8.948057296041805886e-01 1.179308663601234430e+00 5.866290310709607603e-01 4.453909089136202093e-01 7.860429249341001068e-01 8.670690330952721681e-01 2.642408771067922268e-01 6.164333637024589363e-01 9.588950165092815503e-01 9.871076773021089101e-01 4.283639648614072093e-01 9.481096384131381116e-01 1.319036848006985618e+00 5.606415350058406855e-01 7.312866008273481988e-01 6.502192689771739698e-01 8.378970440495988603e-01 8.279747380046750260e-01 7.515877232116878748e-01 1.158328129532457007e+00 2.497628752207001757e-01 8.720963064057049019e-01 6.466822024729389495e-01
7.766311900010781644e-01 0.000000000000000000e+00 8.848790132367150285e-01 6.469683636489508283e-01 5.165681215923288994e-01 5.860829233835153085e-01 5.675942492781285154e-01 9.760151162719378215e-01 7.777423384632564662e-01 7.674497470360033269e-01 9.296153093877966844e-01 7.273460475250963508e-01 3.502940619018497515e-01 5.507826103811044316e-01 1.602475635073083160e-01 4.252373189407187004e-01 6.198906590747914613e-01 4.568487446182882272e-01 5.930447733572347113e-01 9.764166078389842074e-01 8.647057728412109734e-01 6.648753149417585551e-01 5.855738537916460595e-01 6.880500619769581994e-02 4.028901190831460366e-01 8.193679934596215242e-01 8.797222576711636322e-01 6.346555855755143805e-01 1.103043936167493966e+00 5.655082887673194003e-01
1.193855871405099078e+00 8.848790132367150285e-01 0.000000000000000000e+00 2.779662681133338586e-01 4.360023162132400931e-01 1.061631939232885902e+00 3.576929960167586353e-01 5.127405986923713188e-01 1.481229687296013176e-01 6.673285818399570246e-01 9.506187353972262999e-01 4.278906001460079378e-01 5.346922120042750803e-01 9.540877131083219664e-01 9.002605566238759405e-01 4.724189295176423053e-01 2.668086329544470114e-01 7.978849346147633970e-01 2.989043672185986988e-01 1.256888732944551612e-01 7.691396783230144418e-01 4.681295991311202886e-01 5.436653199218317578e-01 8.527369182761308508e-01 4.909511211108716355e-01 5.235805582111205947e-01 4.821277332779189823e-02 9.441022770024046773e-01 7.073975993462545686e-01 5.481287068871911750e-01
9.272728323156279595e-01 6.469683636489508283e-01 2.779662681133338586e-01 0.000000000000000000e+00 1.586880775287267675e-01 7.867890764610462329e-01 2.669914494510383096e-01 4.347851492912918059e-01 2.572878505821314388e-01 4.527140635533481450e-01 7.389265077031301754e-01 2.270820220639914178e-01 3.129328153115645272e-01 6.803961403311523659e-01 6.374243561055312757e-01 2.934019178337582967e-01 9.763518151628734765e-02 5.214379816609318041e-01 8.258773012851419737e-02 3.984733983236000143e-01 5.700466642892900726e-01 2.324172156715677839e-01 2.821117591917541301e-01 6.280219984666164379e-01 2.446845877476332698e-01 3.550944055761688367e-01 2.543131214436172294e-01 6.782806249400312737e-01 6.212823974597698751e-01 2.821320830312796235e-01
7.866564135636158195e-01 5.165681215923288994e-01 4.360023162132400931e-01 1.586880775287267675e-01 0.000000000000000000e+00 6.362422020153574165e-01 3.140674744738200519e-01 4.814502831122805526e-01 3.942377536812986527e-01 3.873254945842902752e-01 6.569508778093046120e-01 2.309784567688883405e-01 2.272210852881533238e-01 5.322333814123602069e-01 4.870514274452752979e-01 2.598224273635266202e-01 2.005092941830287079e-01 3.693974319686516017e-01 1.614550150506846582e-01 5.543941183596585720e-01 5.090974374757087917e-01 1.884044705013040999e-01 1.755643675866987441e-01 5.091925565902255535e-01 1.429593819763430862e-01 3.507947211187486536e-01 4.129042783142757300e-01 5.411692300799546551e-01 6.421281881913146750e-01 1.656098158020261057e-01
1.914777487297965042e-01 5.860829233835153085e-01 1.061631939232885902e+00 7.867890764610462329e-01 6.362422020153574165e-01 0.000000000000000000e+00 9.055327112841949910e-01 8.359382005228961354e-01 1.030073716433169917e+00 5.245214227824380737e-01 4.857030835400958368e-01 6.806929534035833784e-01 6.887074467387247489e-01 1.092286538981924598e-01 4.258389860963223694e-01 7.828843702531961268e-01 8.352429443227086248e-01 2.669117158946022750e-01 7.959987141738715799e-01 1.184666829451664682e+00 5.397044137752089465e-01 6.177240360985079004e-01 5.253397338172375308e-01 6.466905913016699481e-01 6.575970934972427129e-01 6.762209444549672765e-01 1.030511598646407512e+00 1.687783898429946750e-01 8.559934098977715067e-01 5.170845334950012750e-01
1.074104178612438565e+00 5.675942492781285154e-01 3.576929960167586353e-01 2.669914494510383096e-01 3.140674744738200519e-01 9.055327112841949910e-01 0.000000000000000000e+00 6.998329683821521430e-01 2.225234163540455723e-01 6.930379826387517150e-01 9.696666703875587157e-01 4.883771599305898325e-01 2.373137228435188983e-01 8.111539676825372247e-01 6.253434770107662022e-01 1.449371551318563711e-01 1.711323144026328236e-01 6.458461341451965376e-01 1.882024256382945349e-01 4.220371444913608716e-01 8.143739018695168586e-01 4.765845736103183072e-01 4.888463977143203132e-01 5.228862949279603489e-01 2.479738223649832485e-01 6.181487975838466653e-01 3.721917195110804322e-01 8.379198779895619120e-01 8.881812461698724848e-01 4.796636292550781611e-01
8.948057296041805886e-01 9.760151162719378215e-01 5.127405986923713188e-01 4.347851492912918059e-01 4.814502831122805526e-01 8.359382005228961354e-01 6.998329683821521430e-01 0.000000000000000000e+00 6.087295807589495622e-01 3.127415789916530575e-01 5.212334703508221256e-01 2.520339852414026915e-01 7.066074501449969292e-01 7.333417404131471473e-01 9.036045317308308844e-01 7.167749980193134363e-01 5.287084263688468511e-01 6.393110587651487098e-01 5.170211597674305715e-01 6.165241010126292220e-01 3.474486748585058349e-01 3.111599258189586825e-01 3.965304546980499278e-01 9.804311947620004686e-01 6.233110384537864368e-01 1.687196640260534841e-01 4.645538622770046255e-01 6.735995614161056633e-01 1.969437584908112493e-01 4.160079697436030455e-01
1.179308663601234430e+00 7.777423384632564662e-01 1.481229687296013176e-01 2.572878505821314388e-01 3.942377536812986527e-01 1.030073716433169917e+00 2.225234163540455723e-01 6.087295807589495622e-01 0.000000000000000000e+00 7.021315891976787071e-01 9.895835938041780411e-01 4.648442633823192116e-01 4.308873654806628650e-01 9.264711134896113087e-01 8.141180615244199004e-01 3.539087490766137933e-01 1.951264102555436142e-01 7.631665705862400451e-01 2.342762217822201842e-01 2.004649460879012746e-01 8.149339092321669087e-01 4.853443249969416895e-01 5.390681983933286459e-01 7.384766491746408423e-01 4.060882658082490271e-01 5.813053329901389787e-01 1.787490813167043335e-01 9.316965251339424103e-01 8.056343470529154782e-01 5.380762669683051280e-01
5.866290310709607603e-01 7.674497470360033269e-01 6.673285818399570246e-01 4.527140635533481450e-01 3.873254945842902752e-01 5.245214227824380737e-01 6.930379826387517150e-01 3.127415789916530575e-01 7.021315891976787071e-01 0.000000000000000000e+00 2.874569054775139576e-01 2.405478738546305284e-01 5.936994820426396702e-01 4.245524948628117690e-01 6.602202892959943004e-01 6.450520778234783981e-01 5.435430124258876505e-01 3.563703393607414172e-01 5.126338492688763404e-01 7.909841949683825701e-01 1.218454070493342339e-01 2.207314947572678321e-01 2.176171887207757616e-01 7.904674488677126964e-01 5.138629413631218279e-01 1.666166932568271808e-01 6.239970943724838515e-01 3.608954766897759514e-01 3.547023620490231677e-01 2.338674543563454278e-01
4.453909089136202093e-01 9.296153093877966844e-01 9.506187353972262999e-01 7.389265077031301754e-01 6.569508778093046120e-01 4.857030835400958368e-01 9.696666703875587157e-01 5.212334703508221256e-01 9.895835938041780411e-01 2.874569054775139576e-01 0.000000000000000000e+00 5.269506619771550104e-01 8.389191448918931204e-01 4.306767241048817807e-01 7.905305153536238416e-01 9.046170116232689073e-01 8.275659313220565805e-01 4.728573830784610355e-01 7.949235418570073097e-01 1.072641090139167197e+00 1.835596180500556618e-01 5.065113858062344487e-01 4.813898928641092145e-01 9.690934955524550531e-01 7.667688269987590344e-01 4.308810761995318650e-01 9.059569469997942326e-01 3.337477838358078319e-01 4.443809734825736601e-01 4.923796074496590292e-01
7.860429249341001068e-01 7.273460475250963508e-01 4.278906001460079378e-01 2.270820220639914178e-01 2.309784567688883405e-01 6.806929534035833784e-01 4.883771599305898325e-01 2.520339852414026915e-01 4.648442633823192116e-01 2.405478738546305284e-01 5.269506619771550104e-01 0.000000000000000000e+00 4.578372082715929103e-01 5.717234940078902428e-01 6.663384186015246513e-01 4.780944142582598810e-01 3.239233958519127099e-01 4.414985606464523205e-01 3.003086157093504682e-01 5.524423328801519872e-01 3.501260074187403371e-01 6.966139481272164147e-02 1.687360217339129997e-01 7.292468648703948064e-01 3.737933953786072849e-01 1.298924734038646167e-01 3.857929656926614159e-01 5.399255475745773358e-01 4.137848700709045868e-01 1.848906973389307373e-01
8.670690330952721681e-01 3.502940619018497515e-01 5.346922120042750803e-01 3.129328153115645272e-01 2.272210852881533238e-01 6.887074467387247489e-01 2.373137228435188983e-01 7.066074501449969292e-01 4.308873654806628650e-01 5.936994820426396702e-01 8.389191448918931204e-01 4.578372082715929103e-01 0.000000000000000000e+00 6.030527329227756139e-01 3.889070505110481801e-01 9.679756870969385973e-02 2.711026522859441013e-01 4.431712370973595050e-01 2.477298729966499746e-01 6.275940537778601502e-01 7.126796887986329709e-01 4.138539229038516454e-01 3.764079311248861859e-01 3.204008955211071763e-01 8.435789791603301446e-02 5.773685062011978397e-01 5.310005383572407034e-01 6.459085199776074537e-01 8.692041120278984900e-01 3.598465306222531357e-01
2.642408771067922268e-01 5.507826103811044316e-01 9.540877131083219664e-01 6.803961403311523659e-01 5.322333814123602069e-01 1.092286538981924598e-01 8.111539676825372247e-01 7.333417404131471473e-01 9.264711134896113087e-01 4.245524948628117690e-01 4.306767241048817807e-01 5.717234940078902428e-01 6.030527329227756139e-01 0.000000000000000000e+00 3.944937575793892592e-01 6.946542550271818106e-01 7.322364420499192228e-01 1.657391821805765386e-01 6.930036220539513847e-01 1.077590344470244599e+00 4.536372045418148313e-01 5.085149860308647574e-01 4.162636437771494724e-01 6.049360509394804408e-01 5.642965957116657938e-01 5.711818848225893586e-01 9.223355676850110152e-01 9.735410405561294167e-02 7.656012594883413458e-01 4.083226361029622664e-01
6.164333637024589363e-01 1.602475635073083160e-01 9.002605566238759405e-01 6.374243561055312757e-01 4.870514274452752979e-01 4.258389860963223694e-01 6.253434770107662022e-01 9.036045317308308844e-01 8.141180615244199004e-01 6.602202892959943004e-01 7.905305153536238416e-01 6.663384186015246513e-01 3.889070505110481801e-01 3.944937575793892592e-01 0.000000000000000000e+00 4.811409110657222654e-01 6.347005640357725742e-01 3.213348667673384118e-01 6.013565061260846001e-01 1.004981959064795261e+00 7.454243284313142315e-01 5.986078886112442543e-01 5.071746935176931759e-01 2.227338286795637057e-01 4.106920255628782601e-01 7.387942307214298010e-01 8.865911922920198807e-01 4.821993751749245050e-01 1.008809928520770116e+00 4.879162531900056443e-01
9.588950165092815503e-01 4.252373189407187004e-01 4.724189295176423053e-01 2.934019178337582967e-01 2.598224273635266202e-01 7.828843702531961268e-01 1.449371551318563711e-01 7.167749980193134363e-01 3.539087490766137933e-01 6.450520778234783981e-01 9.046170116232689073e-01 4.780944142582598810e-01 9.679756870969385973e-02 6.946542550271818106e-01 4.811409110657222654e-01 0.000000000000000000e+00 2.249758344617686368e-01 5.323934892151747089e-01 2.146658928265618715e-01 5.539205962481132950e-01 7.663250978047341233e-01 4.462197231944711184e-01 4.287366549710416863e-01 3.845939460327094661e-01 1.396862159781343538e-01 6.047577277666715823e-01 4.761128605349751464e-01 7.325585472698479261e-01 8.915622991741529724e-01 4.148279430782673138e-01
9.871076773021089101e-01 6.198906590747914613e-01 2.668086329544470114e-01 9.763518151628734765e-02 2.005092941830287079e-01 8.352429443227086248e-01 1.711323144026328236e-01 5.287084263688468511e-01 1.951264102555436142e-01 5.435430124258876505e-01 8.275659313220565805e-01 3.239233958519127099e-01 2.711026522859441013e-01 7.322364420499192228e-01 6.347005640357725742e-01 2.249758344617686368e-01 0.000000000000000000e+00 5.683853537171011938e-01 3.925041983546459501e-02 3.715876678911209652e-01 6.626470329150856431e-01 3.229496567902456761e-01 3.574198544328143212e-01 5.913560073403133499e-01 2.244152567944228127e-01 4.525143947108419273e-01 2.599909756706948460e-01 7.409834488793100027e-01 7.174926616621597475e-01 3.533736313170626198e-01
4.283639648614072093e-01 4.568487446182882272e-01 7.978849346147633970e-01 5.214379816609318041e-01 3.693974319686516017e-01 2.669117158946022750e-01 6.458461341451965376e-01 6.393110587651487098e-01 7.631665705862400451e-01 3.563703393607414172e-01 4.728573830784610355e-01 4.414985606464523205e-01 4.431712370973595050e-01 1.657391821805765386e-01 3.213348667673384118e-01 5.323934892151747089e-01 5.683853537171011938e-01 0.000000000000000000e+00 5.291368509913388918e-01 9.198561543556219577e-01 4.278498383680272577e-01 3.735323326440686542e-01 2.751623695825387572e-01 4.986974516660087620e-01 3.997075578435650978e-01 4.708375156623625934e-01 7.686949096265549564e-01 2.049129464635770503e-01 7.110543250450450659e-01 2.628971637370168812e-01
9.481096384131381116e-01 5.930447733572347113e-01 2.989043672185986988e-01 8.258773012851419737e-02 1.614550150506846582e-01 7.959987141738715799e-01 1.882024256382945349e-01 5.170211597674305715e-01 2.342762217822201842e-01 5.126338492688763404e-01 7.949235418570073097e-01 3.003086157093504682e-01 2.477298729966499746e-01 6.930036220539513847e-01 6.013565061260846001e-01 2.146658928265618715e-01 3.925041983546459501e-02 5.291368509913388918e-01 0.000000000000000000e+00 4.075397070346037376e-01 6.327206513688481415e-01 2.929358083290571346e-01 3.213801846698264852e-01 5.677174772450354068e-01 1.929790213552272649e-01 4.299971859345116387e-01 2.877838151306277292e-01 7.022679094326969018e-01 7.020700311467314991e-01 3.164915599188658502e-01
1.319036848006985618e+00 9.764166078389842074e-01 1.256888732944551612e-01 3.984733983236000143e-01 5.543941183596585720e-01 1.184666829451664682e+00 4.220371444913608716e-01 6.165241010126292220e-01 2.004649460879012746e-01 7.909841949683825701e-01 1.072641090139167197e+00 5.524423328801519872e-01 6.275940537778601502e-01 1.077590344470244599e+00 1.004981959064795261e+00 5.539205962481132950e-01 3.715876678911209652e-01 9.198561543556219577e-01 4.075397070346037376e-01 0.000000000000000000e+00 8.903141592493623024e-01 5.937851549187566080e-01 6.688220915971546665e-01 9.384935091815336250e-01 5.943444325601999756e-01 6.434779170432903816e-01 1.669917150803669481e-01 1.069274244879855562e+00 8.065240503261199567e-01 6.728452424472405324e-01
5.606415350058406855e-01 8.647057728412109734e-01 7.691396783230144418e-01 5.700466642892900726e-01 5.090974374757087917e-01 5.397044137752089465e-01 8.143739018695168586e-01 3.474486748585058349e-01 8.149339092321669087e-01 1.218454070493342339e-01 1.835596180500556618e-01 3.501260074187403371e-01 7.126796887986329709e-01 4.536372045418148313e-01 7.454243284313142315e-01 7.663250978047341233e-01 6.626470329150856431e-01 4.278498383680272577e-01 6.327206513688481415e-01 8.903141592493623024e-01 0.000000000000000000e+00 3.398816538310389657e-01 3.379812173645618256e-01 8.930916452601692646e-01 6.339507224992632084e-01 2.475339646326869536e-01 7.239393644061946631e-01 3.709917003969898652e-01 3.173985043687261864e-01 3.532717201632331605e-01
7.312866008273481988e-01 6.648753149417585551e-01 4.681295991311202886e-01 2.324172156715677839e-01 1.884044705013040999e-01 6.177240360985079004e-01 4.765845736103183072e-01 3.111599258189586825e-01 4.853443249969416895e-01 2.207314947572678321e-01 5.065113858062344487e-01 6.966139481272164147e-02 4.138539229038516454e-01 5.085149860308647574e-01 5.986078886112442543e-01 4.462197231944711184e-01 3.229496567902456761e-01 3.735323326440686542e-01 2.929358083290571346e-01 5.937851549187566080e-01 3.398816538310389657e-01 0.000000000000000000e+00 9.936544996960493259e-02 6.701135258875020595e-01 3.296090942740161345e-01 1.639802827078886693e-01 4.294441131999015004e-01 4.828808211110130477e-01 4.564731886722339649e-01 1.152296910518390699e-01
6.502192689771739698e-01 5.855738537916460595e-01 5.436653199218317578e-01 2.821117591917541301e-01 1.755643675866987441e-01 5.253397338172375308e-01 4.888463977143203132e-01 3.965304546980499278e-01 5.390681983933286459e-01 2.176171887207757616e-01 4.813898928641092145e-01 1.687360217339129997e-01 3.764079311248861859e-01 4.162636437771494724e-01 5.071746935176931759e-01 4.287366549710416863e-01 3.574198544328143212e-01 2.751623695825387572e-01 3.213801846698264852e-01 6.688220915971546665e-01 3.379812173645618256e-01 9.936544996960493259e-02 0.000000000000000000e+00 5.977725567876370771e-01 2.962520603316349810e-01 2.342680105425136716e-01 5.089677728550718872e-01 4.004567491578708283e-01 5.192580657435915681e-01 2.007092654484625774e-02
8.378970440495988603e-01 6.880500619769581994e-02 8.527369182761308508e-01 6.280219984666164379e-01 5.091925565902255535e-01 6.466905913016699481e-01 5.228862949279603489e-01 9.804311947620004686e-01 7.384766491746408423e-01 7.904674488677126964e-01 9.690934955524550531e-01 7.292468648703948064e-01 3.204008955211071763e-01 6.049360509394804408e-01 2.227338286795637057e-01 3.845939460327094661e-01 5.913560073403133499e-01 4.986974516660087620e-01 5.677174772450354068e-01 9.384935091815336250e-01 8.930916452601692646e-01 6.701135258875020595e-01 5.977725567876370771e-01 0.000000000000000000e+00 3.838041330707484544e-01 8.290131596609339182e-01 8.510028586992578470e-01 6.850091939404411301e-01 1.117030586279089688e+00 5.777890722201439733e-01
8.279747380046750260e-01 4.028901190831460366e-01 4.909511211108716355e-01 2.446845877476332698e-01 1.429593819763430862e-01 6.575970934972427129e-01 2.479738223649832485e-01 6.233110384537864368e-01 4.060882658082490271e-01 5.138629413631218279e-01 7.667688269987590344e-01 3.737933953786072849e-01 8.435789791603301446e-02 5.642965957116657938e-01 4.106920255628782601e-01 1.396862159781343538e-01 2.244152567944228127e-01 3.997075578435650978e-01 1.929790213552272649e-01 5.943444325601999756e-01 6.339507224992632084e-01 3.296090942740161345e-01 2.962520603316349810e-01 3.838041330707484544e-01 0.000000000000000000e+00 4.930322695662692212e-01 4.806960473437190684e-01 5.964311978051629604e-01 7.848486042865508994e-01 2.807163989742114119e-01
7.515877232116878748e-01 8.193679934596215242e-01 5.235805582111205947e-01 3.550944055761688367e-01 3.507947211187486536e-01 6.762209444549672765e-01 6.181487975838466653e-01 1.687196640260534841e-01 5.813053329901389787e-01 1.666166932568271808e-01 4.308810761995318650e-01 1.298924734038646167e-01 5.773685062011978397e-01 5.711818848225893586e-01 7.387942307214298010e-01 6.047577277666715823e-01 4.525143947108419273e-01 4.708375156623625934e-01 4.299971859345116387e-01 6.434779170432903816e-01 2.475339646326869536e-01 1.639802827078886693e-01 2.342680105425136716e-01 8.290131596609339182e-01 4.930322695662692212e-01 0.000000000000000000e+00 4.776580660479881613e-01 5.187591082036759893e-01 2.925134399154102338e-01 2.542502511230641526e-01
1.158328129532457007e+00 8.797222576711636322e-01 4.821277332779189823e-02 2.543131214436172294e-01 4.129042783142757300e-01 1.030511598646407512e+00 3.721917195110804322e-01 4.645538622770046255e-01 1.787490813167043335e-01 6.239970943724838515e-01 9.059569469997942326e-01 3.857929656926614159e-01 5.310005383572407034e-01 9.223355676850110152e-01 8.865911922920198807e-01 4.761128605349751464e-01 2.599909756706948460e-01 7.686949096265549564e-01 2.877838151306277292e-01 1.669917150803669481e-01 7.239393644061946631e-01 4.294441131999015004e-01 5.089677728550718872e-01 8.510028586992578470e-01 4.806960473437190684e-01 4.776580660479881613e-01 0.000000000000000000e+00 9.087645313169566696e-01 6.593543416116681710e-01 5.146838413863943362e-01
2.497628752207001757e-01 6.346555855755143805e-01 9.441022770024046773e-01 6.782806249400312737e-01 5.411692300799546551e-01 1.687783898429946750e-01 8.379198779895619120e-01 6.735995614161056633e-01 9.316965251339424103e-01 3.608954766897759514e-01 3.337477838358078319e-01 5.399255475745773358e-01 6.459085199776074537e-01 9.735410405561294167e-02 4.821993751749245050e-01 7.325585472698479261e-01 7.409834488793100027e-01 2.049129464635770503e-01 7.022679094326969018e-01 1.069274244879855562e+00 3.709917003969898652e-01 4.828808211110130477e-01 4.004567491578708283e-01 6.850091939404411301e-01 5.964311978051629604e-01 5.187591082036759893e-01 9.087645313169566696e-01 0.000000000000000000e+00 6.872415421459125984e-01 3.970921066145055578e-01
8.720963064057049019e-01 1.103043936167493966e+00 7.073975993462545686e-01 6.212823974597698751e-01 6.421281881913146750e-01 8.559934098977715067e-01 8.881812461698724848e-01 1.969437584908112493e-01 8.056343470529154782e-01 3.547023620490231677e-01 4.443809734825736601e-01 4.137848700709045868e-01 8.692041120278984900e-01 7.656012594883413458e-01 1.008809928520770116e+00 8.915622991741529724e-01 7.174926616621597475e-01 7.110543250450450659e-01 7.020700311467314991e-01 8.065240503261199567e-01 3.173985043687261864e-01 4.564731886722339649e-01 5.192580657435915681e-01 1.117030586279089688e+00 7.848486042865508994e-01 2.925134399154102338e-01 6.593543416116681710e-01 6.872415421459125984e-01 0.000000000000000000e+00 5.392485213365394436e-01
6.466822024729389495e-01 5.655082887673194003e-01 5.481287068871911750e-01 2.821320830312796235e-01 1.656098158020261057e-01 5.170845334950012750e-01 4.796636292550781611e-01 4.160079697436030455e-01 5.380762669683051280e-01 2.338674543563454278e-01 4.923796074496590292e-01 1.848906973389307373e-01 3.598465306222531357e-01 4.083226361029622664e-01 4.879162531900056443e-01 4.148279430782673138e-01 3.533736313170626198e-01 2.628971637370168812e-01 3.164915599188658502e-01 6.728452424472405324e-01 3.532717201632331605e-01 1.152296910518390699e-01 2.007092654484625774e-02 5.777890722201439733e-01 2.807163989742114119e-01 2.542502511230641526e-01 5.146838413863943362e-01 3.970921066145055578e-01 5.392485213365394436e-01 0.000000000000000000e+00
