0.000000000000000000e+00 4.456355958708322906e-01 3.238764208046479021e-01 2.240877395508490133e-01 1.457063354064793703e-01 2.871848568446334071e-01 7.007272105852353494e-01 2.668348395833004538e-01 6.219522883349239972e-01 8.275426471791849092e-01 3.414153803278159871e-01 6.549454899528232010e-01 7.324621051193540566e-01 4.612823552344278433e-01 6.734953103340811653e-01 5.619250253870577971e-01 8.970880540166119577e-01 2.731495317310436710e-01 7.606920634259108915e-01 1.774926771222616328e-01 5.759303782844377162e-01 8.506679366185552205e-01 3.350609118805870645e-01 4.480886898031774535e-01 6.360361217874765938e-01 8.511753345370024482e-01 7.236949843736201204e-01 4.229857335902109661e-02 3.709303335885877906e-01 2.116965828269315453e-01
4.456355958708322906e-01 0.000000000000000000e+00 7.620417496754712250e-01 2.254566398331281363e-01 5.107732587658169177e-01 3.046211559676463843e-01 7.687053968925923186e-01 5.810218125249460019e-01 9.846440412446108015e-01 7.472261656362032545e-01 4.729958219744437864e-01 1.003594507304347294e+00 6.246134225049443378e-01 6.319543139667241904e-01 8.308994680290985313e-01 6.217435056169052787e-01 7.654739778995314214e-01 7.040250621802003339e-01 8.639500308291364616e-01 6.059264266259871690e-01 3.064414236335343267e-01 8.389469886101457163e-01 7.489014065467970438e-01 1.791585080842710564e-01 8.262537834226191258e-01 8.020469672030048347e-01 6.783074843328349424e-01 4.353360402548567820e-01 7.586970911735215761e-01 2.712716551533048137e-01
3.238764208046479021e-01 7.620417496754712250e-01 0.000000000000000000e+00 5.464725838517876522e-01 2.692653820265865083e-01 5.949017987696725296e-01 8.886716509048512291e-01 4.182805403042679226e-01 5.518999553431390703e-01 1.072723949859355708e+00 5.865772354440529357e-01 5.989052569589082831e-01 9.972173372721568896e-01 6.397735100171428879e-01 8.081975132797262207e-01 7.797103234640792024e-01 1.157217427952794031e+00 6.484647741107084362e-02 9.177562459986106091e-01 2.382166688238546159e-01 8.921486939823033424e-01 1.062096782638506154e+00 2.752517243218857157e-01 7.705862515799986046e-01 7.533994828759398299e-01 1.080530237996315313e+00 9.649031717258127472e-01 3.486838498874464398e-01 3.486310993355679066e-01 5.337578524756062537e-01
2.240877395508490133e-01 2.254566398331281363e-01 5.464725838517876522e-01 0.000000000000000000e+00 3.163740813969425081e-01 1.653404434769709108e-01 6.716450454020456151e-01 3.742716180554877536e-01 7.758691359809219978e-01 7.273718474503361175e-01 3.192863535669369091e-01 7.993630012816825836e-01 6.148097494728647083e-01 4.793097001753620634e-01 6.950519978654623454e-01 5.197508572362394830e-01 7.756708707780819445e-01 4.922103127538978162e-01 7.540213629084360214e-01 3.805115942269841067e-01 3.826980624530778030e-01 7.853697980660861999e-01 5.255958095234066763e-01 2.398317474741135102e-01 6.761392871453371090e-01 7.671006451517200508e-01 6.357142915784466108e-01 2.102236164533027585e-01 5.403932738641976652e-01 7.019499811087540064e-02
1.457063354064793703e-01 5.107732587658169177e-01 2.692653820265865083e-01 3.163740813969425081e-01 0.000000000000000000e+00 4.206654644714001301e-01 8.448320371430401154e-01 3.951316772770833707e-01 7.016491840360717935e-01 9.721268027507874443e-01 4.871076822076487178e-01 7.405836069920703757e-01 8.748231110179827130e-01 6.022654467632579944e-01 8.103646805918157670e-01 7.073962179114160476e-01 1.039559700235847206e+00 2.053247175037077599e-01 9.017495298267297343e-01 2.511367757440566839e-01 6.941815409481738586e-01 9.963198948893422502e-01 3.978869287113479536e-01 5.555563335795580260e-01 7.691827299469158330e-01 9.966866443528356045e-01 8.688320793658014241e-01 1.879906680751561865e-01 4.525153439228575825e-01 3.303189907892988275e-01
2.871848568446334071e-01 3.046211559676463843e-01 5.949017987696725296e-01 1.653404434769709108e-01 4.206654644714001301e-01 0.000000000000000000e+00 5.074148119478869567e-01 2.937520168852889024e-01 6.905665412349180077e-01 5.693539069987713086e-01 1.702597123140950630e-01 7.055570658403049755e-01 4.620476305017646168e-01 3.318880100307541881e-01 5.409673005894212183e-01 3.553097789832783682e-01 6.258238936620132975e-01 5.529161552046050199e-01 5.923011558663080489e-01 3.800669982226078658e-01 2.988498011930738607e-01 6.209743891453779474e-01 4.918637617448790023e-01 2.016985352671654408e-01 5.288564874528801640e-01 6.053799937075152737e-01 4.739519152287440251e-01 2.517025142521150949e-01 4.837786379732754161e-01 1.043722090648791651e-01
7.007272105852353494e-01 7.687053968925923186e-01 8.886716509048512291e-01 6.716450454020456151e-01 8.448320371430401154e-01 5.074148119478869567e-01 0.000000000000000000e+00 4.744791107666379570e-01 5.939151663286007521e-01 2.590371741396693128e-01 3.663726303397793482e-01 5.708459393081440902e-01 2.850338027262111495e-01 2.504930514910787553e-01 1.548802409933835722e-01 1.521356850166016850e-01 3.650044775870482372e-01 8.800518038533194920e-01 1.020795151995499556e-01 6.587179831463207957e-01 5.427663786816440128e-01 1.819015928754524614e-01 6.417083415513316069e-01 5.974879361675723421e-01 2.094535681166924956e-01 2.261425420970731848e-01 1.860272164611320445e-01 6.588295437334020788e-01 5.780754254263070768e-01 6.049463371020729063e-01
2.668348395833004538e-01 5.810218125249460019e-01 4.182805403042679226e-01 3.742716180554877536e-01 3.951316772770833707e-01 2.937520168852889024e-01 4.744791107666379570e-01 0.000000000000000000e+00 4.038278212526457689e-01 6.569128060724956919e-01 1.918284969041769983e-01 4.252874565645723970e-01 5.903247872673871299e-01 2.239951572182088124e-01 4.176874672306117864e-01 3.617265557354385486e-01 7.455373853754843072e-01 4.057245410776925687e-01 5.161437005552970136e-01 1.843009204717629690e-01 5.676719999987708265e-01 6.445295327724006595e-01 2.169015977629487335e-01 4.946224844759417039e-01 3.742100213942077258e-01 6.623897188611438391e-01 5.490694888411695729e-01 2.326477092967070281e-01 1.925861066350134099e-01 3.127439629823918210e-01
6.219522883349239972e-01 9.846440412446108015e-01 5.518999553431390703e-01 7.758691359809219978e-01 7.016491840360717935e-01 6.905665412349180077e-01 5.939151663286007521e-01 4.038278212526457689e-01 0.000000000000000000e+00 8.484103342009754467e-01 5.474989204695784872e-01 4.931475075940560532e-02 8.361799334783437398e-01 4.446176200640897247e-01 4.479516958350356348e-01 5.821277977626976297e-01 9.534323489272290564e-01 5.880854675869625625e-01 5.601451590973245409e-01 4.541856227361682485e-01 9.319575494704814833e-01 7.688098165097502212e-01 3.048806144133521800e-01 8.859780809487221021e-01 3.868204498258781543e-01 8.199744405335659403e-01 7.557463283101493179e-01 6.023220174394792181e-01 2.519271056508602391e-01 7.163263668244854721e-01
8.275426471791849092e-01 7.472261656362032545e-01 1.072723949859355708e+00 7.273718474503361175e-01 9.721268027507874443e-01 5.693539069987713086e-01 2.590371741396693128e-01 6.569128060724956919e-01 8.484103342009754467e-01 0.000000000000000000e+00 4.927164900690549909e-01 8.278874403072247201e-01 1.230137761465291829e-01 4.502917270558424723e-01 4.136820332231694319e-01 2.979930827815046035e-01 1.059749127122481677e-01 1.051847190112640495e+00 3.305731141097482118e-01 8.347470292418261995e-01 4.569612985361040103e-01 1.395630423391888697e-01 8.540601703417100010e-01 5.688191122003037892e-01 4.678696004677363462e-01 7.010290796331272722e-02 1.078779929754630773e-01 7.858429397398550842e-01 7.990011637406784217e-01 6.734895181333724334e-01
3.414153803278159871e-01 4.729958219744437864e-01 5.865772354440529357e-01 3.192863535669369091e-01 4.871076822076487178e-01 1.702597123140950630e-01 3.663726303397793482e-01 1.918284969041769983e-01 5.474989204695784872e-01 4.927164900690549909e-01 0.000000000000000000e+00 5.557939309809851736e-01 4.106771086379270574e-01 1.621324524015880508e-01 3.757818204953332075e-01 2.214757148389789043e-01 5.717757276718810067e-01 5.609482843936373087e-01 4.395557390607615078e-01 3.491195781367303907e-01 3.876774713123096183e-01 5.093006701488882459e-01 4.086777430133247679e-01 3.437791790221105259e-01 3.595623008191056180e-01 5.112584719636918962e-01 3.864148084105605285e-01 2.991208227235281347e-01 3.777539347174304063e-01 2.494015362759372245e-01
6.549454899528232010e-01 1.003594507304347294e+00 5.989052569589082831e-01 7.993630012816825836e-01 7.405836069920703757e-01 7.055570658403049755e-01 5.708459393081440902e-01 4.252874565645723970e-01 4.931475075940560532e-02 8.278874403072247201e-01 5.557939309809851736e-01 0.000000000000000000e+00 8.224609346633936502e-01 4.409493851099805517e-01 4.210306221786605518e-01 5.711892877291125936e-01 9.334920671211694998e-01 6.335267496294324507e-01 5.300775843011720223e-01 4.911733558266195843e-01 9.359626851379213575e-01 7.421713803438407808e-01 3.462650551024230583e-01 8.976089960923132605e-01 3.617442301045233344e-01 7.960657193044554658e-01 7.385562177316814525e-01 6.331071123528959621e-01 2.884147873501150539e-01 7.377646024047259665e-01
7.324621051193540566e-01 6.246134225049443378e-01 9.972173372721568896e-01 6.148097494728647083e-01 8.748231110179827130e-01 4.620476305017646168e-01 2.850338027262111495e-01 5.903247872673871299e-01 8.361799334783437398e-01 1.230137761465291829e-01 4.106771086379270574e-01 8.224609346633936502e-01 0.000000000000000000e+00 4.066880635943723177e-01 4.328285819721031658e-01 2.559995365624914143e-01 1.647368197356818276e-01 9.707408643749809718e-01 3.785076966526016995e-01 7.594627312327343338e-01 3.346977683142261517e-01 2.394081113179396536e-01 7.987162829706253575e-01 4.465728194401361595e-01 4.763648897369744395e-01 1.844051048664420434e-01 1.008071337365614994e-01 6.917220724987788172e-01 7.509614729459168636e-01 5.648760476645730000e-01
4.612823552344278433e-01 6.319543139667241904e-01 6.397735100171428879e-01 4.793097001753620634e-01 6.022654467632579944e-01 3.318880100307541881e-01 2.504930514910787553e-01 2.239951572182088124e-01 4.446176200640897247e-01 4.502917270558424723e-01 1.621324524015880508e-01 4.409493851099805517e-01 4.066880635943723177e-01 0.000000000000000000e+00 2.184345394717820132e-01 1.537482983267652037e-01 5.471224155847863591e-01 6.296516211194377322e-01 2.995651068070743217e-01 4.082668916997426178e-01 5.016175075538654715e-01 4.226156079233993057e-01 4.044695696376903182e-01 4.900726269025303394e-01 1.974837347673121246e-01 4.463583536210367630e-01 3.447586815154232709e-01 4.205829719296282909e-01 3.489256909578619115e-01 4.091258148180795806e-01
6.734953103340811653e-01 8.308994680290985313e-01 8.081975132797262207e-01 6.950519978654623454e-01 8.103646805918157670e-01 5.409673005894212183e-01 1.548802409933835722e-01 4.176874672306117864e-01 4.479516958350356348e-01 4.136820332231694319e-01 3.757818204953332075e-01 4.210306221786605518e-01 4.328285819721031658e-01 2.184345394717820132e-01 0.000000000000000000e+00 2.264435012307951245e-01 5.195884416094532776e-01 8.099365304349068762e-01 1.170686128535462917e-01 5.939306975212854667e-01 6.477631993758539153e-01 3.212331870650106946e-01 5.435509204469821665e-01 6.731533941899515705e-01 6.284775390666798300e-02 3.761448808060445792e-01 3.372593555435979273e-01 6.340199994010744522e-01 4.736424444179772042e-01 6.250804710281302468e-01
5.619250253870577971e-01 6.217435056169052787e-01 7.797103234640792024e-01 5.197508572362394830e-01 7.073962179114160476e-01 3.553097789832783682e-01 1.521356850166016850e-01 3.617265557354385486e-01 5.821277977626976297e-01 2.979930827815046035e-01 2.214757148389789043e-01 5.711892877291125936e-01 2.559995365624914143e-01 1.537482983267652037e-01 2.264435012307951245e-01 0.000000000000000000e+00 3.934401095035947038e-01 7.632421638583537504e-01 2.423619596929965370e-01 5.431673098303058111e-01 4.213197993981395162e-01 2.897088615437006798e-01 5.561507407835711847e-01 4.551270265129825909e-01 2.481738304349884738e-01 3.008606681401021499e-01 1.914272495475053404e-01 5.196533296516212541e-01 5.024504505302967994e-01 4.535248336881896325e-01
8.970880540166119577e-01 7.654739778995314214e-01 1.157217427952794031e+00 7.756708707780819445e-01 1.039559700235847206e+00 6.258238936620132975e-01 3.650044775870482372e-01 7.455373853754843072e-01 9.534323489272290564e-01 1.059749127122481677e-01 5.717757276718810067e-01 9.334920671211694998e-01 1.647368197356818276e-01 5.471224155847863591e-01 5.195884416094532776e-01 3.934401095035947038e-01 0.000000000000000000e+00 1.132690788626560474e+00 4.337646496047531386e-01 9.190485013559448468e-01 4.623588519045416234e-01 2.287061464210911610e-01 9.483155095370505716e-01 5.918279651551284770e-01 5.738000557139801838e-01 1.565603719674914240e-01 2.027828241634449524e-01 8.562458872846908653e-01 8.958786724798537549e-01 7.279652416166622064e-01
2.731495317310436710e-01 7.040250621802003339e-01 6.484647741107084362e-02 4.922103127538978162e-01 2.053247175037077599e-01 5.529161552046050199e-01 8.800518038533194920e-01 4.057245410776925687e-01 5.880854675869625625e-01 1.051847190112640495e+00 5.609482843936373087e-01 6.335267496294324507e-01 9.707408643749809718e-01 6.296516211194377322e-01 8.099365304349068762e-01 7.632421638583537504e-01 1.132690788626560474e+00 0.000000000000000000e+00 9.160809458644444403e-01 2.214311733087973022e-01 8.473634622766805791e-01 1.049465604194286916e+00 2.958736209770140291e-01 7.212196756096443950e-01 7.578736222609535611e-01 1.063688794679339189e+00 9.444415856662681241e-01 3.024472563832609207e-01 3.672429861059200995e-01 4.847830017160789096e-01
7.606920634259108915e-01 8.639500308291364616e-01 9.177562459986106091e-01 7.540213629084360214e-01 9.017495298267297343e-01 5.923011558663080489e-01 1.020795151995499556e-01 5.161437005552970136e-01 5.601451590973245409e-01 3.305731141097482118e-01 4.395557390607615078e-01 5.300775843011720223e-01 3.785076966526016995e-01 2.995651068070743217e-01 1.170686128535462917e-01 2.423619596929965370e-01 4.337646496047531386e-01 9.160809458644444403e-01 0.000000000000000000e+00 6.971884263039145324e-01 6.446395231106584189e-01 2.174368677685188100e-01 6.571046056073563957e-01 6.953090584015894082e-01 1.796802660968876419e-01 2.810940916881660145e-01 2.777524858475796665e-01 7.197492578477882041e-01 5.883153995619031518e-01 6.856142318545510594e-01
1.774926771222616328e-01 6.059264266259871690e-01 2.382166688238546159e-01 3.805115942269841067e-01 2.511367757440566839e-01 3.800669982226078658e-01 6.587179831463207957e-01 1.843009204717629690e-01 4.541856227361682485e-01 8.347470292418261995e-01 3.491195781367303907e-01 4.911733558266195843e-01 7.594627312327343338e-01 4.082668916997426178e-01 5.939306975212854667e-01 5.431673098303058111e-01 9.190485013559448468e-01 2.214311733087973022e-01 6.971884263039145324e-01 0.000000000000000000e+00 6.782408683779640457e-01 8.282972020515192435e-01 1.581548825079451270e-01 5.725547733426350483e-01 5.449263726715259937e-01 8.439724883990860071e-01 7.269792253077432820e-01 1.728006471099273744e-01 2.027965958096220045e-01 3.443253087420675707e-01
5.759303782844377162e-01 3.064414236335343267e-01 8.921486939823033424e-01 3.826980624530778030e-01 6.941815409481738586e-01 2.988498011930738607e-01 5.427663786816440128e-01 5.676719999987708265e-01 9.319575494704814833e-01 4.569612985361040103e-01 3.876774713123096183e-01 9.359626851379213575e-01 3.346977683142261517e-01 5.016175075538654715e-01 6.477631993758539153e-01 4.213197993981395162e-01 4.623588519045416234e-01 8.473634622766805791e-01 6.446395231106584189e-01 6.782408683779640457e-01 0.000000000000000000e+00 5.668245532037164969e-01 7.794028111878051890e-01 1.490364103116553485e-01 6.645980641269936262e-01 5.185550973929390350e-01 4.077861254624788323e-01 5.449610485058420384e-01 7.597534041985649633e-01 3.660249251770461565e-01
8.506679366185552205e-01 8.389469886101457163e-01 1.062096782638506154e+00 7.853697980660861999e-01 9.963198948893422502e-01 6.209743891453779474e-01 1.819015928754524614e-01 6.445295327724006595e-01 7.688098165097502212e-01 1.395630423391888697e-01 5.093006701488882459e-01 7.421713803438407808e-01 2.394081113179396536e-01 4.226156079233993057e-01 3.212331870650106946e-01 2.897088615437006798e-01 2.287061464210911610e-01 1.049465604194286916e+00 2.174368677685188100e-01 8.282972020515192435e-01 5.668245532037164969e-01 0.000000000000000000e+00 8.214457538560632210e-01 6.601088724496235738e-01 3.820181693338877138e-01 7.278935179166785840e-02 1.611102460076704879e-01 8.083693634482235213e-01 7.590687113271177289e-01 7.244050719984914677e-01
3.350609118805870645e-01 7.489014065467970438e-01 2.752517243218857157e-01 5.255958095234066763e-01 3.978869287113479536e-01 4.918637617448790023e-01 6.417083415513316069e-01 2.169015977629487335e-01 3.048806144133521800e-01 8.540601703417100010e-01 4.086777430133247679e-01 3.462650551024230583e-01 7.987162829706253575e-01 4.044695696376903182e-01 5.435509204469821665e-01 5.561507407835711847e-01 9.483155095370505716e-01 2.958736209770140291e-01 6.571046056073563957e-01 1.581548825079451270e-01 7.794028111878051890e-01 8.214457538560632210e-01 0.000000000000000000e+00 6.926144921105835683e-01 4.856964458134135909e-01 8.502287924732025992e-01 7.474589827232631656e-01 3.256463343957173295e-01 7.345400110902661206e-02 4.797412253486784128e-01
4.480886898031774535e-01 1.791585080842710564e-01 7.705862515799986046e-01 2.398317474741135102e-01 5.555563335795580260e-01 2.016985352671654408e-01 5.974879361675723421e-01 4.946224844759417039e-01 8.859780809487221021e-01 5.688191122003037892e-01 3.437791790221105259e-01 8.976089960923132605e-01 4.465728194401361595e-01 4.900726269025303394e-01 6.731533941899515705e-01 4.551270265129825909e-01 5.918279651551284770e-01 7.212196756096443950e-01 6.953090584015894082e-01 5.725547733426350483e-01 1.490364103116553485e-01 6.601088724496235738e-01 6.926144921105835683e-01 0.000000000000000000e+00 6.761975096557480969e-01 6.229519278493150791e-01 4.993131966050710080e-01 4.222215969184832662e-01 6.853916552571917009e-01 2.368408101834524881e-01
6.360361217874765938e-01 8.262537834226191258e-01 7.533994828759398299e-01 6.761392871453371090e-01 7.691827299469158330e-01 5.288564874528801640e-01 2.094535681166924956e-01 3.742100213942077258e-01 3.868204498258781543e-01 4.678696004677363462e-01 3.595623008191056180e-01 3.617442301045233344e-01 4.763648897369744395e-01 1.974837347673121246e-01 6.284775390666798300e-02 2.481738304349884738e-01 5.738000557139801838e-01 7.578736222609535611e-01 1.796802660968876419e-01 5.449263726715259937e-01 6.645980641269936262e-01 3.820181693338877138e-01 4.856964458134135909e-01 6.761975096557480969e-01 0.000000000000000000e+00 4.343257123362338490e-01 3.847697798757951371e-01 5.979066313192822335e-01 4.147716128518740830e-01 6.059497172169823198e-01
8.511753345370024482e-01 8.020469672030048347e-01 1.080530237996315313e+00 7.671006451517200508e-01 9.966866443528356045e-01 6.053799937075152737e-01 2.261425420970731848e-01 6.623897188611438391e-01 8.199744405335659403e-01 7.010290796331272722e-02 5.112584719636918962e-01 7.960657193044554658e-01 1.844051048664420434e-01 4.463583536210367630e-01 3.761448808060445792e-01 3.008606681401021499e-01 1.565603719674914240e-01 1.063688794679339189e+00 2.810940916881660145e-01 8.439724883990860071e-01 5.185550973929390350e-01 7.278935179166785840e-02 8.502287924732025992e-01 6.229519278493150791e-01 4.343257123362338490e-01 0.000000000000000000e+00 1.314610323815825488e-01 8.090392373466355203e-01 7.912451501051717129e-01 7.097141916516728211e-01
7.236949843736201204e-01 6.783074843328349424e-01 9.649031717258127472e-01 6.357142915784466108e-01 8.688320793658014241e-01 4.739519152287440251e-01 1.860272164611320445e-01 5.490694888411695729e-01 7.557463283101493179e-01 1.078779929754630773e-01 3.864148084105605285e-01 7.385562177316814525e-01 1.008071337365614994e-01 3.447586815154232709e-01 3.372593555435979273e-01 1.914272495475053404e-01 2.027828241634449524e-01 9.444415856662681241e-01 2.777524858475796665e-01 7.269792253077432820e-01 4.077861254624788323e-01 1.611102460076704879e-01 7.474589827232631656e-01 4.993131966050710080e-01 3.847697798757951371e-01 1.314610323815825488e-01 0.000000000000000000e+00 6.817546203978095409e-01 6.936759111057239080e-01 5.783000453244185879e-01
4.229857335902109661e-02 4.353360402548567820e-01 3.486838498874464398e-01 2.102236164533027585e-01 1.879906680751561865e-01 2.517025142521150949e-01 6.588295437334020788e-01 2.326477092967070281e-01 6.023220174394792181e-01 7.858429397398550842e-01 2.991208227235281347e-01 6.331071123528959621e-01 6.917220724987788172e-01 4.205829719296282909e-01 6.340199994010744522e-01 5.196533296516212541e-01 8.562458872846908653e-01 3.024472563832609207e-01 7.197492578477882041e-01 1.728006471099273744e-01 5.449610485058420384e-01 8.083693634482235213e-01 3.256463343957173295e-01 4.222215969184832662e-01 5.979066313192822335e-01 8.090392373466355203e-01 6.817546203978095409e-01 0.000000000000000000e+00 3.538470666670993636e-01 1.857046954611865641e-01
3.709303335885877906e-01 7.586970911735215761e-01 3.486310993355679066e-01 5.403932738641976652e-01 4.525153439228575825e-01 4.837786379732754161e-01 5.780754254263070768e-01 1.925861066350134099e-01 2.519271056508602391e-01 7.990011637406784217e-01 3.777539347174304063e-01 2.884147873501150539e-01 7.509614729459168636e-01 3.489256909578619115e-01 4.736424444179772042e-01 5.024504505302967994e-01 8.958786724798537549e-01 3.672429861059200995e-01 5.883153995619031518e-01 2.027965958096220045e-01 7.597534041985649633e-01 7.590687113271177289e-01 7.345400110902661206e-02 6.853916552571917009e-01 4.147716128518740830e-01 7.912451501051717129e-01 6.936759111057239080e-01 3.538470666670993636e-01 0.000000000000000000e+00 4.874275688372305959e-01
2.116965828269315453e-01 2.712716551533048137e-01 5.337578524756062537e-01 7.019499811087540064e-02 3.303189907892988275e-01 1.043722090648791651e-01 6.049463371020729063e-01 3.127439629823918210e-01 7.163263668244854721e-01 6.734895181333724334e-01 2.494015362759372245e-01 7.377646024047259665e-01 5.648760476645730000e-01 4.091258148180795806e-01 6.250804710281302468e-01 4.535248336881896325e-01 7.279652416166622064e-01 4.847830017160789096e-01 6.856142318545510594e-01 3.443253087420675707e-01 3.660249251770461565e-01 7.244050719984914677e-01 4.797412253486784128e-01 2.368408101834524881e-01 6.059497172169823198e-01 7.097141916516728211e-01 5.783000453244185879e-01 1.857046954611865641e-01 4.874275688372305959e-01 0.000000000000000000e+00
