0.000000000000000000e+00 4.616225521329349046e-01 9.371297779147194085e-01 8.036325430776695145e-01 3.364219938948525557e-01 4.829942434263719275e-01 7.885889006567928794e-01 8.441937396660190718e-01 5.604572608809779144e-01 8.913456993953047247e-01 1.299453939671344760e-01 1.468025901872338224e-01 6.987467973722480963e-01 7.959694897610121167e-01 5.055407833364408132e-01 3.759937779377270362e-01 1.086407199049247152e-01 4.759533859591519867e-01 5.760372731896681309e-01 8.359215941925908222e-01 1.930162927640009796e-01 5.387709087341485681e-01 2.683290511282198643e-01 3.812121254539148074e-01 8.318327355188313010e-01 4.544311469618259047e-01 9.154844992197684883e-01 1.089348617845575351e+00 2.959327696542482511e-01 9.475668497756103981e-02 7.345597072913675474e-01 7.151084212866667400e-01 8.315171227301958456e-01 2.504357990599906381e-01 2.137445314038752819e-01 7.347370992358761566e-01 9.303886444412236001e-01 5.652030492719095633e-01 1.000894103479442521e+00 4.875230218703157092e-01
4.616225521329349046e-01 0.000000000000000000e+00 1.070954677837333113e+00 6.456379253127907392e-01 3.530845187850832900e-01 7.588843836466810933e-01 8.027919059097213816e-01 7.363679588152929334e-01 4.473869013742168832e-01 9.237213837475303224e-01 3.992763302647608370e-01 3.170319658985153444e-01 3.442501203897740947e-01 9.666674430026678255e-01 5.027322144521060299e-01 1.851772160511192533e-01 3.865617979923322012e-01 6.179614197584000213e-01 7.314721737160897463e-01 6.005767024687576061e-01 3.842474718644617315e-01 6.538153860263391515e-01 6.650181995964634662e-01 6.650722494499097248e-01 5.196703899218356737e-01 7.339511740908243320e-01 1.016884477470646253e+00 7.942763393164733454e-01 5.098122350923642854e-01 5.560725717924338563e-01 2.785982967257984999e-01 2.536723711665941350e-01 7.779370656848226817e-01 3.463023186879504722e-01 4.768736938407917014e-01 3.017923191666320171e-01 7.397898596746624866e-01 4.706581605745172037e-01 9.043352297717317523e-01 1.145652444090167477e-01
9.371297779147194085e-01 1.070954677837333113e+00 0.000000000000000000e+00 6.120352722239330578e-01 7.341940160227654610e-01 4.797435049333757529e-01 3.183900245270310236e-01 5.161090699537103088e-01 6.501503302190244638e-01 2.351185154545534783e-01 8.412738896612661499e-01 9.780616480007088276e-01 9.393077749220121175e-01 1.490442741764392287e-01 5.689374234363111515e-01 8.886277691590699357e-01 8.752258102768166736e-01 4.793646169806016766e-01 3.661900065952822247e-01 7.446657696762021272e-01 7.961474117189836219e-01 4.271839068081618174e-01 7.360224769208049134e-01 5.657979109438221466e-01 8.820060453891279684e-01 5.041531639699899925e-01 8.131222958076893270e-02 9.229773129328756598e-01 6.509976497023752806e-01 9.274581675221185151e-01 1.172274978942208667e+00 1.224094322468398444e+00 4.201754638679413012e-01 7.844386160922846019e-01 7.302709889042646729e-01 1.096955465345661240e+00 6.678660263619723425e-01 6.240490545912484865e-01 4.913387579936936977e-01 9.797976521898844604e-01
8.036325430776695145e-01 6.456379253127907392e-01 6.120352722239330578e-01 0.000000000000000000e+00 4.685495864185006964e-01 6.456666861014165315e-01 2.960437991446246975e-01 1.096977326548550374e-01 2.451195988043941842e-01 3.874141442998073614e-01 6.736942025164138759e-01 7.452410332159330464e-01 3.779863765003286802e-01 5.919057216983107939e-01 3.144751049181533364e-01 5.172667515155543461e-01 6.978360990068011027e-01 4.510145802147283445e-01 4.732682181518185760e-01 1.326556116679604713e-01 6.106897065706072825e-01 4.123883736211764184e-01 7.829969529026024055e-01 6.326843116545627366e-01 2.741820591713818867e-01 6.429522873959204743e-01 5.335398168491372051e-01 3.585262205940034086e-01 5.598210787469869443e-01 8.569728832579555089e-01 6.279415699500733306e-01 6.986452078701993473e-01 1.958964235345808658e-01 5.550701039941243753e-01 6.217501913308856043e-01 5.397381776963569022e-01 1.291732855946509384e-01 2.384295677442830608e-01 2.629351863744240902e-01 5.315392785300334655e-01
3.364219938948525557e-01 3.530845187850832900e-01 7.341940160227654610e-01 4.685495864185006964e-01 0.000000000000000000e+00 4.137355645082909095e-01 5.053403698534701949e-01 5.179385257406491361e-01 2.242420935488894373e-01 6.217220601540917047e-01 2.071132899794191629e-01 2.864284583391557004e-01 4.152186056565576600e-01 6.194989916874400482e-01 1.928915844497881282e-01 1.695164998921608324e-01 2.294665094867757715e-01 2.662574442208817671e-01 3.815021730019320656e-01 5.017256245876345888e-01 1.453138030147366477e-01 3.082460512100639871e-01 3.915998306937535922e-01 3.296929170550709776e-01 5.150434262678585950e-01 3.911351783811795046e-01 6.889779813630835248e-01 7.594221761531086967e-01 1.780388289580892847e-01 3.988755135511402594e-01 5.453352863033079645e-01 5.643470434657994472e-01 5.206576036148836684e-01 8.653486380613295559e-02 1.897722740347084491e-01 5.074676828244240046e-01 5.943739474201644724e-01 2.306834135264543562e-01 6.815765111312630520e-01 2.924681367304301505e-01
4.829942434263719275e-01 7.588843836466810933e-01 4.797435049333757529e-01 6.456666861014165315e-01 4.137355645082909095e-01 0.000000000000000000e+00 4.577322976112737085e-01 6.190260329274820394e-01 4.953216967700672657e-01 5.151670979878396617e-01 4.176963354807237128e-01 5.612826124062215705e-01 7.885375681671823456e-01 3.312013143971684892e-01 3.744346606583257020e-01 5.811003652789490381e-01 4.493055677219413013e-01 2.030765365821941004e-01 1.890438438104666274e-01 7.474665688913841866e-01 3.949074436885127715e-01 2.333391464434189655e-01 2.564935904759371721e-01 1.043862844991451100e-01 8.280884862221483678e-01 2.874708608897595663e-02 4.801713423001296444e-01 1.002285107839125722e+00 2.505345341196675291e-01 4.561256587785120775e-01 9.554809183624340951e-01 9.779956754678089670e-01 5.548908497673860074e-01 4.152316370414279034e-01 3.056886645149806681e-01 9.085417885642871338e-01 7.647000794111397104e-01 4.772565217523159209e-01 7.213479125779838075e-01 7.061849517261808984e-01
7.885889006567928794e-01 8.027919059097213816e-01 3.183900245270310236e-01 2.960437991446246975e-01 5.053403698534701949e-01 4.577322976112737085e-01 0.000000000000000000e+00 2.107106735078273507e-01 3.587227799345109047e-01 1.209315030642795635e-01 6.687610513402489909e-01 7.845243710978869744e-01 6.274141419236680672e-01 3.028174052782707237e-01 3.141403549666060835e-01 6.316579216987229239e-01 7.007214149932218250e-01 3.230517745200905400e-01 2.693868968965570376e-01 4.284736744348412452e-01 6.108294378776882860e-01 2.601735948166512546e-01 6.695981418882126501e-01 4.910528300918022837e-01 5.637162138167934877e-01 4.672286924730103541e-01 2.429426728998334006e-01 6.292587849449108317e-01 4.957735294482973898e-01 8.106016547396043270e-01 8.674956219539501356e-01 9.255398635105038796e-01 1.179745524307308363e-01 5.773806243706953722e-01 5.764589816056595595e-01 7.879064473938696134e-01 3.705102404586789189e-01 3.338745481622932276e-01 2.653573677276214182e-01 7.004054116365875382e-01
8.441937396660190718e-01 7.363679588152929334e-01 5.161090699537103088e-01 1.096977326548550374e-01 5.179385257406491361e-01 6.190260329274820394e-01 2.107106735078273507e-01 0.000000000000000000e+00 3.067658984985894288e-01 2.853018863975791408e-01 7.152495265585330220e-01 8.027543835610474465e-01 4.859651428168779708e-01 5.134784899663950020e-01 3.393596982035896326e-01 5.936186752561265489e-01 7.425433345359755410e-01 4.401389419364295508e-01 4.348265569716587287e-01 2.353958798355364757e-01 6.524207031047889460e-01 3.898845924609444791e-01 7.881618791562436943e-01 6.239593349831329405e-01 3.814345302078500644e-01 6.211773325240511623e-01 4.358986029595915968e-01 4.186993437813936181e-01 5.774549408759935831e-01 8.875650948490237946e-01 7.357217101273271220e-01 8.048603972081489477e-01 9.624761111358089150e-02 6.027000903464754256e-01 6.480312899855249498e-01 6.482753702892442016e-01 1.602541816783225326e-01 2.918474522788110925e-01 1.695043531195147002e-01 6.237863584586044174e-01
5.604572608809779144e-01 4.473869013742168832e-01 6.501503302190244638e-01 2.451195988043941842e-01 2.242420935488894373e-01 4.953216967700672657e-01 3.587227799345109047e-01 3.067658984985894288e-01 0.000000000000000000e+00 4.792447660740815629e-01 4.307718450814468913e-01 5.009929147821041706e-01 3.080886842943008075e-01 5.732363171381521516e-01 1.211615126770188428e-01 2.891294357311172680e-01 4.536987680810264378e-01 2.940933275240031897e-01 3.716074303934479572e-01 2.857810245438012764e-01 3.681605603551363348e-01 2.892036821123605828e-01 5.714321260549936055e-01 4.497109192154052915e-01 3.352165998758008247e-01 4.832258741455510709e-01 5.865304678369779312e-01 5.484574984542514020e-01 3.409279411408204230e-01 6.186286038878643367e-01 5.239331806556837279e-01 5.739646179798320036e-01 3.327540267985510392e-01 3.107226841498110237e-01 3.904130461084934223e-01 4.540934099653693989e-01 3.701386265497305650e-01 2.611834362929619027e-02 4.755599982701968487e-01 3.420784689708485926e-01
8.913456993953047247e-01 9.237213837475303224e-01 2.351185154545534783e-01 3.874141442998073614e-01 6.217220601540917047e-01 5.151670979878396617e-01 1.209315030642795635e-01 2.853018863975791408e-01 4.792447660740815629e-01 0.000000000000000000e+00 7.757606088998143523e-01 8.968256846748182687e-01 7.397191501054289908e-01 2.757547782000945302e-01 4.325194568003600804e-01 7.520239738595426715e-01 8.084946037117438644e-01 4.170389921255784893e-01 3.379961451823582097e-01 5.187380494667416242e-01 7.199707256850136350e-01 3.534309512570947831e-01 7.484566872304061480e-01 5.673820583745448065e-01 6.612222263650963106e-01 5.302022403335147072e-01 1.538117454897151293e-01 6.878590859857907081e-01 5.957479964852292476e-01 9.057553932181634515e-01 9.830260556387994120e-01 1.043086383712489740e+00 1.916435985318032664e-01 6.905776393305353977e-01 6.777193385031745620e-01 9.015190920366356053e-01 4.332806924475406940e-01 4.545764365650885597e-01 2.644243192660115649e-01 8.211364690365160479e-01
1.299453939671344760e-01 3.992763302647608370e-01 8.412738896612661499e-01 6.736942025164138759e-01 2.071132899794191629e-01 4.176963354807237128e-01 6.687610513402489909e-01 7.152495265585330220e-01 4.307718450814468913e-01 7.757606088998143523e-01 0.000000000000000000e+00 1.436980890237737896e-01 5.879458450330383723e-01 7.063142657856773532e-01 3.774972814738670746e-01 2.733380686980798058e-01 3.395250070631380956e-02 3.669925534493777564e-01 4.754109803298411929e-01 7.081054917319179465e-01 6.311274744343040033e-02 4.274069062138113329e-01 2.670304718077770034e-01 3.135006686957410027e-01 7.108871708059415484e-01 3.892554910165436644e-01 8.122635248459956214e-01 9.636767385923209472e-01 1.902826722311777297e-01 1.963023989406780523e-01 6.556704469369495358e-01 6.492460894163704088e-01 7.055539514248340138e-01 1.221457292023766100e-01 1.141178172598356771e-01 6.428895112624513075e-01 8.005540387561744797e-01 4.352657884735204319e-01 8.734823830296288838e-01 3.977049015265518017e-01
1.468025901872338224e-01 3.170319658985153444e-01 9.780616480007088276e-01 7.452410332159330464e-01 2.864284583391557004e-01 5.612826124062215705e-01 7.845243710978869744e-01 8.027543835610474465e-01 5.009929147821041706e-01 8.968256846748182687e-01 1.436980890237737896e-01 0.000000000000000000e+00 5.822002574686621079e-01 8.461576190950764742e-01 4.775058084414836035e-01 2.612690029396854685e-01 1.122984517646700015e-01 4.997496379095902053e-01 6.119539441352039866e-01 7.559445895858454278e-01 1.819761845622167307e-01 5.570742700770401346e-01 3.895340357751098659e-01 4.570022422100752379e-01 7.302893342560801138e-01 5.327883593969092724e-01 9.448587982068077373e-01 9.978794489592749395e-01 3.295515026601147923e-01 2.414709303202733082e-01 5.929807538238983655e-01 5.697871219878143378e-01 8.068239533592963530e-01 2.073262517400798477e-01 2.573681042996743829e-01 5.998765539457566742e-01 8.664040379151736193e-01 5.120543142119501345e-01 9.676675810838517577e-01 3.553535601975780778e-01
6.987467973722480963e-01 3.442501203897740947e-01 9.393077749220121175e-01 3.779863765003286802e-01 4.152186056565576600e-01 7.885375681671823456e-01 6.274141419236680672e-01 4.859651428168779708e-01 3.080886842943008075e-01 7.397191501054289908e-01 5.879458450330383723e-01 5.822002574686621079e-01 0.000000000000000000e+00 8.766035755738070812e-01 4.243023559023260671e-01 3.236250953187992385e-01 5.949568699093241708e-01 5.942604274209520865e-01 6.793750081857518053e-01 2.876390918529825869e-01 5.390316183591867816e-01 5.964467068648814374e-01 8.067823705175520832e-01 7.256183457291133232e-01 1.775693574991221713e-01 7.723748419594322900e-01 8.686621832714347402e-01 4.502831131755599681e-01 5.871776004318092212e-01 7.819135307470413965e-01 2.499564439107045677e-01 3.226885804619202269e-01 5.582194696807899481e-01 4.764242696348552353e-01 6.038290738433998994e-01 1.628388259900538926e-01 4.349980190953822157e-01 3.323821713932486044e-01 6.368714244751715325e-01 2.432964655999598214e-01
7.959694897610121167e-01 9.666674430026678255e-01 1.490442741764392287e-01 5.919057216983107939e-01 6.194989916874400482e-01 3.312013143971684892e-01 3.028174052782707237e-01 5.134784899663950020e-01 5.732363171381521516e-01 2.757547782000945302e-01 7.063142657856773532e-01 8.461576190950764742e-01 8.766035755738070812e-01 0.000000000000000000e+00 4.745890506356340022e-01 7.818385904579412404e-01 7.401413074827535299e-01 3.553244361188461209e-01 2.390066804644807030e-01 7.218363951661257438e-01 6.653349559163640459e-01 3.128816130376838034e-01 5.876659579618820350e-01 4.200699540114682384e-01 8.466382353641215275e-01 3.561448214613269769e-01 1.689677631390157642e-01 9.320754718998908173e-01 5.167600865456605241e-01 7.819104440086367402e-01 1.095859731633043843e+00 1.140195562639668925e+00 4.200151391152983082e-01 6.603521212572783794e-01 5.934485199129997390e-01 1.027255917936163110e+00 6.733090956517936432e-01 5.475314257305452514e-01 5.372817167571850572e-01 8.839569609138050454e-01
5.055407833364408132e-01 5.027322144521060299e-01 5.689374234363111515e-01 3.144751049181533364e-01 1.928915844497881282e-01 3.744346606583257020e-01 3.141403549666060835e-01 3.393596982035896326e-01 1.211615126770188428e-01 4.325194568003600804e-01 3.774972814738670746e-01 4.775058084414836035e-01 4.243023559023260671e-01 4.745890506356340022e-01 0.000000000000000000e+00 3.232733376502980871e-01 4.061933621570252839e-01 1.729495345059473554e-01 2.571702023613019472e-01 3.880732686752884630e-01 3.152814548859693145e-01 1.735144131199551076e-01 4.703827035326488826e-01 3.339847665684438915e-01 4.543222930877586774e-01 3.630730851050444907e-01 5.143381826727093653e-01 6.505827662205762030e-01 2.453514455218778201e-01 5.488231049163536657e-01 6.245205145014778303e-01 6.658472045021283092e-01 3.301186587283341245e-01 2.711464393488909885e-01 3.101683700263029864e-01 5.619287552443523737e-01 4.435517121078343949e-01 1.031644449421478538e-01 4.960448910079662821e-01 4.116171085347241076e-01
3.759937779377270362e-01 1.851772160511192533e-01 8.886277691590699357e-01 5.172667515155543461e-01 1.695164998921608324e-01 5.811003652789490381e-01 6.316579216987229239e-01 5.936186752561265489e-01 2.891294357311172680e-01 7.520239738595426715e-01 2.733380686980798058e-01 2.612690029396854685e-01 3.236250953187992385e-01 7.818385904579412404e-01 3.232733376502980871e-01 0.000000000000000000e+00 2.751116036134858001e-01 4.329297338624193969e-01 5.462975832274586940e-01 5.060264027926685282e-01 2.358805311050059250e-01 4.689577811416194009e-01 5.207350219060189467e-01 4.920953287499063578e-01 4.694053089518127608e-01 5.574344676101529172e-01 8.370520226755299165e-01 7.391814258029105744e-01 3.366048848867336241e-01 4.619382791272095834e-01 3.916072499694392972e-01 4.004352321849563578e-01 6.208406394975961584e-01 1.823164497074521995e-01 3.196477400795288970e-01 3.704192254376916238e-01 6.287904040306886433e-01 3.087119074079624492e-01 7.630668155360834648e-01 1.310525347679039609e-01
1.086407199049247152e-01 3.865617979923322012e-01 8.752258102768166736e-01 6.978360990068011027e-01 2.294665094867757715e-01 4.493055677219413013e-01 7.007214149932218250e-01 7.425433345359755410e-01 4.536987680810264378e-01 8.084946037117438644e-01 3.395250070631380956e-02 1.122984517646700015e-01 5.949568699093241708e-01 7.401413074827535299e-01 4.061933621570252839e-01 2.751116036134858001e-01 0.000000000000000000e+00 4.007236395143311536e-01 5.093580544055036352e-01 7.274785182655232330e-01 9.108343182379589897e-02 4.609017176973231877e-01 2.862583723998823326e-01 3.449576021222538480e-01 7.241158825049006653e-01 4.207521872899793181e-01 8.460956813634632478e-01 9.807287216591216161e-01 2.242326646531724033e-01 1.871255365039315444e-01 6.494365542046358630e-01 6.387666380368951513e-01 7.352752691539339303e-01 1.429881549423940579e-01 1.474160073368061818e-01 6.414041619473309641e-01 8.238363586038436326e-01 4.595956299513900278e-01 9.021805748392862645e-01 3.945681466996188158e-01
4.759533859591519867e-01 6.179614197584000213e-01 4.793646169806016766e-01 4.510145802147283445e-01 2.662574442208817671e-01 2.030765365821941004e-01 3.230517745200905400e-01 4.401389419364295508e-01 2.940933275240031897e-01 4.170389921255784893e-01 3.669925534493777564e-01 4.997496379095902053e-01 5.942604274209520865e-01 3.553244361188461209e-01 1.729495345059473554e-01 4.329297338624193969e-01 4.007236395143311536e-01 0.000000000000000000e+00 1.163183223418204348e-01 5.463150996757994982e-01 3.178419189665135924e-01 6.374282740190571894e-02 3.522613962130541898e-01 1.840221920904741848e-01 6.252343575613101834e-01 1.949022036000047364e-01 4.456456179790528882e-01 8.039850363874729844e-01 1.801466074126790162e-01 4.893154881579990234e-01 7.798705754938644041e-01 8.123324621554071090e-01 3.934889070259134924e-01 3.059301110590265660e-01 2.623593236689586994e-01 7.243988834601309268e-01 5.747847395552660998e-01 2.749264017516262482e-01 5.671511596068498084e-01 5.453748345771749495e-01
5.760372731896681309e-01 7.314721737160897463e-01 3.661900065952822247e-01 4.732682181518185760e-01 3.815021730019320656e-01 1.890438438104666274e-01 2.693868968965570376e-01 4.348265569716587287e-01 3.716074303934479572e-01 3.379961451823582097e-01 4.754109803298411929e-01 6.119539441352039866e-01 6.793750081857518053e-01 2.390066804644807030e-01 2.571702023613019472e-01 5.462975832274586940e-01 5.093580544055036352e-01 1.163183223418204348e-01 0.000000000000000000e+00 5.863790018112303715e-01 4.301237129741696807e-01 8.369878296407744223e-02 4.105184401116825366e-01 2.294212571128026734e-01 6.856592178632701096e-01 1.978910299283373475e-01 3.394496037593456306e-01 8.317803580700418031e-01 2.852876812828619157e-01 5.772214597504705669e-01 8.801569134268633077e-01 9.175321469497310645e-01 3.664891236951702824e-01 4.217629958051951067e-01 3.656552944389429016e-01 8.190747365757189424e-01 5.858101002760283116e-01 3.483116324948000164e-01 5.323259957712400681e-01 6.543556298523955927e-01
8.359215941925908222e-01 6.005767024687576061e-01 7.446657696762021272e-01 1.326556116679604713e-01 5.017256245876345888e-01 7.474665688913841866e-01 4.284736744348412452e-01 2.353958798355364757e-01 2.857810245438012764e-01 5.187380494667416242e-01 7.081054917319179465e-01 7.559445895858454278e-01 2.876390918529825869e-01 7.218363951661257438e-01 3.880732686752884630e-01 5.060264027926685282e-01 7.274785182655232330e-01 5.463150996757994982e-01 5.863790018112303715e-01 0.000000000000000000e+00 6.470007525424207317e-01 5.174716731325402774e-01 8.551385035163380222e-01 7.206560186878764318e-01 1.482807060147083023e-01 7.411803102714790148e-01 6.660130764862519648e-01 2.632963391905075445e-01 6.254493879787322852e-01 9.003647929107608805e-01 5.319205710119636610e-01 6.087753492016382273e-01 3.271336305104639575e-01 5.860367322403293722e-01 6.759630177930641137e-01 4.407370257452163931e-01 1.473919626848211317e-01 2.913599447773168594e-01 3.597320989701372485e-01 4.870084103753418714e-01
1.930162927640009796e-01 3.842474718644617315e-01 7.961474117189836219e-01 6.106897065706072825e-01 1.453138030147366477e-01 3.949074436885127715e-01 6.108294378776882860e-01 6.524207031047889460e-01 3.681605603551363348e-01 7.199707256850136350e-01 6.311274744343040033e-02 1.819761845622167307e-01 5.390316183591867816e-01 6.653349559163640459e-01 3.152814548859693145e-01 2.358805311050059250e-01 9.108343182379589897e-02 3.178419189665135924e-01 4.301237129741696807e-01 6.470007525424207317e-01 0.000000000000000000e+00 3.758512702760980484e-01 2.858144481406330595e-01 2.932635991393172104e-01 6.546591254617541988e-01 3.674178993589009568e-01 7.632072977416366477e-01 9.039476109091930667e-01 1.506498233443805124e-01 2.541585909830971768e-01 6.260555427852320109e-01 6.271962042827101680e-01 6.441938527766912781e-01 6.371257393370499678e-02 9.385747233272126455e-02 6.056452169451506107e-01 7.377118649672891326e-01 3.722734852071312162e-01 8.113214668152796127e-01 3.654299567678375715e-01
5.387709087341485681e-01 6.538153860263391515e-01 4.271839068081618174e-01 4.123883736211764184e-01 3.082460512100639871e-01 2.333391464434189655e-01 2.601735948166512546e-01 3.898845924609444791e-01 2.892036821123605828e-01 3.534309512570947831e-01 4.274069062138113329e-01 5.570742700770401346e-01 5.964467068648814374e-01 3.128816130376838034e-01 1.735144131199551076e-01 4.689577811416194009e-01 4.609017176973231877e-01 6.374282740190571894e-02 8.369878296407744223e-02 5.174716731325402774e-01 3.758512702760980484e-01 0.000000000000000000e+00 4.115400722559546254e-01 2.372339835320905199e-01 6.090031832256397326e-01 2.322804550681017155e-01 3.880843771815404297e-01 7.695716729517627641e-01 2.428419813925457027e-01 5.530534882242414962e-01 7.966573433034523921e-01 8.348598138223115583e-01 3.361122717379599889e-01 3.581460443561138574e-01 3.250338271141089974e-01 7.353863841330985363e-01 5.318351442413239427e-01 2.665469651035354826e-01 5.088143723394072948e-01 5.733515349795963445e-01
2.683290511282198643e-01 6.650181995964634662e-01 7.360224769208049134e-01 7.829969529026024055e-01 3.915998306937535922e-01 2.564935904759371721e-01 6.695981418882126501e-01 7.881618791562436943e-01 5.714321260549936055e-01 7.484566872304061480e-01 2.670304718077770034e-01 3.895340357751098659e-01 8.067823705175520832e-01 5.876659579618820350e-01 4.703827035326488826e-01 5.207350219060189467e-01 2.862583723998823326e-01 3.522613962130541898e-01 4.105184401116825366e-01 8.551385035163380222e-01 2.858144481406330595e-01 4.115400722559546254e-01 0.000000000000000000e+00 1.810984996787457779e-01 8.966531368710073391e-01 2.320091562235263860e-01 7.326133638674793280e-01 1.118433728152038009e+00 2.306784136312821087e-01 2.130216232318799807e-01 9.117511470486128200e-01 9.120397357438611019e-01 7.457473871164524981e-01 3.398104196827692047e-01 2.042320083082818649e-01 8.883116686233485382e-01 9.112310321124778012e-01 5.638006390597936068e-01 9.193815317261324616e-01 6.510063888747551486e-01
3.812121254539148074e-01 6.650722494499097248e-01 5.657979109438221466e-01 6.326843116545627366e-01 3.296929170550709776e-01 1.043862844991451100e-01 4.910528300918022837e-01 6.239593349831329405e-01 4.497109192154052915e-01 5.673820583745448065e-01 3.135006686957410027e-01 4.570022422100752379e-01 7.256183457291133232e-01 4.200699540114682384e-01 3.339847665684438915e-01 4.920953287499063578e-01 3.449576021222538480e-01 1.840221920904741848e-01 2.294212571128026734e-01 7.206560186878764318e-01 2.932635991393172104e-01 2.372339835320905199e-01 1.810984996787457779e-01 0.000000000000000000e+00 7.847526210496381660e-01 7.579480457733601961e-02 5.559562629538572498e-01 9.815478083518892616e-01 1.557403654452056974e-01 3.618782169392722459e-01 8.750232794658924229e-01 8.919767263740394636e-01 5.733328701918831705e-01 3.190319501936421664e-01 2.023196324140517088e-01 8.344124612954681997e-01 7.578497680200318998e-01 4.358610131707441604e-01 7.457074372921469463e-01 6.203469718261590549e-01
8.318327355188313010e-01 5.196703899218356737e-01 8.820060453891279684e-01 2.741820591713818867e-01 5.150434262678585950e-01 8.280884862221483678e-01 5.637162138167934877e-01 3.814345302078500644e-01 3.352165998758008247e-01 6.612222263650963106e-01 7.108871708059415484e-01 7.302893342560801138e-01 1.775693574991221713e-01 8.466382353641215275e-01 4.543222930877586774e-01 4.694053089518127608e-01 7.241158825049006653e-01 6.252343575613101834e-01 6.856592178632701096e-01 1.482807060147083023e-01 6.546591254617541988e-01 6.090031832256397326e-01 8.966531368710073391e-01 7.847526210496381660e-01 0.000000000000000000e+00 8.173870664707053590e-01 8.049851790465716306e-01 2.755805983587046870e-01 6.670572524344645648e-01 9.071579353796663803e-01 3.998383725851240023e-01 4.807575464426327438e-01 4.699726214210644404e-01 5.910423659583490252e-01 7.024375716769992728e-01 3.082536735144723594e-01 2.859871101475089938e-01 3.511664387198334403e-01 5.063810612067500827e-01 4.135143677556704089e-01
4.544311469618259047e-01 7.339511740908243320e-01 5.041531639699899925e-01 6.429522873959204743e-01 3.911351783811795046e-01 2.874708608897595663e-02 4.672286924730103541e-01 6.211773325240511623e-01 4.832258741455510709e-01 5.302022403335147072e-01 3.892554910165436644e-01 5.327883593969092724e-01 7.723748419594322900e-01 3.561448214613269769e-01 3.630730851050444907e-01 5.574344676101529172e-01 4.207521872899793181e-01 1.949022036000047364e-01 1.978910299283373475e-01 7.411803102714790148e-01 3.674178993589009568e-01 2.322804550681017155e-01 2.320091562235263860e-01 7.579480457733601961e-02 8.173870664707053590e-01 0.000000000000000000e+00 5.017425853827313098e-01 9.980326062691121658e-01 2.246307409858801507e-01 4.287802067378046478e-01 9.345290043488209131e-01 9.554481337756116632e-01 5.605913618513503893e-01 3.893540544191891883e-01 2.775868849701411678e-01 8.893598482196296562e-01 7.639370791444204389e-01 4.662207778879775555e-01 7.291120601971088355e-01 6.835311297558974708e-01
9.154844992197684883e-01 1.016884477470646253e+00 8.131222958076893270e-02 5.335398168491372051e-01 6.889779813630835248e-01 4.801713423001296444e-01 2.429426728998334006e-01 4.358986029595915968e-01 5.865304678369779312e-01 1.538117454897151293e-01 8.122635248459956214e-01 9.448587982068077373e-01 8.686621832714347402e-01 1.689677631390157642e-01 5.143381826727093653e-01 8.370520226755299165e-01 8.460956813634632478e-01 4.456456179790528882e-01 3.394496037593456306e-01 6.660130764862519648e-01 7.632072977416366477e-01 3.880843771815404297e-01 7.326133638674793280e-01 5.559562629538572498e-01 8.049851790465716306e-01 5.017425853827313098e-01 0.000000000000000000e+00 8.416679512374715122e-01 6.232002638502205372e-01 9.139442466406403343e-01 1.105276480308443388e+00 1.159776457872437216e+00 3.402800556289442002e-01 7.456395874666844614e-01 7.044383965134353165e-01 1.027899883837667172e+00 5.867409912913383874e-01 5.606004014803223079e-01 4.116540574626014748e-01 9.217853178708422801e-01
1.089348617845575351e+00 7.942763393164733454e-01 9.229773129328756598e-01 3.585262205940034086e-01 7.594221761531086967e-01 1.002285107839125722e+00 6.292587849449108317e-01 4.186993437813936181e-01 5.484574984542514020e-01 6.878590859857907081e-01 9.636767385923209472e-01 9.978794489592749395e-01 4.502831131755599681e-01 9.320754718998908173e-01 6.505827662205762030e-01 7.391814258029105744e-01 9.807287216591216161e-01 8.039850363874729844e-01 8.317803580700418031e-01 2.632963391905075445e-01 9.039476109091930667e-01 7.695716729517627641e-01 1.118433728152038009e+00 9.815478083518892616e-01 2.755805983587046870e-01 9.980326062691121658e-01 8.416679512374715122e-01 0.000000000000000000e+00 8.886837981876674064e-01 1.158073484890519866e+00 6.399182543040691229e-01 7.239552282210462986e-01 5.125585337203175662e-01 8.416686247966311818e-01 9.377636295323976690e-01 5.534753352595962461e-01 2.588163691874190708e-01 5.546532084372107763e-01 4.503838967875688493e-01 6.890848064194868838e-01
2.959327696542482511e-01 5.098122350923642854e-01 6.509976497023752806e-01 5.598210787469869443e-01 1.780388289580892847e-01 2.505345341196675291e-01 4.957735294482973898e-01 5.774549408759935831e-01 3.409279411408204230e-01 5.957479964852292476e-01 1.902826722311777297e-01 3.295515026601147923e-01 5.871776004318092212e-01 5.167600865456605241e-01 2.453514455218778201e-01 3.366048848867336241e-01 2.242326646531724033e-01 1.801466074126790162e-01 2.852876812828619157e-01 6.254493879787322852e-01 1.506498233443805124e-01 2.428419813925457027e-01 2.306784136312821087e-01 1.557403654452056974e-01 6.670572524344645648e-01 2.246307409858801507e-01 6.232002638502205372e-01 8.886837981876674064e-01 0.000000000000000000e+00 3.162232189126247262e-01 7.220692185043803279e-01 7.368191039086975369e-01 5.497680794850514641e-01 1.647451760946413712e-01 8.222599045380497851e-02 6.854815190992645801e-01 6.889015807116469770e-01 3.341898137222270027e-01 7.228112624061810987e-01 4.655557855399342082e-01
9.475668497756103981e-02 5.560725717924338563e-01 9.274581675221185151e-01 8.569728832579555089e-01 3.988755135511402594e-01 4.561256587785120775e-01 8.106016547396043270e-01 8.875650948490237946e-01 6.186286038878643367e-01 9.057553932181634515e-01 1.963023989406780523e-01 2.414709303202733082e-01 7.819135307470413965e-01 7.819104440086367402e-01 5.488231049163536657e-01 4.619382791272095834e-01 1.871255365039315444e-01 4.893154881579990234e-01 5.772214597504705669e-01 9.003647929107608805e-01 2.541585909830971768e-01 5.530534882242414962e-01 2.130216232318799807e-01 3.618782169392722459e-01 9.071579353796663803e-01 4.287802067378046478e-01 9.139442466406403343e-01 1.158073484890519866e+00 3.162232189126247262e-01 0.000000000000000000e+00 8.278932353458796634e-01 8.096518103819212442e-01 8.653324950976960528e-01 3.169836369833644585e-01 2.399001219370034965e-01 8.255021766635123326e-01 9.854139323837667330e-01 6.200331863823337342e-01 1.037710475352985329e+00 5.781336927764442191e-01
7.345597072913675474e-01 2.785982967257984999e-01 1.172274978942208667e+00 6.279415699500733306e-01 5.453352863033079645e-01 9.554809183624340951e-01 8.674956219539501356e-01 7.357217101273271220e-01 5.239331806556837279e-01 9.830260556387994120e-01 6.556704469369495358e-01 5.929807538238983655e-01 2.499564439107045677e-01 1.095859731633043843e+00 6.245205145014778303e-01 3.916072499694392972e-01 6.494365542046358630e-01 7.798705754938644041e-01 8.801569134268633077e-01 5.319205710119636610e-01 6.260555427852320109e-01 7.966573433034523921e-01 9.117511470486128200e-01 8.750232794658924229e-01 3.998383725851240023e-01 9.345290043488209131e-01 1.105276480308443388e+00 6.399182543040691229e-01 7.220692185043803279e-01 8.278932353458796634e-01 0.000000000000000000e+00 8.407999199926269318e-02 8.056430081081910055e-01 5.738782728567819458e-01 7.112357058494973572e-01 9.172039985659523331e-02 6.786214622933285368e-01 5.499792318627595433e-01 8.861066165902388159e-01 2.607954944309198164e-01
7.151084212866667400e-01 2.536723711665941350e-01 1.224094322468398444e+00 6.986452078701993473e-01 5.643470434657994472e-01 9.779956754678089670e-01 9.255398635105038796e-01 8.048603972081489477e-01 5.739646179798320036e-01 1.043086383712489740e+00 6.492460894163704088e-01 5.697871219878143378e-01 3.226885804619202269e-01 1.140195562639668925e+00 6.658472045021283092e-01 4.004352321849563578e-01 6.387666380368951513e-01 8.123324621554071090e-01 9.175321469497310645e-01 6.087753492016382273e-01 6.271962042827101680e-01 8.348598138223115583e-01 9.120397357438611019e-01 8.919767263740394636e-01 4.807575464426327438e-01 9.554481337756116632e-01 1.159776457872437216e+00 7.239552282210462986e-01 7.368191039086975369e-01 8.096518103819212442e-01 8.407999199926269318e-02 0.000000000000000000e+00 8.704630786008753507e-01 5.806211057690366939e-01 7.166456344550937718e-01 1.731192815021277975e-01 7.560217878345122378e-01 6.000553113045168363e-01 9.591870937310534861e-01 2.719240362187363980e-01
8.315171227301958456e-01 7.779370656848226817e-01 4.201754638679413012e-01 1.958964235345808658e-01 5.206576036148836684e-01 5.548908497673860074e-01 1.179745524307308363e-01 9.624761111358089150e-02 3.327540267985510392e-01 1.916435985318032664e-01 7.055539514248340138e-01 8.068239533592963530e-01 5.582194696807899481e-01 4.200151391152983082e-01 3.301186587283341245e-01 6.208406394975961584e-01 7.352752691539339303e-01 3.934889070259134924e-01 3.664891236951702824e-01 3.271336305104639575e-01 6.441938527766912781e-01 3.361122717379599889e-01 7.457473871164524981e-01 5.733328701918831705e-01 4.699726214210644404e-01 5.605913618513503893e-01 3.402800556289442002e-01 5.125585337203175662e-01 5.497680794850514641e-01 8.653324950976960528e-01 8.056430081081910055e-01 8.704630786008753507e-01 0.000000000000000000e+00 6.011739756150904501e-01 6.260231622432522736e-01 7.210051414703526618e-01 2.537855554076964282e-01 3.121343670747623866e-01 1.739872119044907073e-01 6.688107869127896121e-01
2.504357990599906381e-01 3.463023186879504722e-01 7.844386160922846019e-01 5.550701039941243753e-01 8.653486380613295559e-02 4.152316370414279034e-01 5.773806243706953722e-01 6.027000903464754256e-01 3.107226841498110237e-01 6.905776393305353977e-01 1.221457292023766100e-01 2.073262517400798477e-01 4.764242696348552353e-01 6.603521212572783794e-01 2.711464393488909885e-01 1.823164497074521995e-01 1.429881549423940579e-01 3.059301110590265660e-01 4.217629958051951067e-01 5.860367322403293722e-01 6.371257393370499678e-02 3.581460443561138574e-01 3.398104196827692047e-01 3.190319501936421664e-01 5.910423659583490252e-01 3.893540544191891883e-01 7.456395874666844614e-01 8.416686247966311818e-01 1.647451760946413712e-01 3.169836369833644585e-01 5.738782728567819458e-01 5.806211057690366939e-01 6.011739756150904501e-01 0.000000000000000000e+00 1.373629770780560311e-01 5.485543873338413201e-01 6.808610490630389034e-01 3.170656600976763939e-01 7.648228679240867134e-01 3.133497930429208767e-01
2.137445314038752819e-01 4.768736938407917014e-01 7.302709889042646729e-01 6.217501913308856043e-01 1.897722740347084491e-01 3.056886645149806681e-01 5.764589816056595595e-01 6.480312899855249498e-01 3.904130461084934223e-01 6.777193385031745620e-01 1.141178172598356771e-01 2.573681042996743829e-01 6.038290738433998994e-01 5.934485199129997390e-01 3.101683700263029864e-01 3.196477400795288970e-01 1.474160073368061818e-01 2.623593236689586994e-01 3.656552944389429016e-01 6.759630177930641137e-01 9.385747233272126455e-02 3.250338271141089974e-01 2.042320083082818649e-01 2.023196324140517088e-01 7.024375716769992728e-01 2.775868849701411678e-01 7.044383965134353165e-01 9.377636295323976690e-01 8.222599045380497851e-02 2.399001219370034965e-01 7.112357058494973572e-01 7.166456344550937718e-01 6.260231622432522736e-01 1.373629770780560311e-01 0.000000000000000000e+00 6.847270576672920273e-01 7.507915761269368105e-01 3.882083228166417488e-01 7.979989578715104281e-01 4.506444541235807288e-01
7.347370992358761566e-01 3.017923191666320171e-01 1.096955465345661240e+00 5.397381776963569022e-01 5.074676828244240046e-01 9.085417885642871338e-01 7.879064473938696134e-01 6.482753702892442016e-01 4.540934099653693989e-01 9.015190920366356053e-01 6.428895112624513075e-01 5.998765539457566742e-01 1.628388259900538926e-01 1.027255917936163110e+00 5.619287552443523737e-01 3.704192254376916238e-01 6.414041619473309641e-01 7.243988834601309268e-01 8.190747365757189424e-01 4.407370257452163931e-01 6.056452169451506107e-01 7.353863841330985363e-01 8.883116686233485382e-01 8.344124612954681997e-01 3.082536735144723594e-01 8.893598482196296562e-01 1.027899883837667172e+00 5.534753352595962461e-01 6.854815190992645801e-01 8.255021766635123326e-01 9.172039985659523331e-02 1.731192815021277975e-01 7.210051414703526618e-01 5.485543873338413201e-01 6.847270576672920273e-01 0.000000000000000000e+00 5.871972809002967697e-01 4.797278873443462932e-01 7.962287559158893746e-01 2.473741108018785717e-01
9.303886444412236001e-01 7.397898596746624866e-01 6.678660263619723425e-01 1.291732855946509384e-01 5.943739474201644724e-01 7.647000794111397104e-01 3.705102404586789189e-01 1.602541816783225326e-01 3.701386265497305650e-01 4.332806924475406940e-01 8.005540387561744797e-01 8.664040379151736193e-01 4.349980190953822157e-01 6.733090956517936432e-01 4.435517121078343949e-01 6.287904040306886433e-01 8.238363586038436326e-01 5.747847395552660998e-01 5.858101002760283116e-01 1.473919626848211317e-01 7.377118649672891326e-01 5.318351442413239427e-01 9.112310321124778012e-01 7.578497680200318998e-01 2.859871101475089938e-01 7.639370791444204389e-01 5.867409912913383874e-01 2.588163691874190708e-01 6.889015807116469770e-01 9.854139323837667330e-01 6.786214622933285368e-01 7.560217878345122378e-01 2.537855554076964282e-01 6.808610490630389034e-01 7.507915761269368105e-01 5.871972809002967697e-01 0.000000000000000000e+00 3.657693533347344261e-01 2.259452430274204449e-01 6.253689665896594585e-01
5.652030492719095633e-01 4.706581605745172037e-01 6.240490545912484865e-01 2.384295677442830608e-01 2.306834135264543562e-01 4.772565217523159209e-01 3.338745481622932276e-01 2.918474522788110925e-01 2.611834362929619027e-02 4.545764365650885597e-01 4.352657884735204319e-01 5.120543142119501345e-01 3.323821713932486044e-01 5.475314257305452514e-01 1.031644449421478538e-01 3.087119074079624492e-01 4.595956299513900278e-01 2.749264017516262482e-01 3.483116324948000164e-01 2.913599447773168594e-01 3.722734852071312162e-01 2.665469651035354826e-01 5.638006390597936068e-01 4.358610131707441604e-01 3.511664387198334403e-01 4.662207778879775555e-01 5.606004014803223079e-01 5.546532084372107763e-01 3.341898137222270027e-01 6.200331863823337342e-01 5.499792318627595433e-01 6.000553113045168363e-01 3.121343670747623866e-01 3.170656600976763939e-01 3.882083228166417488e-01 4.797278873443462932e-01 3.657693533347344261e-01 0.000000000000000000e+00 4.595035937475960286e-01 3.665601016909272314e-01
1.000894103479442521e+00 9.043352297717317523e-01 4.913387579936936977e-01 2.629351863744240902e-01 6.815765111312630520e-01 7.213479125779838075e-01 2.653573677276214182e-01 1.695043531195147002e-01 4.755599982701968487e-01 2.644243192660115649e-01 8.734823830296288838e-01 9.676675810838517577e-01 6.368714244751715325e-01 5.372817167571850572e-01 4.960448910079662821e-01 7.630668155360834648e-01 9.021805748392862645e-01 5.671511596068498084e-01 5.323259957712400681e-01 3.597320989701372485e-01 8.113214668152796127e-01 5.088143723394072948e-01 9.193815317261324616e-01 7.457074372921469463e-01 5.063810612067500827e-01 7.291120601971088355e-01 4.116540574626014748e-01 4.503838967875688493e-01 7.228112624061810987e-01 1.037710475352985329e+00 8.861066165902388159e-01 9.591870937310534861e-01 1.739872119044907073e-01 7.648228679240867134e-01 7.979989578715104281e-01 7.962287559158893746e-01 2.259452430274204449e-01 4.595035937475960286e-01 0.000000000000000000e+00 7.911160209145575717e-01
