0.000000000000000000e+00 6.877800913313421027e-01 3.032474116084321047e-01 7.133114248243914712e-01 1.720061271361383037e-01 6.373577148597129316e-01 4.865148202809717604e-01 7.212103441796734460e-01 7.801439001885512869e-01 3.976996482364098529e-01 7.921119679258792345e-01 2.879584588019076796e-01 6.003531818558615063e-01 4.402807709036623551e-01 2.466390824695880168e-01 5.568232088823292791e-01 3.956361702863293583e-01 3.408276162589603531e-01 1.359989089293078823e-01 3.672016885218561955e-01 3.019794420759415732e-01 2.338151945159005207e-01 6.257926115771802467e-01 7.861758122188151898e-02 6.651322968826821613e-01 4.619622942916353225e-01 4.959239886474384879e-02 6.672460905732666703e-01 5.429204338366337979e-01 2.222353264896086145e-01 3.395392108509839302e-01 7.969578960102110532e-01 2.183211698014895230e-01 3.068762123386202800e-01 2.855656257852217661e-01 4.487468798112924651e-01 1.264516836284573786e-01 5.720472919654691069e-01 3.556463012517535605e-01 7.650221919995512376e-01
6.877800913313421027e-01 0.000000000000000000e+00 7.754421836971802096e-01 4.069815247494435462e-01 5.579134208339431300e-01 4.078498993159559438e-01 9.611505466117141738e-01 6.956895634941020479e-01 6.484152695929320531e-01 6.363225302539441408e-01 6.404186416072961130e-01 4.472438572668124834e-01 1.184686183680978111e+00 4.460983228756110752e-01 5.564562062717595126e-01 1.144287733299719889e+00 3.011617483355323310e-01 9.648202524584166273e-01 7.983007982121171908e-01 1.026211344156084948e+00 8.730317066284103422e-01 8.866549860283842177e-01 9.550143257739852898e-02 7.663864941564519917e-01 3.464052536163026996e-01 2.324217248418922188e-01 7.052250067184474558e-01 8.024253649874305561e-01 1.140462107411300829e+00 4.755601205746676219e-01 8.133923504893963985e-01 7.090809070614563225e-01 8.985935173800536635e-01 4.569708584187519018e-01 5.699124165890062654e-01 9.073894981727483877e-01 6.182251446112382309e-01 3.750930856655254053e-01 9.577066307808984602e-01 6.539844467213731249e-01
3.032474116084321047e-01 7.754421836971802096e-01 0.000000000000000000e+00 6.268254922509910454e-01 2.603255482303418744e-01 5.490121446140894257e-01 7.739146875136400094e-01 5.076164762209136594e-01 5.955755878348236720e-01 6.910670431340552033e-01 6.128804655112900512e-01 3.349586525639849932e-01 4.099300616085325144e-01 3.672304339324848343e-01 2.226311720575351316e-01 3.706536630804910248e-01 5.500953467009537246e-01 2.323836569294520649e-01 3.954423380665223475e-01 3.239315815604040250e-01 1.230804178227405815e-01 2.293956059608904807e-01 6.889155152084349698e-01 3.051956400944078052e-01 6.052494054724931738e-01 5.499393616581330635e-01 2.553313213569053386e-01 4.037271509760207988e-01 3.693689809418374548e-01 4.310494864990627173e-01 6.379967915494145769e-01 5.906764399219250894e-01 4.096236084560259672e-01 5.457589701811192962e-01 5.676802895022101669e-01 1.565173141176620375e-01 2.274972490385108459e-01 5.059952847008482024e-01 2.069783769084543035e-01 5.756575984089609133e-01
7.133114248243914712e-01 4.069815247494435462e-01 6.268254922509910454e-01 0.000000000000000000e+00 5.414900202398068574e-01 7.912083239708972426e-02 1.138051928550483094e+00 3.155648588938818611e-01 2.459114562862142750e-01 8.708727033298691023e-01 2.354670488281242202e-01 4.296662446724412998e-01 1.008497559515050046e+00 2.786718807858128422e-01 4.792132363194616107e-01 9.760202233656154469e-01 4.942202818788317131e-01 8.573032434711640448e-01 8.488556809478293719e-01 9.436438265123376912e-01 7.487212478030013107e-01 8.223515948645787610e-01 3.279355059228136193e-01 7.792113137117810950e-01 6.891569693974029798e-02 3.754297016021068689e-01 7.020809654833185531e-01 4.617110517538279835e-01 9.808646792513218138e-01 5.881776494088043483e-01 9.761274597751329329e-01 3.091997054583408566e-01 9.247786256897408963e-01 6.497438142847953291e-01 7.586108860061757664e-01 7.027665709646669923e-01 5.946644000164310606e-01 1.414572955082772365e-01 8.338030421678430670e-01 2.551690796644149328e-01
1.720061271361383037e-01 5.579134208339431300e-01 2.603255482303418744e-01 5.414900202398068574e-01 0.000000000000000000e+00 4.653582297885734964e-01 6.346983629795934778e-01 5.670171437997322261e-01 6.165638571838457649e-01 4.639328092724188668e-01 6.272197262184406874e-01 1.222656354802002382e-01 6.460777402873768560e-01 2.687688899830900091e-01 8.726681920450535257e-02 6.035245708532823716e-01 2.971790742974171895e-01 4.094396526100489986e-01 3.079143735695511475e-01 4.683938120835293706e-01 3.272667315226192586e-01 3.292006470391488637e-01 4.838982523578820305e-01 2.394867541025954005e-01 4.945759049278778408e-01 3.255235790733951862e-01 1.641887838723292692e-01 5.389649923601174120e-01 5.959552659822549003e-01 1.735735909984173764e-01 4.770109312149903857e-01 6.386344806433822407e-01 3.851892862771243431e-01 2.899542803751931630e-01 3.339370162746054804e-01 4.159057992425445605e-01 6.146727515912302209e-02 4.003728229811743811e-01 4.069468370006304458e-01 6.028137836474323219e-01
6.373577148597129316e-01 4.078498993159559438e-01 5.490121446140894257e-01 7.912083239708972426e-02 4.653582297885734964e-01 0.000000000000000000e+00 1.070619604107858835e+00 2.888577232227335090e-01 2.463812571407076601e-01 8.139364589134355787e-01 2.424357980634211096e-01 3.566291065559502593e-01 9.348231803786211103e-01 2.002200064304968385e-01 4.009540212784094004e-01 9.015140918460095021e-01 4.446824857208416804e-01 7.789144643879502006e-01 7.731785610400689901e-01 8.648162127212455363e-01 6.705329904062236057e-01 7.432311450494011318e-01 3.190798215782909009e-01 7.020300479222644219e-01 7.341570283279597042e-02 3.311405049577810233e-01 6.247289647086308184e-01 4.150678017334284431e-01 9.056981267282886439e-01 5.224779095330605028e-01 9.085825127160234160e-01 3.036931627701080494e-01 8.473994549314598501e-01 5.921380366045859711e-01 6.974579101902025347e-01 6.298699402339262843e-01 5.173732957139186572e-01 7.060682171672134910e-02 7.559329439953569318e-01 2.487961064402809952e-01
4.865148202809717604e-01 9.611505466117141738e-01 7.739146875136400094e-01 1.138051928550483094e+00 6.346983629795934778e-01 1.070619604107858835e+00 0.000000000000000000e+00 1.201117286155803709e+00 1.249563576796223874e+00 3.350615277303657935e-01 1.259096547663987709e+00 7.187777796492746951e-01 9.319982289048741597e-01 8.911433409243307846e-01 7.203479257581184569e-01 8.947741742168732193e-01 6.812763318057432071e-01 7.005027707091154854e-01 3.789617107952635844e-01 6.562495299632812307e-01 7.265329042968887707e-01 6.009918358614894096e-01 9.411092731130162869e-01 4.687233753595496655e-01 1.077988810358761151e+00 7.966939945710183046e-01 5.268080511107435804e-01 1.153692660503208067e+00 8.726896312120748789e-01 5.501275165133844292e-01 1.620378661395599496e-01 1.273323080870338408e+00 3.996248716281773916e-01 5.123307735194386758e-01 3.958786454594183657e-01 8.976905348457273615e-01 6.073373484798514355e-01 1.000386205036853715e+00 7.352820996446461921e-01 1.236634929392203874e+00
7.212103441796734460e-01 6.956895634941020479e-01 5.076164762209136594e-01 3.155648588938818611e-01 5.670171437997322261e-01 2.888577232227335090e-01 1.201117286155803709e+00 0.000000000000000000e+00 1.106079794002388650e-01 1.002363789581612430e+00 1.318303391731394381e-01 5.050507202852109190e-01 8.059810035905365933e-01 3.407324684086350253e-01 4.807926905641566329e-01 7.827247197104538756e-01 6.746464361378526897e-01 7.289006508475992518e-01 8.500763252516987389e-01 8.245840232839001249e-01 6.238805466092518515e-01 7.359551612480744742e-01 6.046792937267696511e-01 7.634058269801264895e-01 3.571958328511536940e-01 5.808799067316238185e-01 6.900721047629239102e-01 1.716383767620282552e-01 7.942208629097404771e-01 6.912748009913355363e-01 1.044025352844511145e+00 8.340164617535798797e-02 8.957761446971825858e-01 7.887612150342541151e-01 8.744859539290559258e-01 5.124261225917150497e-01 5.959035202606943749e-01 3.258914061352081726e-01 6.948368227838268574e-01 8.849682523405698331e-02
7.801439001885512869e-01 6.484152695929320531e-01 5.955755878348236720e-01 2.459114562862142750e-01 6.165638571838457649e-01 2.463812571407076601e-01 1.249563576796223874e+00 1.106079794002388650e-01 0.000000000000000000e+00 1.026444718971365244e+00 2.123361230280953332e-02 5.361912223434046609e-01 9.130124246167694579e-01 3.632004480097019705e-01 5.341148479109851799e-01 8.884542972393808524e-01 6.756779899840057446e-01 8.226666378078316688e-01 9.131053290233472897e-01 9.173457227716241835e-01 7.154763065137227374e-01 8.203001073486341221e-01 5.632655282273592023e-01 8.298526938909487338e-01 3.020143607686966991e-01 5.698112043168159779e-01 7.540639540171925059e-01 2.821128252409016435e-01 8.990631940330334748e-01 7.198896152002789428e-01 1.089597809583359833e+00 6.437207813258340183e-02 9.676724335520946463e-01 8.072022633458419971e-01 9.023280315073682889e-01 6.155614618683965533e-01 6.536926997330116951e-01 3.025055707816876605e-01 7.904179228271829283e-01 2.234939993751942564e-02
3.976996482364098529e-01 6.363225302539441408e-01 6.910670431340552033e-01 8.708727033298691023e-01 4.639328092724188668e-01 8.139364589134355787e-01 3.350615277303657935e-01 1.002363789581612430e+00 1.026444718971365244e+00 0.000000000000000000e+00 1.031633540873371224e+00 4.974401043362856600e-01 9.846370488951350364e-01 6.652341965409868108e-01 5.471707782239229045e-01 9.418414047903634900e-01 3.817350109113674117e-01 7.246098686046132942e-01 3.870159589648197174e-01 7.246240054173075373e-01 6.992557115809651114e-01 6.127288307364295861e-01 6.286858177273706438e-01 4.372900112416501783e-01 8.051607726353587902e-01 5.028994267211374103e-01 4.470692178924250970e-01 9.994239025112446884e-01 9.251244400035771864e-01 3.114990693758636353e-01 2.194226333752229974e-01 1.062845891927188147e+00 4.769383004358196954e-01 2.217989552238358031e-01 1.304952167033863464e-01 8.429267896722285602e-01 4.699651068834368450e-01 7.439995666971985777e-01 7.459842445074593709e-01 1.017887229982278763e+00
7.921119679258792345e-01 6.404186416072961130e-01 6.128804655112900512e-01 2.354670488281242202e-01 6.272197262184406874e-01 2.424357980634211096e-01 1.259096547663987709e+00 1.318303391731394381e-01 2.123361230280953332e-02 1.031633540873371224e+00 0.000000000000000000e+00 5.438474743407946121e-01 9.334672143105358089e-01 3.704500137021419781e-01 5.457032879749146304e-01 9.086683201769446550e-01 6.771931089171397966e-01 8.407557211406780917e-01 9.256288786948050351e-01 9.352041114972772240e-01 7.332638296290668878e-01 8.367288802611350107e-01 5.567520957565612605e-01 8.430927130538733438e-01 2.942904696177414681e-01 5.693674829203475563e-01 7.669769805155051134e-01 3.033463613721987251e-01 9.191110677633289594e-01 7.264713254663586195e-01 1.098731468804476696e+00 8.046800328420566917e-02 9.817456101831891768e-01 8.116867045929840874e-01 9.083995175002071987e-01 6.353950314255926157e-01 6.657067134460252777e-01 3.017151492575283478e-01 8.088458295426494971e-01 4.343279304033823701e-02
2.879584588019076796e-01 4.472438572668124834e-01 3.349586525639849932e-01 4.296662446724412998e-01 1.222656354802002382e-01 3.566291065559502593e-01 7.187777796492746951e-01 5.050507202852109190e-01 5.361912223434046609e-01 4.974401043362856600e-01 5.438474743407946121e-01 0.000000000000000000e+00 7.402820057417441868e-01 1.734763608003001278e-01 1.123278406867274648e-01 6.991013313357510306e-01 2.251655042467128609e-01 5.183147335792385180e-01 4.216569514871756352e-01 5.843269014830559938e-01 4.260213851364370585e-01 4.468241429735206327e-01 3.676701634778313244e-01 3.597585986104502309e-01 3.781653057344986912e-01 2.168342096873040470e-01 2.858740142087736746e-01 5.138139647970507706e-01 6.942762022266452115e-01 1.862348922282557051e-01 5.572410867869993512e-01 5.678022642541233900e-01 5.048321714198776844e-01 2.885033736956416073e-01 3.695209728450377096e-01 4.798713228069117487e-01 1.830312762158608220e-01 2.884031010296961295e-01 5.104627792366510652e-01 5.255110187426316193e-01
6.003531818558615063e-01 1.184686183680978111e+00 4.099300616085325144e-01 1.008497559515050046e+00 6.460777402873768560e-01 9.348231803786211103e-01 9.319982289048741597e-01 8.059810035905365933e-01 9.130124246167694579e-01 9.846370488951350364e-01 9.334672143105358089e-01 7.402820057417441868e-01 0.000000000000000000e+00 7.702550989624653566e-01 6.289229325471911158e-01 4.360071973450464072e-02 9.432404409915373655e-01 2.607028600866425627e-01 6.043025956889829242e-01 2.763037462239371633e-01 3.188947375476940405e-01 3.721091229687844004e-01 1.098811731662881819e+00 5.479441240564711935e-01 9.982771157848567833e-01 9.569484673555062049e-01 5.557929075335520386e-01 6.463363753826955049e-01 6.038128988984124007e-02 7.974287011938343550e-01 8.502357634968579214e-01 8.849075645049796490e-01 5.400399476427135692e-01 9.007774490020492575e-01 8.841047392533287752e-01 3.061139171334701370e-01 5.950445420215827452e-01 9.022387393556652313e-01 2.460263637534343684e-01 8.907980515115502262e-01
4.402807709036623551e-01 4.460983228756110752e-01 3.672304339324848343e-01 2.786718807858128422e-01 2.687688899830900091e-01 2.002200064304968385e-01 8.911433409243307846e-01 3.407324684086350253e-01 3.632004480097019705e-01 6.652341965409868108e-01 3.704500137021419781e-01 1.734763608003001278e-01 7.702550989624653566e-01 0.000000000000000000e+00 2.007465982612234856e-01 7.334791180601728522e-01 3.388482672056410405e-01 5.903383108837099158e-01 5.762741165898378481e-01 6.722458658596184300e-01 4.842517476038685209e-01 5.463681837118709028e-01 3.516695729668800063e-01 5.027118043389824376e-01 2.431353691949056373e-01 2.632695714751006055e-01 4.252531644225049923e-01 3.838860813464876065e-01 7.344673946863236047e-01 3.568345138866820809e-01 7.299744599666088130e-01 3.976329109753221069e-01 6.477513931099211364e-01 4.488135577249950936e-01 5.396724958890275481e-01 4.747562562884704018e-01 3.181347670081546286e-01 1.430778247411198800e-01 5.711569230785509266e-01 3.532890965750544732e-01
2.466390824695880168e-01 5.564562062717595126e-01 2.226311720575351316e-01 4.792132363194616107e-01 8.726681920450535257e-02 4.009540212784094004e-01 7.203479257581184569e-01 4.807926905641566329e-01 5.341148479109851799e-01 5.471707782239229045e-01 5.457032879749146304e-01 1.123278406867274648e-01 6.289229325471911158e-01 2.007465982612234856e-01 0.000000000000000000e+00 5.881000095242944203e-01 3.318560676986264113e-01 4.142218562861353370e-01 3.813549409916009436e-01 4.868217305321941302e-01 3.172696948142568196e-01 3.538850646068770756e-01 4.733544071184538904e-01 3.035131226132068427e-01 4.393724883917209945e-01 3.281456311563668016e-01 2.259977186526082593e-01 4.531127180603820026e-01 5.840064268309002049e-01 2.455027974867235452e-01 5.635781768049060725e-01 5.536559383672532419e-01 4.477298916305578746e-01 3.606730166550905503e-01 4.167177457104691007e-01 3.691804807588027759e-01 1.206646336365318484e-01 3.409725398132598673e-01 4.030960667595703262e-01 5.195311769162488380e-01
5.568232088823292791e-01 1.144287733299719889e+00 3.706536630804910248e-01 9.760202233656154469e-01 6.035245708532823716e-01 9.015140918460095021e-01 8.947741742168732193e-01 7.827247197104538756e-01 8.884542972393808524e-01 9.418414047903634900e-01 9.086683201769446550e-01 6.991013313357510306e-01 4.360071973450464072e-02 7.334791180601728522e-01 5.881000095242944203e-01 0.000000000000000000e+00 9.006261581185022180e-01 2.175196144122092667e-01 5.625424919961315995e-01 2.385322002534858432e-01 2.762580033797924495e-01 3.291565196447309716e-01 1.059063257261772417e+00 5.049263013203924011e-01 9.638728807714471714e-01 9.158845781283845300e-01 5.121991727587648091e-01 6.266698554538174815e-01 2.461299025254621436e-02 7.540303468690016109e-01 8.098734620385457106e-01 8.627766040480454590e-01 5.006503487078911574e-01 8.571977304554352362e-01 8.407284760135063095e-01 2.760708957726791812e-01 5.520214934817435637e-01 8.670697491784624678e-01 2.024419291530435150e-01 8.663576273368898129e-01
3.956361702863293583e-01 3.011617483355323310e-01 5.500953467009537246e-01 4.942202818788317131e-01 2.971790742974171895e-01 4.446824857208416804e-01 6.812763318057432071e-01 6.746464361378526897e-01 6.756779899840057446e-01 3.817350109113674117e-01 6.771931089171397966e-01 2.251655042467128609e-01 9.432404409915373655e-01 3.388482672056410405e-01 3.318560676986264113e-01 9.006261581185022180e-01 0.000000000000000000e+00 7.022342394024156942e-01 4.985997782410328538e-01 7.511020171625332198e-01 6.243822193672232679e-01 6.113978536285676890e-01 2.617341086583697685e-01 4.737617278893140327e-01 4.268866270475920599e-01 1.212456765005381215e-01 4.202711729663045626e-01 7.182914283623779150e-01 8.926899628106781392e-01 1.763643551955966782e-01 5.257736520523397239e-01 7.213813079457923605e-01 6.002929621858574816e-01 1.691785004574326290e-01 2.855831506877904435e-01 7.006680726194360886e-01 3.503074388748914081e-01 3.776326640017882430e-01 7.027728502574049907e-01 6.711133108877757047e-01
3.408276162589603531e-01 9.648202524584166273e-01 2.323836569294520649e-01 8.573032434711640448e-01 4.094396526100489986e-01 7.789144643879502006e-01 7.005027707091154854e-01 7.289006508475992518e-01 8.226666378078316688e-01 7.246098686046132942e-01 8.407557211406780917e-01 5.183147335792385180e-01 2.607028600866425627e-01 5.903383108837099158e-01 4.142218562861353370e-01 2.175196144122092667e-01 7.022342394024156942e-01 0.000000000000000000e+00 3.490266398993534525e-01 9.624713227096751145e-02 1.093036809726065095e-01 1.119639844826393754e-01 8.856954098468594605e-01 2.874748486550959270e-01 8.321293022555440455e-01 7.327709735090297549e-01 2.980027369963462736e-01 6.027148164666681351e-01 2.023156721003517289e-01 5.459936646469610855e-01 6.012547313108528302e-01 8.122887488259298294e-01 3.008779152848978233e-01 6.445544648419497813e-01 6.235410944206863926e-01 2.459243466075297369e-01 3.523561484116387033e-01 7.321195965988961385e-01 4.097950165036886444e-02 8.020557176617593154e-01
1.359989089293078823e-01 7.983007982121171908e-01 3.954423380665223475e-01 8.488556809478293719e-01 3.079143735695511475e-01 7.731785610400689901e-01 3.789617107952635844e-01 8.500763252516987389e-01 9.131053290233472897e-01 3.870159589648197174e-01 9.256288786948050351e-01 4.216569514871756352e-01 6.043025956889829242e-01 5.762741165898378481e-01 3.813549409916009436e-01 5.625424919961315995e-01 4.985997782410328538e-01 3.490266398993534525e-01 0.000000000000000000e+00 3.381043124599337757e-01 3.527931920589299497e-01 2.389197513785993876e-01 7.441163112485162934e-01 9.087298305532416631e-02 7.996733347091700139e-01 5.805268606295878042e-01 1.600053922689652630e-01 7.839371460039856743e-01 5.440936813200141220e-01 3.227821478426134427e-01 2.555629037458443387e-01 9.274677294155321272e-01 1.045310673882125785e-01 3.744747235373409033e-01 3.097570967829393340e-01 5.207536988765897323e-01 2.606910267929380964e-01 7.074881307818000620e-01 3.770414592845693358e-01 8.974055831667641092e-01
3.672016885218561955e-01 1.026211344156084948e+00 3.239315815604040250e-01 9.436438265123376912e-01 4.683938120835293706e-01 8.648162127212455363e-01 6.562495299632812307e-01 8.245840232839001249e-01 9.173457227716241835e-01 7.246240054173075373e-01 9.352041114972772240e-01 5.843269014830559938e-01 2.763037462239371633e-01 6.722458658596184300e-01 4.868217305321941302e-01 2.385322002534858432e-01 7.511020171625332198e-01 9.624713227096751145e-02 3.381043124599337757e-01 0.000000000000000000e+00 2.019724844703580657e-01 1.400395970698545545e-01 9.513543836869580161e-01 2.994123987833952616e-01 9.152026252564484654e-01 7.938848419560425862e-01 3.327506705760155392e-01 6.988097894115082864e-01 2.165676194798399623e-01 5.853591222174852060e-01 5.761451227704420530e-01 9.079844772867783353e-01 2.646431740173062486e-01 6.737267378266663664e-01 6.362807572724088478e-01 3.392307143212849319e-01 4.080319837448989628e-01 8.150357723230927665e-01 1.342260184838396930e-01 8.969080384545279339e-01
3.019794420759415732e-01 8.730317066284103422e-01 1.230804178227405815e-01 7.487212478030013107e-01 3.272667315226192586e-01 6.705329904062236057e-01 7.265329042968887707e-01 6.238805466092518515e-01 7.154763065137227374e-01 6.992557115809651114e-01 7.332638296290668878e-01 4.260213851364370585e-01 3.188947375476940405e-01 4.842517476038685209e-01 3.172696948142568196e-01 2.762580033797924495e-01 6.243822193672232679e-01 1.093036809726065095e-01 3.527931920589299497e-01 2.019724844703580657e-01 0.000000000000000000e+00 1.337499203928664560e-01 7.906167024176973257e-01 2.720400003991015336e-01 7.249325961383301653e-01 6.426630894122575821e-01 2.532490155991290459e-01 5.056957459218426321e-01 2.692224594209268740e-01 4.812959212862183422e-01 6.076174614977443156e-01 7.072575049741645081e-01 3.365738794924920674e-01 5.885961900172635985e-01 5.863404501716251715e-01 1.736961330738229781e-01 2.766706335284299656e-01 6.251380645538775482e-01 8.717933714175521431e-02 6.951255431932572559e-01
2.338151945159005207e-01 8.866549860283842177e-01 2.293956059608904807e-01 8.223515948645787610e-01 3.292006470391488637e-01 7.432311450494011318e-01 6.009918358614894096e-01 7.359551612480744742e-01 8.203001073486341221e-01 6.127288307364295861e-01 8.367288802611350107e-01 4.468241429735206327e-01 3.721091229687844004e-01 5.463681837118709028e-01 3.538850646068770756e-01 3.291565196447309716e-01 6.113978536285676890e-01 1.119639844826393754e-01 2.389197513785993876e-01 1.400395970698545545e-01 1.337499203928664560e-01 0.000000000000000000e+00 8.128577313000328042e-01 1.758505620268442926e-01 7.892343381472635144e-01 6.544530602246080297e-01 1.951544142971002038e-01 6.305600743973944766e-01 3.130288553600275026e-01 4.474755778799841544e-01 4.932314468944467567e-01 8.186881261333782689e-01 2.050462117868257217e-01 5.402575368831399327e-01 5.132801566175010377e-01 3.068229026030180884e-01 2.684506256998058782e-01 6.893900175961727994e-01 1.381696730420458319e-01 8.010747825818084200e-01
6.257926115771802467e-01 9.550143257739852898e-02 6.889155152084349698e-01 3.279355059228136193e-01 4.838982523578820305e-01 3.190798215782909009e-01 9.411092731130162869e-01 6.046792937267696511e-01 5.632655282273592023e-01 6.286858177273706438e-01 5.567520957565612605e-01 3.676701634778313244e-01 1.098811731662881819e+00 3.516695729668800063e-01 4.733544071184538904e-01 1.059063257261772417e+00 2.617341086583697685e-01 8.856954098468594605e-01 7.441163112485162934e-01 9.513543836869580161e-01 7.906167024176973257e-01 8.128577313000328042e-01 0.000000000000000000e+00 7.038332532768007965e-01 2.630991890120257248e-01 1.639831143592785090e-01 6.382204046377513151e-01 7.075346408894706007e-01 1.056214646350658315e+00 4.250474193394870870e-01 7.871304397831784261e-01 6.223855015962421744e-01 8.411734526703236181e-01 4.291105426859276317e-01 5.453607016569078647e-01 8.169521361401685944e-01 5.451527605323989167e-01 2.814708063743531774e-01 8.763249541076680860e-01 5.673346161327701420e-01
7.861758122188151898e-02 7.663864941564519917e-01 3.051956400944078052e-01 7.792113137117810950e-01 2.394867541025954005e-01 7.020300479222644219e-01 4.687233753595496655e-01 7.634058269801264895e-01 8.298526938909487338e-01 4.372900112416501783e-01 8.430927130538733438e-01 3.597585986104502309e-01 5.479441240564711935e-01 5.027118043389824376e-01 3.035131226132068427e-01 5.049263013203924011e-01 4.737617278893140327e-01 2.874748486550959270e-01 9.087298305532416631e-02 2.994123987833952616e-01 2.720400003991015336e-01 1.758505620268442926e-01 7.038332532768007965e-01 0.000000000000000000e+00 7.338746011507547573e-01 5.401325791929009190e-01 7.753977258176258935e-02 6.935225008334315877e-01 4.888560191339468841e-01 2.993041529201583839e-01 3.376851319325892553e-01 8.418144992576320762e-01 1.457824147468777254e-01 3.765202826831680061e-01 3.385835878308285918e-01 4.351016999915657824e-01 1.846639009157861611e-01 6.386927653091031276e-01 3.091947625505273578e-01 8.135085653452870380e-01
6.651322968826821613e-01 3.464052536163026996e-01 6.052494054724931738e-01 6.891569693974029798e-02 4.945759049278778408e-01 7.341570283279597042e-02 1.077988810358761151e+00 3.571958328511536940e-01 3.020143607686966991e-01 8.051607726353587902e-01 2.942904696177414681e-01 3.781653057344986912e-01 9.982771157848567833e-01 2.431353691949056373e-01 4.393724883917209945e-01 9.638728807714471714e-01 4.268866270475920599e-01 8.321293022555440455e-01 7.996733347091700139e-01 9.152026252564484654e-01 7.249325961383301653e-01 7.892343381472635144e-01 2.630991890120257248e-01 7.338746011507547573e-01 0.000000000000000000e+00 3.073734429025576920e-01 6.575287110387253442e-01 4.882812043006429792e-01 9.670262157912439260e-01 5.279037828171688762e-01 9.163555279294663958e-01 3.630941908512616556e-01 8.796515762379486514e-01 5.846532817766140200e-01 6.949658204182070920e-01 6.948114353787503417e-01 5.504358221923315586e-01 1.001673827063807448e-01 8.113023096190938865e-01 3.080736156244929802e-01
4.619622942916353225e-01 2.324217248418922188e-01 5.499393616581330635e-01 3.754297016021068689e-01 3.255235790733951862e-01 3.311405049577810233e-01 7.966939945710183046e-01 5.808799067316238185e-01 5.698112043168159779e-01 5.028994267211374103e-01 5.693674829203475563e-01 2.168342096873040470e-01 9.569484673555062049e-01 2.632695714751006055e-01 3.281456311563668016e-01 9.158845781283845300e-01 1.212456765005381215e-01 7.327709735090297549e-01 5.805268606295878042e-01 7.938848419560425862e-01 6.426630894122575821e-01 6.544530602246080297e-01 1.639831143592785090e-01 5.401325791929009190e-01 3.073734429025576920e-01 0.000000000000000000e+00 4.756445558017677877e-01 6.464292793497051770e-01 9.111024319301006535e-01 2.639682742644681723e-01 6.386560462268096039e-01 6.196995117448270696e-01 6.772053353273057574e-01 2.874189226845111911e-01 4.027504870812938509e-01 6.892930857032520953e-01 3.860043163661159293e-01 2.676523432675299019e-01 7.265626402092428826e-01 5.674220632472777304e-01
4.959239886474384879e-02 7.052250067184474558e-01 2.553313213569053386e-01 7.020809654833185531e-01 1.641887838723292692e-01 6.247289647086308184e-01 5.268080511107435804e-01 6.900721047629239102e-01 7.540639540171925059e-01 4.470692178924250970e-01 7.669769805155051134e-01 2.858740142087736746e-01 5.557929075335520386e-01 4.252531644225049923e-01 2.259977186526082593e-01 5.121991727587648091e-01 4.202711729663045626e-01 2.980027369963462736e-01 1.600053922689652630e-01 3.327506705760155392e-01 2.532490155991290459e-01 1.951544142971002038e-01 6.382204046377513151e-01 7.753977258176258935e-02 6.575287110387253442e-01 4.756445558017677877e-01 0.000000000000000000e+00 6.278383699093321724e-01 4.991756821758077112e-01 2.526522483296362309e-01 3.841402671406733971e-01 7.675586483502613300e-01 2.227006544327126414e-01 3.466149335020731193e-01 3.332786638442493676e-01 3.993427966130049800e-01 1.074189346999452899e-01 5.617939957179367561e-01 3.101551473262433301e-01 7.380572636301190315e-01
6.672460905732666703e-01 8.024253649874305561e-01 4.037271509760207988e-01 4.617110517538279835e-01 5.389649923601174120e-01 4.150678017334284431e-01 1.153692660503208067e+00 1.716383767620282552e-01 2.821128252409016435e-01 9.994239025112446884e-01 3.033463613721987251e-01 5.138139647970507706e-01 6.463363753826955049e-01 3.838860813464876065e-01 4.531127180603820026e-01 6.266698554538174815e-01 7.182914283623779150e-01 6.027148164666681351e-01 7.839371460039856743e-01 6.988097894115082864e-01 5.056957459218426321e-01 6.305600743973944766e-01 7.075346408894706007e-01 6.935225008334315877e-01 4.882812043006429792e-01 6.464292793497051770e-01 6.278383699093321724e-01 0.000000000000000000e+00 6.403724132202485153e-01 6.916784021274006156e-01 1.004387386766048884e+00 2.422273864100328022e-01 8.115505096772723803e-01 8.012107403974972897e-01 8.689468013737233765e-01 3.677002222281770538e-01 5.505840303975791938e-01 4.288422101625849470e-01 5.651595863954006482e-01 2.601087215692656218e-01
5.429204338366337979e-01 1.140462107411300829e+00 3.693689809418374548e-01 9.808646792513218138e-01 5.959552659822549003e-01 9.056981267282886439e-01 8.726896312120748789e-01 7.942208629097404771e-01 8.990631940330334748e-01 9.251244400035771864e-01 9.191110677633289594e-01 6.942762022266452115e-01 6.038128988984124007e-02 7.344673946863236047e-01 5.840064268309002049e-01 2.461299025254621436e-02 8.926899628106781392e-01 2.023156721003517289e-01 5.440936813200141220e-01 2.165676194798399623e-01 2.692224594209268740e-01 3.130288553600275026e-01 1.056214646350658315e+00 4.888560191339468841e-01 9.670262157912439260e-01 9.111024319301006535e-01 4.991756821758077112e-01 6.403724132202485153e-01 0.000000000000000000e+00 7.434234464646610752e-01 7.898752394016973488e-01 8.748562649005573455e-01 4.798383713874648238e-01 8.450729882726715214e-01 8.257964426586777984e-01 2.844769605374568022e-01 5.431365812289715711e-01 8.695702425792545265e-01 1.911976908994709179e-01 8.770577475225058706e-01
2.222353264896086145e-01 4.755601205746676219e-01 4.310494864990627173e-01 5.881776494088043483e-01 1.735735909984173764e-01 5.224779095330605028e-01 5.501275165133844292e-01 6.912748009913355363e-01 7.198896152002789428e-01 3.114990693758636353e-01 7.264713254663586195e-01 1.862348922282557051e-01 7.974287011938343550e-01 3.568345138866820809e-01 2.455027974867235452e-01 7.540303468690016109e-01 1.763643551955966782e-01 5.459936646469610855e-01 3.227821478426134427e-01 5.853591222174852060e-01 4.812959212862183422e-01 4.474755778799841544e-01 4.250474193394870870e-01 2.993041529201583839e-01 5.279037828171688762e-01 2.639682742644681723e-01 2.526522483296362309e-01 6.916784021274006156e-01 7.434234464646610752e-01 0.000000000000000000e+00 3.884554837568825469e-01 7.534690182440414441e-01 4.239742273433218522e-01 1.164933119517083671e-01 1.833325925302127513e-01 5.874507595815171568e-01 2.070108371846292872e-01 4.519269497560426951e-01 5.522464567004804481e-01 7.101016184989198399e-01
3.395392108509839302e-01 8.133923504893963985e-01 6.379967915494145769e-01 9.761274597751329329e-01 4.770109312149903857e-01 9.085825127160234160e-01 1.620378661395599496e-01 1.044025352844511145e+00 1.089597809583359833e+00 2.194226333752229974e-01 1.098731468804476696e+00 5.572410867869993512e-01 8.502357634968579214e-01 7.299744599666088130e-01 5.635781768049060725e-01 8.098734620385457106e-01 5.257736520523397239e-01 6.012547313108528302e-01 2.555629037458443387e-01 5.761451227704420530e-01 6.076174614977443156e-01 4.932314468944467567e-01 7.871304397831784261e-01 3.376851319325892553e-01 9.163555279294663958e-01 6.386560462268096039e-01 3.841402671406733971e-01 1.004387386766048884e+00 7.898752394016973488e-01 3.884554837568825469e-01 0.000000000000000000e+00 1.114864669693370391e+00 3.118578632496483150e-01 3.584335076117761143e-01 2.435194192392775570e-01 7.727823789404976162e-01 4.543998142693419506e-01 8.383500109815347212e-01 6.313126474079396866e-01 1.077098335191461809e+00
7.969578960102110532e-01 7.090809070614563225e-01 5.906764399219250894e-01 3.091997054583408566e-01 6.386344806433822407e-01 3.036931627701080494e-01 1.273323080870338408e+00 8.340164617535798797e-02 6.437207813258340183e-02 1.062845891927188147e+00 8.046800328420566917e-02 5.678022642541233900e-01 8.849075645049796490e-01 3.976329109753221069e-01 5.536559383672532419e-01 8.627766040480454590e-01 7.213813079457923605e-01 8.122887488259298294e-01 9.274677294155321272e-01 9.079844772867783353e-01 7.072575049741645081e-01 8.186881261333782689e-01 6.223855015962421744e-01 8.418144992576320762e-01 3.630941908512616556e-01 6.196995117448270696e-01 7.675586483502613300e-01 2.422273864100328022e-01 8.748562649005573455e-01 7.534690182440414441e-01 1.114864669693370391e+00 0.000000000000000000e+00 9.759414392431003948e-01 8.458405205012565764e-01 9.367056864326084309e-01 5.942459820394235814e-01 6.709432855082907432e-01 3.546595128582001877e-01 7.781414901833583198e-01 5.510579772267920617e-02
2.183211698014895230e-01 8.985935173800536635e-01 4.096236084560259672e-01 9.247786256897408963e-01 3.851892862771243431e-01 8.473994549314598501e-01 3.996248716281773916e-01 8.957761446971825858e-01 9.676724335520946463e-01 4.769383004358196954e-01 9.817456101831891768e-01 5.048321714198776844e-01 5.400399476427135692e-01 6.477513931099211364e-01 4.477298916305578746e-01 5.006503487078911574e-01 6.002929621858574816e-01 3.008779152848978233e-01 1.045310673882125785e-01 2.646431740173062486e-01 3.365738794924920674e-01 2.050462117868257217e-01 8.411734526703236181e-01 1.457824147468777254e-01 8.796515762379486514e-01 6.772053353273057574e-01 2.227006544327126414e-01 8.115505096772723803e-01 4.798383713874648238e-01 4.239742273433218522e-01 3.118578632496483150e-01 9.759414392431003948e-01 0.000000000000000000e+00 4.790015909329817245e-01 4.108881869207828830e-01 5.102594702145428762e-01 3.301143158555057688e-01 7.843977194149115428e-01 3.360512448464073043e-01 9.505174634862542105e-01
3.068762123386202800e-01 4.569708584187519018e-01 5.457589701811192962e-01 6.497438142847953291e-01 2.899542803751931630e-01 5.921380366045859711e-01 5.123307735194386758e-01 7.887612150342541151e-01 8.072022633458419971e-01 2.217989552238358031e-01 8.116867045929840874e-01 2.885033736956416073e-01 9.007774490020492575e-01 4.488135577249950936e-01 3.606730166550905503e-01 8.571977304554352362e-01 1.691785004574326290e-01 6.445544648419497813e-01 3.744747235373409033e-01 6.737267378266663664e-01 5.885961900172635985e-01 5.402575368831399327e-01 4.291105426859276317e-01 3.765202826831680061e-01 5.846532817766140200e-01 2.874189226845111911e-01 3.466149335020731193e-01 8.012107403974972897e-01 8.450729882726715214e-01 1.164933119517083671e-01 3.584335076117761143e-01 8.458405205012565764e-01 4.790015909329817245e-01 0.000000000000000000e+00 1.164721356911505579e-01 7.022757052345076634e-01 3.194618471802873616e-01 5.222183626822677338e-01 6.547561781991833030e-01 7.994737780624548984e-01
2.855656257852217661e-01 5.699124165890062654e-01 5.676802895022101669e-01 7.586108860061757664e-01 3.339370162746054804e-01 6.974579101902025347e-01 3.958786454594183657e-01 8.744859539290559258e-01 9.023280315073682889e-01 1.304952167033863464e-01 9.083995175002071987e-01 3.695209728450377096e-01 8.841047392533287752e-01 5.396724958890275481e-01 4.167177457104691007e-01 8.407284760135063095e-01 2.855831506877904435e-01 6.235410944206863926e-01 3.097570967829393340e-01 6.362807572724088478e-01 5.863404501716251715e-01 5.132801566175010377e-01 5.453607016569078647e-01 3.385835878308285918e-01 6.949658204182070920e-01 4.027504870812938509e-01 3.332786638442493676e-01 8.689468013737233765e-01 8.257964426586777984e-01 1.833325925302127513e-01 2.435194192392775570e-01 9.367056864326084309e-01 4.108881869207828830e-01 1.164721356911505579e-01 0.000000000000000000e+00 7.216791165245063366e-01 3.432432381290830281e-01 6.269641519607479507e-01 6.406809926441572323e-01 8.929378021559272183e-01
4.487468798112924651e-01 9.073894981727483877e-01 1.565173141176620375e-01 7.027665709646669923e-01 4.159057992425445605e-01 6.298699402339262843e-01 8.976905348457273615e-01 5.124261225917150497e-01 6.155614618683965533e-01 8.429267896722285602e-01 6.353950314255926157e-01 4.798713228069117487e-01 3.061139171334701370e-01 4.747562562884704018e-01 3.691804807588027759e-01 2.760708957726791812e-01 7.006680726194360886e-01 2.459243466075297369e-01 5.207536988765897323e-01 3.392307143212849319e-01 1.736961330738229781e-01 3.068229026030180884e-01 8.169521361401685944e-01 4.351016999915657824e-01 6.948114353787503417e-01 6.892930857032520953e-01 3.993427966130049800e-01 3.677002222281770538e-01 2.844769605374568022e-01 5.874507595815171568e-01 7.727823789404976162e-01 5.942459820394235814e-01 5.102594702145428762e-01 7.022757052345076634e-01 7.216791165245063366e-01 0.000000000000000000e+00 3.837506914148683945e-01 6.006202711087792467e-01 2.056232888362916622e-01 5.936980315255531160e-01
1.264516836284573786e-01 6.182251446112382309e-01 2.274972490385108459e-01 5.946644000164310606e-01 6.146727515912302209e-02 5.173732957139186572e-01 6.073373484798514355e-01 5.959035202606943749e-01 6.536926997330116951e-01 4.699651068834368450e-01 6.657067134460252777e-01 1.830312762158608220e-01 5.950445420215827452e-01 3.181347670081546286e-01 1.206646336365318484e-01 5.520214934817435637e-01 3.503074388748914081e-01 3.523561484116387033e-01 2.606910267929380964e-01 4.080319837448989628e-01 2.766706335284299656e-01 2.684506256998058782e-01 5.451527605323989167e-01 1.846639009157861611e-01 5.504358221923315586e-01 3.860043163661159293e-01 1.074189346999452899e-01 5.505840303975791938e-01 5.431365812289715711e-01 2.070108371846292872e-01 4.543998142693419506e-01 6.709432855082907432e-01 3.301143158555057688e-01 3.194618471802873616e-01 3.432432381290830281e-01 3.837506914148683945e-01 0.000000000000000000e+00 4.544095847958340428e-01 3.526545401201481855e-01 6.385971992500727445e-01
5.720472919654691069e-01 3.750930856655254053e-01 5.059952847008482024e-01 1.414572955082772365e-01 4.003728229811743811e-01 7.060682171672134910e-02 1.000386205036853715e+00 3.258914061352081726e-01 3.025055707816876605e-01 7.439995666971985777e-01 3.017151492575283478e-01 2.884031010296961295e-01 9.022387393556652313e-01 1.430778247411198800e-01 3.409725398132598673e-01 8.670697491784624678e-01 3.776326640017882430e-01 7.321195965988961385e-01 7.074881307818000620e-01 8.150357723230927665e-01 6.251380645538775482e-01 6.893900175961727994e-01 2.814708063743531774e-01 6.386927653091031276e-01 1.001673827063807448e-01 2.676523432675299019e-01 5.617939957179367561e-01 4.288422101625849470e-01 8.695702425792545265e-01 4.519269497560426951e-01 8.383500109815347212e-01 3.546595128582001877e-01 7.843977194149115428e-01 5.222183626822677338e-01 6.269641519607479507e-01 6.006202711087792467e-01 4.544095847958340428e-01 0.000000000000000000e+00 7.116564304299536348e-01 3.012347408277639138e-01
3.556463012517535605e-01 9.577066307808984602e-01 2.069783769084543035e-01 8.338030421678430670e-01 4.069468370006304458e-01 7.559329439953569318e-01 7.352820996446461921e-01 6.948368227838268574e-01 7.904179228271829283e-01 7.459842445074593709e-01 8.088458295426494971e-01 5.104627792366510652e-01 2.460263637534343684e-01 5.711569230785509266e-01 4.030960667595703262e-01 2.024419291530435150e-01 7.027728502574049907e-01 4.097950165036886444e-02 3.770414592845693358e-01 1.342260184838396930e-01 8.717933714175521431e-02 1.381696730420458319e-01 8.763249541076680860e-01 3.091947625505273578e-01 8.113023096190938865e-01 7.265626402092428826e-01 3.101551473262433301e-01 5.651595863954006482e-01 1.911976908994709179e-01 5.522464567004804481e-01 6.313126474079396866e-01 7.781414901833583198e-01 3.360512448464073043e-01 6.547561781991833030e-01 6.406809926441572323e-01 2.056232888362916622e-01 3.526545401201481855e-01 7.116564304299536348e-01 0.000000000000000000e+00 7.695445918316018430e-01
