0.000000000000000000e+00 6.230892015892326441e-01 8.764466862422175542e-01 1.155002804193434596e-01 8.992154988711829056e-01 3.434611159670260538e-01 6.003795367024821195e-01 6.847518437335310404e-01 9.747641433934367550e-02 4.098230747433516674e-01 2.642496606251782398e-01 5.295895817742672929e-01 6.926313039285555417e-01 3.984172408887007855e-01 3.461337202644668709e-01 1.046362022771362282e-01 6.803570050773849465e-01 2.856468779930641522e-01 4.394923172488252039e-01 2.443923701450058106e-01 7.734598796013913979e-01 4.977550119352258662e-01 7.965900452320128222e-01 3.371930336643100268e-01 2.708312037034883990e-01 1.242313837157292267e-01 1.560560442289502525e-01 7.434574964885206638e-01 1.849017286219983291e-01 3.078918643593211990e-01 1.427441432784296860e-01 6.859425633509730336e-01 7.460624679153047278e-01 3.104054955416209460e-01 5.660896009470723911e-01 5.477524619224454216e-01 8.083582001290928742e-01 5.857829458855096094e-01 4.684452722096219546e-01 2.811951662537365282e-01
6.230892015892326441e-01 0.000000000000000000e+00 6.391269430547156238e-01 7.245691496407062893e-01 7.459889744759155006e-01 5.034038659621704603e-01 7.026718864719596613e-01 4.154203013033218039e-01 5.937568753472396432e-01 6.405134171811164290e-01 8.256416485163089458e-01 6.533191726592619819e-01 2.680756040532508711e-01 7.144035635706584841e-01 8.269151715654557977e-01 7.220066980428954118e-01 1.053265458170542734e+00 8.988919804401107605e-01 5.408145566122866121e-01 5.127054743513622670e-01 1.117895173070697856e+00 4.302489800857989266e-01 5.144710421095427533e-01 8.664292647629191491e-01 4.911470065410274422e-01 7.472772229258445309e-01 6.927629562512748196e-01 9.186168331096321582e-01 7.812145408846670191e-01 7.699768886712924365e-01 7.306616444019958800e-01 5.135717074847733210e-01 1.091353427014019495e+00 4.800706149560185487e-01 9.610877771680738091e-01 2.040052391619690264e-01 5.566333082314145475e-01 3.395623424113916600e-01 9.355971775265075063e-01 9.041284166724337101e-01
8.764466862422175542e-01 6.391269430547156238e-01 0.000000000000000000e+00 9.080000879457037488e-01 1.315289795278033191e-01 5.371996109425380972e-01 4.024949089536033475e-01 2.354535840504195232e-01 7.864783198584051060e-01 5.420819995849022188e-01 1.140690153293828280e+00 4.315119645996066122e-01 3.731135466630818853e-01 6.197353668467873167e-01 8.083579414177471945e-01 9.218565653124203285e-01 8.074485620138723840e-01 1.135522392735316854e+00 4.539545668422999558e-01 6.337804002392767311e-01 8.181909506922869779e-01 3.807244766258962021e-01 1.247246906651896803e-01 8.799527516542707817e-01 9.440843577016460042e-01 9.633574625814426140e-01 8.187424585190964388e-01 5.318492257627397413e-01 9.200777334830666510e-01 7.693431922513546128e-01 1.019146496970768645e+00 1.908882145075097847e-01 8.018065222094299394e-01 5.663793393914551277e-01 7.790756873041474462e-01 8.181601078563719431e-01 8.422956409963103241e-02 3.413042164553885538e-01 8.447577152368306308e-01 1.094940565792218878e+00
1.155002804193434596e-01 7.245691496407062893e-01 9.080000879457037488e-01 0.000000000000000000e+00 9.143299731396873353e-01 3.722159659596835368e-01 5.892638473535501964e-01 7.365075160346815641e-01 1.388225467641510391e-01 3.972571205915259585e-01 2.658580616460802792e-01 5.231511638528337782e-01 7.666890052934711708e-01 3.614826105226450204e-01 2.600863318870696994e-01 2.273708630845286405e-02 5.984623803228104055e-01 2.275578146860463558e-01 4.561131893467568754e-01 2.818201013355020601e-01 6.937638318425616291e-01 5.404989905816183215e-01 8.409961379663261072e-01 2.349464796518818677e-01 3.822270904513402345e-01 6.123237488395626149e-02 9.793504442971644186e-02 7.025867899595817923e-01 7.030864536970075906e-02 2.358338775122542641e-01 1.607955762463730010e-01 7.210385629805997620e-01 6.673142752421424850e-01 3.496704776916518265e-01 4.853279410404700567e-01 6.610632718608485670e-01 8.468096531335994603e-01 6.458015832493406716e-01 3.751764503344752200e-01 1.951871482455437012e-01
8.992154988711829056e-01 7.459889744759155006e-01 1.315289795278033191e-01 9.143299731396873353e-01 0.000000000000000000e+00 5.559088000142921038e-01 3.545943947898907989e-01 3.310345274909745061e-01 8.045393805234123397e-01 5.258913190626260947e-01 1.161515140645513755e+00 4.029368161703933415e-01 4.866625385638924661e-01 5.922155349762480148e-01 7.789666239048291807e-01 9.306150668295972705e-01 7.266461684441499758e-01 1.140475348318607640e+00 4.609090910233457072e-01 6.551629418843473163e-01 7.250731957928433502e-01 4.242810538418788635e-01 2.428346882046953648e-01 8.522597892452576929e-01 1.001483176225616001e+00 9.727961724711056135e-01 8.199907877418655122e-01 4.359084294083973576e-01 9.163491029586204872e-01 7.473649350561509808e-01 1.040120681838329508e+00 2.481335484354533494e-01 7.116415448658138798e-01 5.915926219993350443e-01 7.145621407256587121e-01 9.133583836045315874e-01 1.966885161282508343e-01 4.241700842384550363e-01 7.964547660075000923e-01 1.092267898429794881e+00
3.434611159670260538e-01 5.034038659621704603e-01 5.371996109425380972e-01 3.722159659596835368e-01 5.559088000142921038e-01 0.000000000000000000e+00 2.872949549844902584e-01 3.706406743202322884e-01 2.501998050014891950e-01 1.439100726484246195e-01 6.067292597353601824e-01 2.157587077824280886e-01 4.360962365557318754e-01 2.110383112364729030e-01 3.460738129753680448e-01 3.851167452953269676e-01 5.529117053921290825e-01 5.992418183401985177e-01 1.004824904848338196e-01 9.926318200874581499e-02 6.240595798403055783e-01 1.716159232136100499e-01 4.697313526425712649e-01 4.025072003372811569e-01 4.829932225403367752e-01 4.263645878931725530e-01 2.882411762022482615e-01 4.787889281792970242e-01 3.923921528981117457e-01 2.915303468124664232e-01 4.850814268095815507e-01 3.489679364771276493e-01 5.966055099639914205e-01 4.314727152989190906e-02 4.577669772336001586e-01 5.519968081490609357e-01 4.745940373063077256e-01 2.938691278171994825e-01 4.402075722042970707e-01 5.632752265707168249e-01
6.003795367024821195e-01 7.026718864719596613e-01 4.024949089536033475e-01 5.892638473535501964e-01 3.545943947898907989e-01 2.872949549844902584e-01 0.000000000000000000e+00 3.782378082258117669e-01 5.029684059568479970e-01 1.927103008726418487e-01 8.501113789669604293e-01 7.247152139006672600e-02 5.260163453658011079e-01 2.421282858350319311e-01 4.255810935201839174e-01 6.083161933091170148e-01 4.202076530168605273e-01 8.085565430266448139e-01 1.930132055131009439e-01 3.745897074024356344e-01 4.529334581179116914e-01 2.725413054230866328e-01 4.068755398227667519e-01 4.990467851455340775e-01 7.700817684942606878e-01 6.501089364010365079e-01 4.915673386771036157e-01 2.159554616090011980e-01 5.791975165601251918e-01 3.978429839229927212e-01 7.323811962138113696e-01 2.822047133169247046e-01 4.309799854918331397e-01 3.304243955352567652e-01 3.779518640211010916e-01 8.038497151854810951e-01 3.827906658182471666e-01 3.828731637648887798e-01 4.447666594028295561e-01 7.531420180929667696e-01
6.847518437335310404e-01 4.154203013033218039e-01 2.354535840504195232e-01 7.365075160346815641e-01 3.310345274909745061e-01 3.706406743202322884e-01 3.782378082258117669e-01 0.000000000000000000e+00 6.037915333433238052e-01 4.325113657557547175e-01 9.457592640873483392e-01 3.650019758274835047e-01 1.671932261789140506e-01 5.200742249762654312e-01 6.965416748104816813e-01 7.466343643826608423e-01 7.934650475569193784e-01 9.599659553207193774e-01 3.194539895695620579e-01 4.546908048178996964e-01 8.311439230777420972e-01 1.991111291075811085e-01 1.208418319184568213e-01 7.613773625015121116e-01 7.181118707008762314e-01 7.860077783704835230e-01 6.579422152506455568e-01 5.757343545125168660e-01 7.623409572016728308e-01 6.475312140044953146e-01 8.261715200602165465e-01 1.102955427686799356e-01 8.088995156370086814e-01 3.871080763457975804e-01 7.335150516291278899e-01 5.850081960978490425e-01 1.514917246890314928e-01 1.093961087797174769e-01 7.641424759991082283e-01 9.305170968028949607e-01
9.747641433934367550e-02 5.937568753472396432e-01 7.864783198584051060e-01 1.388225467641510391e-01 8.045393805234123397e-01 2.501998050014891950e-01 5.029684059568479970e-01 6.037915333433238052e-01 0.000000000000000000e+00 3.128803969955313846e-01 3.569975734016493374e-01 4.321152979966184637e-01 6.280732803165038902e-01 3.069317684985919947e-01 2.869458349893355686e-01 1.446152720796516633e-01 6.084015310422202782e-01 3.562546460484442568e-01 3.439118566998692894e-01 1.527623329225480109e-01 6.988692196060678485e-01 4.112917633439210352e-01 7.119498472106156051e-01 2.974952484752342308e-01 3.273309034629100500e-01 1.824603690518810384e-01 1.062105858572608280e-01 6.502194590829876164e-01 1.877548535108268524e-01 2.393896537113402445e-01 2.356050476790655102e-01 5.968811574621752936e-01 6.710105570193093394e-01 2.207119444532526509e-01 4.948813540181436488e-01 5.510317855468339632e-01 7.209924145623887171e-01 5.098275054370371429e-01 4.113254036015924764e-01 3.331561074101852538e-01
4.098230747433516674e-01 6.405134171811164290e-01 5.420819995849022188e-01 3.972571205915259585e-01 5.258913190626260947e-01 1.439100726484246195e-01 1.927103008726418487e-01 4.325113657557547175e-01 3.128803969955313846e-01 0.000000000000000000e+00 6.574018283840069587e-01 1.262064195952023737e-01 5.365296477840724165e-01 8.785557931438782442e-02 2.692660895329738735e-01 4.159501074189195235e-01 4.127578361069122459e-01 6.189983392857355549e-01 1.163542639066333512e-01 2.011303611108149481e-01 4.808597787604452778e-01 2.499447857186726518e-01 5.060524443488222390e-01 3.390451371926280211e-01 6.008444546812324871e-01 4.578755481289116802e-01 2.999419918981127142e-01 3.488345324822397231e-01 3.916135708057548737e-01 2.273178580773468904e-01 5.398959039438447904e-01 3.739058306243840391e-01 4.535951338193066618e-01 1.809030742093624688e-01 3.245390267144999674e-01 6.958600530419827290e-01 4.975313956520590053e-01 3.853497886590575572e-01 3.327293394862005371e-01 5.671796584166095556e-01
2.642496606251782398e-01 8.256416485163089458e-01 1.140690153293828280e+00 2.658580616460802792e-01 1.161515140645513755e+00 6.067292597353601824e-01 8.501113789669604293e-01 9.457592640873483392e-01 3.569975734016493374e-01 6.574018283840069587e-01 0.000000000000000000e+00 7.817384649179101030e-01 9.394996907831280053e-01 6.271010946808560638e-01 5.115286423925436976e-01 2.446550031883837628e-01 8.424690356227834132e-01 1.394019077411605967e-01 7.007405913460496016e-01 5.080903432186002489e-01 9.385815510371446901e-01 7.616137442694331794e-01 1.059350822998281982e+00 4.661743238278157064e-01 3.564480796200362733e-01 2.051582512042623985e-01 3.627560450334654796e-01 9.681778886663939820e-01 3.024038123900487096e-01 4.974423720295105267e-01 1.216921166690019401e-01 9.501399051755957670e-01 9.135888979080325489e-01 5.745921679352489209e-01 7.331740447718131382e-01 6.985989208288068131e-01 1.072164568721439171e+00 8.439776575008631765e-01 6.113066334440614424e-01 2.090160441300939198e-01
5.295895817742672929e-01 6.533191726592619819e-01 4.315119645996066122e-01 5.231511638528337782e-01 4.029368161703933415e-01 2.157587077824280886e-01 7.247152139006672600e-02 3.650019758274835047e-01 4.321152979966184637e-01 1.262064195952023737e-01 7.817384649179101030e-01 0.000000000000000000e+00 4.984797678428884438e-01 1.903581356756145204e-01 3.788214360349302923e-01 5.415427995058637034e-01 4.303213159264857590e-01 7.451785472435263902e-01 1.251949853391328693e-01 3.021192990709959392e-01 4.769065838833119741e-01 2.256143839436899889e-01 4.148139932813609265e-01 4.514920548682813672e-01 6.980863292296910494e-01 5.835770065556512565e-01 4.260422089582940330e-01 2.726136779989571379e-01 5.173698150235200854e-01 3.446006199500808442e-01 6.631340212853751304e-01 2.833641241481024697e-01 4.525352137140128961e-01 2.589014999857885413e-01 3.695453094933834892e-01 7.429079123099470161e-01 3.981470475116570262e-01 3.493354379284818179e-01 4.159653399127115625e-01 6.926194913070702341e-01
6.926313039285555417e-01 2.680756040532508711e-01 3.731135466630818853e-01 7.666890052934711708e-01 4.866625385638924661e-01 4.360962365557318754e-01 5.260163453658011079e-01 1.671932261789140506e-01 6.280732803165038902e-01 5.365296477840724165e-01 9.394996907831280053e-01 4.984797678428884438e-01 0.000000000000000000e+00 6.231232024499571143e-01 7.813733367506286998e-01 7.721582244713934839e-01 9.276607411669175463e-01 9.776445336351674564e-01 4.205201619676769420e-01 4.957932690238799345e-01 9.744754218650116817e-01 2.867994070755550129e-01 2.485253257008000483e-01 8.384729527137078087e-01 6.610175048099816708e-01 8.074096451316870038e-01 7.033924786969020237e-01 7.329220120404332794e-01 8.057566339106305708e-01 7.274911019614922481e-01 8.263065034657989250e-01 2.767949010143703203e-01 9.506419118289547443e-01 4.362165965077340335e-01 8.556003595781128679e-01 4.589589180234466825e-01 2.924509580039464929e-01 1.518018679532842086e-01 8.664827402069167350e-01 9.611641055400075295e-01
3.984172408887007855e-01 7.144035635706584841e-01 6.197353668467873167e-01 3.614826105226450204e-01 5.922155349762480148e-01 2.110383112364729030e-01 2.421282858350319311e-01 5.200742249762654312e-01 3.069317684985919947e-01 8.785557931438782442e-02 6.271010946808560638e-01 1.903581356756145204e-01 6.231232024499571143e-01 0.000000000000000000e+00 1.887675346414515454e-01 3.824460917369167934e-01 3.447151965804935991e-01 5.719645870213766470e-01 2.038797390797290332e-01 2.356128789581672101e-01 4.220226557674420231e-01 3.370428711926397591e-01 5.906681313024689794e-01 2.611639827029281768e-01 6.202505006470494520e-01 4.226210024230225293e-01 2.644240140838196584e-01 3.454583441282690348e-01 3.416211098981205008e-01 1.558119580091602840e-01 5.153299831662989661e-01 4.580807548846204114e-01 3.940135747276939382e-01 2.390344173779627435e-01 2.467311116447631625e-01 7.534380929437911600e-01 5.798782448110288978e-01 4.723708373695390539e-01 2.448942536536130588e-01 5.131044159438282737e-01
3.461337202644668709e-01 8.269151715654557977e-01 8.083579414177471945e-01 2.600863318870696994e-01 7.789666239048291807e-01 3.460738129753680448e-01 4.255810935201839174e-01 6.965416748104816813e-01 2.869458349893355686e-01 2.692660895329738735e-01 5.115286423925436976e-01 3.788214360349302923e-01 7.813733367506286998e-01 1.887675346414515454e-01 0.000000000000000000e+00 2.826835882794659360e-01 3.384647776317543655e-01 4.257310491482397263e-01 3.772344466233215621e-01 3.142207112512946376e-01 4.336775149391308148e-01 5.034960133102498459e-01 7.751320255415450333e-01 7.348491492651301749e-02 6.105078350558125200e-01 3.129621739701429206e-01 1.906975111939210321e-01 4.765375016401824371e-01 2.092701991509565707e-01 5.694326988504179454e-02 4.194256146608948965e-01 6.431450864695047454e-01 4.072693768001947046e-01 3.545765511811492243e-01 2.252704286059569183e-01 8.228526144872400083e-01 7.666233132684125984e-01 6.354007521581993556e-01 1.244224309124238870e-01 3.560392235984362053e-01
1.046362022771362282e-01 7.220066980428954118e-01 9.218565653124203285e-01 2.273708630845286405e-02 9.306150668295972705e-01 3.851167452953269676e-01 6.083161933091170148e-01 7.466343643826608423e-01 1.446152720796516633e-01 4.159501074189195235e-01 2.446550031883837628e-01 5.415427995058637034e-01 7.721582244713934839e-01 3.824460917369167934e-01 2.826835882794659360e-01 0.000000000000000000e+00 6.209991154984633166e-01 2.142722321030385846e-01 4.712946222478359148e-01 2.924608450575342800e-01 7.163530275898267741e-01 5.518257863350711778e-01 8.526190055391362765e-01 2.560745931441718581e-01 3.660798706065311880e-01 4.222806970586893277e-02 1.181703426371568943e-01 7.243326360212454240e-01 8.793810398262817685e-02 2.584819049014583370e-01 1.380993592272856674e-01 7.340767948847582991e-01 6.899376157137292465e-01 3.606632744486054087e-01 5.079441191374322040e-01 6.523421107175785272e-01 8.594696993981268962e-01 6.541392479933484383e-01 3.971520900183908576e-01 1.891748871587651815e-01
6.803570050773849465e-01 1.053265458170542734e+00 8.074485620138723840e-01 5.984623803228104055e-01 7.266461684441499758e-01 5.529117053921290825e-01 4.202076530168605273e-01 7.934650475569193784e-01 6.084015310422202782e-01 4.127578361069122459e-01 8.424690356227834132e-01 4.303213159264857590e-01 9.276607411669175463e-01 3.447151965804935991e-01 3.384647776317543655e-01 6.209991154984633166e-01 0.000000000000000000e+00 7.399983680936206287e-01 5.178981236520572295e-01 5.767510378736964149e-01 9.611562666197581706e-02 6.461930778580822210e-01 8.264771462569022731e-01 3.763501597040151969e-01 9.356227543531686619e-01 6.497645188515893677e-01 5.244970427694444215e-01 2.994248963468433833e-01 5.439102417633163711e-01 3.725688272202178353e-01 7.569517498569349190e-01 7.021325086300297391e-01 7.204904950458597412e-02 5.834767916591007131e-01 1.142674598312838352e-01 1.097866603494680016e+00 7.998692108839773329e-01 7.769643106178719671e-01 2.318498861772559372e-01 6.634200809448277392e-01
2.856468779930641522e-01 8.988919804401107605e-01 1.135522392735316854e+00 2.275578146860463558e-01 1.140475348318607640e+00 5.992418183401985177e-01 8.085565430266448139e-01 9.599659553207193774e-01 3.562546460484442568e-01 6.189983392857355549e-01 1.394019077411605967e-01 7.451785472435263902e-01 9.776445336351674564e-01 5.719645870213766470e-01 4.257310491482397263e-01 2.142722321030385846e-01 7.399983680936206287e-01 0.000000000000000000e+00 6.834997082698269777e-01 5.065110998306937562e-01 8.354149035208584539e-01 7.659607606597460538e-01 1.066794875794942365e+00 3.680023600953833407e-01 4.629551307062101384e-01 1.739889374798074262e-01 3.205299500097382737e-01 8.991638700354129821e-01 2.303447463549038454e-01 4.256522006106614464e-01 1.712934618037117995e-01 9.482039653169906934e-01 8.119727040954158870e-01 5.747729435485132710e-01 6.360714847791973936e-01 7.949668545683989951e-01 1.073707811951062130e+00 8.655041143699671036e-01 5.086436884685952009e-01 7.849379110832982454e-02
4.394923172488252039e-01 5.408145566122866121e-01 4.539545668422999558e-01 4.561131893467568754e-01 4.609090910233457072e-01 1.004824904848338196e-01 1.930132055131009439e-01 3.194539895695620579e-01 3.439118566998692894e-01 1.163542639066333512e-01 7.007405913460496016e-01 1.251949853391328693e-01 4.205201619676769420e-01 2.038797390797290332e-01 3.772344466233215621e-01 4.712946222478359148e-01 5.178981236520572295e-01 6.834997082698269777e-01 0.000000000000000000e+00 1.977014192867613263e-01 5.776761757775752404e-01 1.337464690204634987e-01 4.020103379727488768e-01 4.432617770774381905e-01 5.811117538505492508e-01 5.133052576360028763e-01 3.650089459990558116e-01 3.970390786095872593e-01 4.661534013316160352e-01 3.294255723488621612e-01 5.795022446901303415e-01 2.729841023985878357e-01 5.514948700277061411e-01 1.421135787166737940e-01 4.370290856507037525e-01 6.193186749137993274e-01 3.993682310190455609e-01 2.691155793891111814e-01 4.486837607144812390e-01 6.410352880340332016e-01
2.443923701450058106e-01 5.127054743513622670e-01 6.337804002392767311e-01 2.818201013355020601e-01 6.551629418843473163e-01 9.926318200874581499e-02 3.745897074024356344e-01 4.546908048178996964e-01 1.527623329225480109e-01 2.011303611108149481e-01 5.080903432186002489e-01 3.021192990709959392e-01 4.957932690238799345e-01 2.356128789581672101e-01 3.142207112512946376e-01 2.924608450575342800e-01 5.767510378736964149e-01 5.065110998306937562e-01 1.977014192867613263e-01 0.000000000000000000e+00 6.571949337598199659e-01 2.594628693602846203e-01 5.603128992059427382e-01 3.567144888803419067e-01 4.002104747525379591e-01 3.326497626792125906e-01 2.080949522905504168e-01 5.498395009610065332e-01 3.116825428191869474e-01 2.572904791117415213e-01 3.863995733709740255e-01 4.441228743156052094e-01 6.291121131374520781e-01 6.829148986135391564e-02 4.713395305828961268e-01 5.231529940111262489e-01 5.684201598813005685e-01 3.661154867363117238e-01 4.258954794379468112e-01 4.760711575040704191e-01
7.734598796013913979e-01 1.117895173070697856e+00 8.181909506922869779e-01 6.937638318425616291e-01 7.250731957928433502e-01 6.240595798403055783e-01 4.529334581179116914e-01 8.311439230777420972e-01 6.988692196060678485e-01 4.808597787604452778e-01 9.385815510371446901e-01 4.769065838833119741e-01 9.744754218650116817e-01 4.220226557674420231e-01 4.336775149391308148e-01 7.163530275898267741e-01 9.611562666197581706e-02 8.354149035208584539e-01 5.776761757775752404e-01 6.571949337598199659e-01 0.000000000000000000e+00 7.001069393137194785e-01 8.511737155324038406e-01 4.724484816800929021e-01 1.025452746109517976e+00 7.455657061528314644e-01 6.179817766183207661e-01 2.891794674593369252e-01 6.398661910864593683e-01 4.656160937171475722e-01 8.526413871613007789e-01 7.331846769159677812e-01 2.816196898496273193e-02 6.576300424966207148e-01 2.085234049076074292e-01 1.174091273457024354e+00 8.204498892202924942e-01 8.262068364992047886e-01 3.277790788408839195e-01 7.585561083836118712e-01
4.977550119352258662e-01 4.302489800857989266e-01 3.807244766258962021e-01 5.404989905816183215e-01 4.242810538418788635e-01 1.716159232136100499e-01 2.725413054230866328e-01 1.991111291075811085e-01 4.112917633439210352e-01 2.499447857186726518e-01 7.616137442694331794e-01 2.256143839436899889e-01 2.867994070755550129e-01 3.370428711926397591e-01 5.034960133102498459e-01 5.518257863350711778e-01 6.461930778580822210e-01 7.659607606597460538e-01 1.337464690204634987e-01 2.594628693602846203e-01 7.001069393137194785e-01 0.000000000000000000e+00 3.008514082362725439e-01 5.657900834225297881e-01 5.774009416314820342e-01 5.921115672218150161e-01 4.594738707168951053e-01 4.884884059725310146e-01 5.637789310093291872e-01 4.523757591775044440e-01 6.404401432266894068e-01 1.899263362964265234e-01 6.748965433907909706e-01 1.911880759755548720e-01 5.696078379474495135e-01 5.405630028370954632e-01 3.106034046902330648e-01 1.354050062302413759e-01 5.813895193882633317e-01 7.333891048552921843e-01
7.965900452320128222e-01 5.144710421095427533e-01 1.247246906651896803e-01 8.409961379663261072e-01 2.428346882046953648e-01 4.697313526425712649e-01 4.068755398227667519e-01 1.208418319184568213e-01 7.119498472106156051e-01 5.060524443488222390e-01 1.059350822998281982e+00 4.148139932813609265e-01 2.485253257008000483e-01 5.906681313024689794e-01 7.751320255415450333e-01 8.526190055391362765e-01 8.264771462569022731e-01 1.066794875794942365e+00 4.020103379727488768e-01 5.603128992059427382e-01 8.511737155324038406e-01 3.008514082362725439e-01 0.000000000000000000e+00 8.435785539223054075e-01 8.388904959405134587e-01 8.929624473342988589e-01 7.576691795831581588e-01 5.762123903104463540e-01 8.614267160577668836e-01 7.301778698111249799e-01 9.388672650213532034e-01 1.326890563600371942e-01 8.316241572223617151e-01 4.920321153282813387e-01 7.812702779979325829e-01 6.954348365996786407e-01 4.629843242161072597e-02 2.302307394897478987e-01 8.289457979592654846e-01 1.032997349179538782e+00
3.371930336643100268e-01 8.664292647629191491e-01 8.799527516542707817e-01 2.349464796518818677e-01 8.522597892452576929e-01 4.025072003372811569e-01 4.990467851455340775e-01 7.613773625015121116e-01 2.974952484752342308e-01 3.390451371926280211e-01 4.661743238278157064e-01 4.514920548682813672e-01 8.384729527137078087e-01 2.611639827029281768e-01 7.348491492651301749e-02 2.560745931441718581e-01 3.763501597040151969e-01 3.680023600953833407e-01 4.432617770774381905e-01 3.567144888803419067e-01 4.724484816800929021e-01 5.657900834225297881e-01 8.435785539223054075e-01 0.000000000000000000e+00 6.075685900180619603e-01 2.785713700809602789e-01 1.921193168829750664e-01 5.437712644220471514e-01 1.717931727964956690e-01 1.138867133553725097e-01 3.860567782189970876e-01 7.121522192296402265e-01 4.476763293054673021e-01 4.053014131322657532e-01 2.687733775508814871e-01 8.463048578223596463e-01 8.364757049056633642e-01 6.952914106602700040e-01 1.453401005792936407e-01 2.944946999092914464e-01
2.708312037034883990e-01 4.911470065410274422e-01 9.440843577016460042e-01 3.822270904513402345e-01 1.001483176225616001e+00 4.829932225403367752e-01 7.700817684942606878e-01 7.181118707008762314e-01 3.273309034629100500e-01 6.008444546812324871e-01 3.564480796200362733e-01 6.980863292296910494e-01 6.610175048099816708e-01 6.202505006470494520e-01 6.105078350558125200e-01 3.660798706065311880e-01 9.356227543531686619e-01 4.629551307062101384e-01 5.811117538505492508e-01 4.002104747525379591e-01 1.025452746109517976e+00 5.774009416314820342e-01 8.388904959405134587e-01 6.075685900180619603e-01 0.000000000000000000e+00 3.662995985384007724e-01 4.205661313949006774e-01 9.496603661385567552e-01 4.525236600646616036e-01 5.659933424133800628e-01 2.961183301861978201e-01 7.596444023628243780e-01 9.974914547932111075e-01 4.399925998683189565e-01 8.222054267879314038e-01 3.433680979636689057e-01 8.642869195163139784e-01 6.087393564241764254e-01 7.345394618834593103e-01 4.971532080047776914e-01
1.242313837157292267e-01 7.472772229258445309e-01 9.633574625814426140e-01 6.123237488395626149e-02 9.727961724711056135e-01 4.263645878931725530e-01 6.501089364010365079e-01 7.860077783704835230e-01 1.824603690518810384e-01 4.578755481289116802e-01 2.051582512042623985e-01 5.835770065556512565e-01 8.074096451316870038e-01 4.226210024230225293e-01 3.129621739701429206e-01 4.222806970586893277e-02 6.497645188515893677e-01 1.739889374798074262e-01 5.133052576360028763e-01 3.326497626792125906e-01 7.455657061528314644e-01 5.921115672218150161e-01 8.929624473342988589e-01 2.785713700809602789e-01 3.662995985384007724e-01 0.000000000000000000e+00 1.591115284486396275e-01 7.630213889077659406e-01 1.068232724267319800e-01 2.936359147087716503e-01 1.075919647381122501e-01 7.752366778118028323e-01 7.195857354342872769e-01 4.009347422558365293e-01 5.377433704841168005e-01 6.675350018447400169e-01 9.004092442618105707e-01 6.921694889098000125e-01 4.225374988167682755e-01 1.574933841069722507e-01
1.560560442289502525e-01 6.927629562512748196e-01 8.187424585190964388e-01 9.793504442971644186e-02 8.199907877418655122e-01 2.882411762022482615e-01 4.915673386771036157e-01 6.579422152506455568e-01 1.062105858572608280e-01 2.999419918981127142e-01 3.627560450334654796e-01 4.260422089582940330e-01 7.033924786969020237e-01 2.644240140838196584e-01 1.906975111939210321e-01 1.181703426371568943e-01 5.244970427694444215e-01 3.205299500097382737e-01 3.650089459990558116e-01 2.080949522905504168e-01 6.179817766183207661e-01 4.594738707168951053e-01 7.576691795831581588e-01 1.921193168829750664e-01 4.205661313949006774e-01 1.591115284486396275e-01 0.000000000000000000e+00 6.074614363810358908e-01 1.044245155230804356e-01 1.524666443998530241e-01 2.520891266975198719e-01 6.342355691385351824e-01 5.907269716255489911e-01 2.724238794590215229e-01 4.102404394270414700e-01 6.571264000956837936e-01 7.606590675389746092e-01 5.735036093634335863e-01 3.141464190169646620e-01 2.763463592617892983e-01
7.434574964885206638e-01 9.186168331096321582e-01 5.318492257627397413e-01 7.025867899595817923e-01 4.359084294083973576e-01 4.787889281792970242e-01 2.159554616090011980e-01 5.757343545125168660e-01 6.502194590829876164e-01 3.488345324822397231e-01 9.681778886663939820e-01 2.726136779989571379e-01 7.329220120404332794e-01 3.454583441282690348e-01 4.765375016401824371e-01 7.243326360212454240e-01 2.994248963468433833e-01 8.991638700354129821e-01 3.970390786095872593e-01 5.498395009610065332e-01 2.891794674593369252e-01 4.884884059725310146e-01 5.762123903104463540e-01 5.437712644220471514e-01 9.496603661385567552e-01 7.630213889077659406e-01 6.074614363810358908e-01 0.000000000000000000e+00 6.723860039849728354e-01 4.743682108530546393e-01 8.594504495183244996e-01 4.696502089026255433e-01 2.762147132784754655e-01 5.208083635265490230e-01 3.206330428709501801e-01 1.015506519615076764e+00 5.415176457011747768e-01 5.951237805990514662e-01 4.359453603821486500e-01 8.320273872427029760e-01
1.849017286219983291e-01 7.812145408846670191e-01 9.200777334830666510e-01 7.030864536970075906e-02 9.163491029586204872e-01 3.923921528981117457e-01 5.791975165601251918e-01 7.623409572016728308e-01 1.877548535108268524e-01 3.916135708057548737e-01 3.024038123900487096e-01 5.173698150235200854e-01 8.057566339106305708e-01 3.416211098981205008e-01 2.092701991509565707e-01 8.793810398262817685e-02 5.439102417633163711e-01 2.303447463549038454e-01 4.661534013316160352e-01 3.116825428191869474e-01 6.398661910864593683e-01 5.637789310093291872e-01 8.614267160577668836e-01 1.717931727964956690e-01 4.525236600646616036e-01 1.068232724267319800e-01 1.044245155230804356e-01 6.723860039849728354e-01 0.000000000000000000e+00 1.981084134714720113e-01 2.143917703998365620e-01 7.370301379575743272e-01 6.141556053018543126e-01 3.767175188675122022e-01 4.326491623629079575e-01 7.267970672407514376e-01 8.635743901957173563e-01 6.775754659602846175e-01 3.158033209542089881e-01 1.759536538696343522e-01
3.078918643593211990e-01 7.699768886712924365e-01 7.693431922513546128e-01 2.358338775122542641e-01 7.473649350561509808e-01 2.915303468124664232e-01 3.978429839229927212e-01 6.475312140044953146e-01 2.393896537113402445e-01 2.273178580773468904e-01 4.974423720295105267e-01 3.446006199500808442e-01 7.274911019614922481e-01 1.558119580091602840e-01 5.694326988504179454e-02 2.584819049014583370e-01 3.725688272202178353e-01 4.256522006106614464e-01 3.294255723488621612e-01 2.572904791117415213e-01 4.656160937171475722e-01 4.523757591775044440e-01 7.301778698111249799e-01 1.138867133553725097e-01 5.659933424133800628e-01 2.936359147087716503e-01 1.524666443998530241e-01 4.743682108530546393e-01 1.981084134714720113e-01 0.000000000000000000e+00 3.965635373089436699e-01 5.990772831926790554e-01 4.383008247259207457e-01 2.983529036118827693e-01 2.583245430764584127e-01 7.679732826942654578e-01 7.238857366846392916e-01 5.828225017252984808e-01 1.753670028025118288e-01 3.619379211449115785e-01
1.427441432784296860e-01 7.306616444019958800e-01 1.019146496970768645e+00 1.607955762463730010e-01 1.040120681838329508e+00 4.850814268095815507e-01 7.323811962138113696e-01 8.261715200602165465e-01 2.356050476790655102e-01 5.398959039438447904e-01 1.216921166690019401e-01 6.631340212853751304e-01 8.263065034657989250e-01 5.153299831662989661e-01 4.194256146608948965e-01 1.380993592272856674e-01 7.569517498569349190e-01 1.712934618037117995e-01 5.795022446901303415e-01 3.863995733709740255e-01 8.526413871613007789e-01 6.404401432266894068e-01 9.388672650213532034e-01 3.860567782189970876e-01 2.961183301861978201e-01 1.075919647381122501e-01 2.520891266975198719e-01 8.594504495183244996e-01 2.143917703998365620e-01 3.965635373089436699e-01 0.000000000000000000e+00 8.286792077635189990e-01 8.265080675086234896e-01 4.529469276869297900e-01 6.445571718625550117e-01 6.238269870015336060e-01 9.510400729299863798e-01 7.256681160085424187e-01 5.301280617414035889e-01 2.016953699777395137e-01
6.859425633509730336e-01 5.135717074847733210e-01 1.908882145075097847e-01 7.210385629805997620e-01 2.481335484354533494e-01 3.489679364771276493e-01 2.822047133169247046e-01 1.102955427686799356e-01 5.968811574621752936e-01 3.739058306243840391e-01 9.501399051755957670e-01 2.833641241481024697e-01 2.767949010143703203e-01 4.580807548846204114e-01 6.431450864695047454e-01 7.340767948847582991e-01 7.021325086300297391e-01 9.482039653169906934e-01 2.729841023985878357e-01 4.441228743156052094e-01 7.331846769159677812e-01 1.899263362964265234e-01 1.326890563600371942e-01 7.121522192296402265e-01 7.596444023628243780e-01 7.752366778118028323e-01 6.342355691385351824e-01 4.696502089026255433e-01 7.370301379575743272e-01 5.990772831926790554e-01 8.286792077635189990e-01 0.000000000000000000e+00 7.121529456126162172e-01 3.763362373755047008e-01 6.516552730568112572e-01 6.691760891775563325e-01 1.265913265776245356e-01 1.790709383556298162e-01 6.964263857195742702e-01 9.104950259049494621e-01
7.460624679153047278e-01 1.091353427014019495e+00 8.018065222094299394e-01 6.673142752421424850e-01 7.116415448658138798e-01 5.966055099639914205e-01 4.309799854918331397e-01 8.088995156370086814e-01 6.710105570193093394e-01 4.535951338193066618e-01 9.135888979080325489e-01 4.525352137140128961e-01 9.506419118289547443e-01 3.940135747276939382e-01 4.072693768001947046e-01 6.899376157137292465e-01 7.204904950458597412e-02 8.119727040954158870e-01 5.514948700277061411e-01 6.291121131374520781e-01 2.816196898496273193e-02 6.748965433907909706e-01 8.316241572223617151e-01 4.476763293054673021e-01 9.974914547932111075e-01 7.195857354342872769e-01 5.907269716255489911e-01 2.762147132784754655e-01 6.141556053018543126e-01 4.383008247259207457e-01 8.265080675086234896e-01 7.121529456126162172e-01 0.000000000000000000e+00 6.299290942054243114e-01 1.819991991582627922e-01 1.146322229273251558e+00 8.017769933964604689e-01 8.018571683859145871e-01 3.036137224108139132e-01 7.354517743482963388e-01
3.104054955416209460e-01 4.800706149560185487e-01 5.663793393914551277e-01 3.496704776916518265e-01 5.915926219993350443e-01 4.314727152989190906e-02 3.304243955352567652e-01 3.871080763457975804e-01 2.207119444532526509e-01 1.809030742093624688e-01 5.745921679352489209e-01 2.589014999857885413e-01 4.362165965077340335e-01 2.390344173779627435e-01 3.545765511811492243e-01 3.606632744486054087e-01 5.834767916591007131e-01 5.747729435485132710e-01 1.421135787166737940e-01 6.829148986135391564e-02 6.576300424966207148e-01 1.911880759755548720e-01 4.920321153282813387e-01 4.053014131322657532e-01 4.399925998683189565e-01 4.009347422558365293e-01 2.724238794590215229e-01 5.208083635265490230e-01 3.767175188675122022e-01 2.983529036118827693e-01 4.529469276869297900e-01 3.763362373755047008e-01 6.299290942054243114e-01 0.000000000000000000e+00 4.845804304266432272e-01 5.165699078756749163e-01 5.002885406375987554e-01 3.013207226217186618e-01 4.566641024602627885e-01 5.434090226115599886e-01
5.660896009470723911e-01 9.610877771680738091e-01 7.790756873041474462e-01 4.853279410404700567e-01 7.145621407256587121e-01 4.577669772336001586e-01 3.779518640211010916e-01 7.335150516291278899e-01 4.948813540181436488e-01 3.245390267144999674e-01 7.331740447718131382e-01 3.695453094933834892e-01 8.556003595781128679e-01 2.467311116447631625e-01 2.252704286059569183e-01 5.079441191374322040e-01 1.142674598312838352e-01 6.360714847791973936e-01 4.370290856507037525e-01 4.713395305828961268e-01 2.085234049076074292e-01 5.696078379474495135e-01 7.812702779979325829e-01 2.687733775508814871e-01 8.222054267879314038e-01 5.377433704841168005e-01 4.102404394270414700e-01 3.206330428709501801e-01 4.326491623629079575e-01 2.583245430764584127e-01 6.445571718625550117e-01 6.516552730568112572e-01 1.819991991582627922e-01 4.845804304266432272e-01 0.000000000000000000e+00 9.943202722508782676e-01 7.599658228962079543e-01 7.038094154972938110e-01 1.299238108208133902e-01 5.610212022542979682e-01
5.477524619224454216e-01 2.040052391619690264e-01 8.181601078563719431e-01 6.610632718608485670e-01 9.133583836045315874e-01 5.519968081490609357e-01 8.038497151854810951e-01 5.850081960978490425e-01 5.510317855468339632e-01 6.958600530419827290e-01 6.985989208288068131e-01 7.429079123099470161e-01 4.589589180234466825e-01 7.534380929437911600e-01 8.228526144872400083e-01 6.523421107175785272e-01 1.097866603494680016e+00 7.949668545683989951e-01 6.193186749137993274e-01 5.231529940111262489e-01 1.174091273457024354e+00 5.405630028370954632e-01 6.954348365996786407e-01 8.463048578223596463e-01 3.433680979636689057e-01 6.675350018447400169e-01 6.571264000956837936e-01 1.015506519615076764e+00 7.267970672407514376e-01 7.679732826942654578e-01 6.238269870015336060e-01 6.691760891775563325e-01 1.146322229273251558e+00 5.165699078756749163e-01 9.943202722508782676e-01 0.000000000000000000e+00 7.340686832228345837e-01 4.902351570207753029e-01 9.425608235963447434e-01 8.165426804241853187e-01
8.083582001290928742e-01 5.566333082314145475e-01 8.422956409963103241e-02 8.468096531335994603e-01 1.966885161282508343e-01 4.745940373063077256e-01 3.827906658182471666e-01 1.514917246890314928e-01 7.209924145623887171e-01 4.975313956520590053e-01 1.072164568721439171e+00 3.981470475116570262e-01 2.924509580039464929e-01 5.798782448110288978e-01 7.666233132684125984e-01 8.594696993981268962e-01 7.998692108839773329e-01 1.073707811951062130e+00 3.993682310190455609e-01 5.684201598813005685e-01 8.204498892202924942e-01 3.106034046902330648e-01 4.629843242161072597e-02 8.364757049056633642e-01 8.642869195163139784e-01 9.004092442618105707e-01 7.606590675389746092e-01 5.415176457011747768e-01 8.635743901957173563e-01 7.238857366846392916e-01 9.510400729299863798e-01 1.265913265776245356e-01 8.017769933964604689e-01 5.002885406375987554e-01 7.599658228962079543e-01 7.340686832228345837e-01 0.000000000000000000e+00 2.585243652904931078e-01 8.140406145884813149e-01 1.036847846147251229e+00
5.857829458855096094e-01 3.395623424113916600e-01 3.413042164553885538e-01 6.458015832493406716e-01 4.241700842384550363e-01 2.938691278171994825e-01 3.828731637648887798e-01 1.093961087797174769e-01 5.098275054370371429e-01 3.853497886590575572e-01 8.439776575008631765e-01 3.493354379284818179e-01 1.518018679532842086e-01 4.723708373695390539e-01 6.354007521581993556e-01 6.541392479933484383e-01 7.769643106178719671e-01 8.655041143699671036e-01 2.691155793891111814e-01 3.661154867363117238e-01 8.262068364992047886e-01 1.354050062302413759e-01 2.302307394897478987e-01 6.952914106602700040e-01 6.087393564241764254e-01 6.921694889098000125e-01 5.735036093634335863e-01 5.951237805990514662e-01 6.775754659602846175e-01 5.828225017252984808e-01 7.256681160085424187e-01 1.790709383556298162e-01 8.018571683859145871e-01 3.013207226217186618e-01 7.038094154972938110e-01 4.902351570207753029e-01 2.585243652904931078e-01 0.000000000000000000e+00 7.164697293452331195e-01 8.408975412970490781e-01
4.684452722096219546e-01 9.355971775265075063e-01 8.447577152368306308e-01 3.751764503344752200e-01 7.964547660075000923e-01 4.402075722042970707e-01 4.447666594028295561e-01 7.641424759991082283e-01 4.113254036015924764e-01 3.327293394862005371e-01 6.113066334440614424e-01 4.159653399127115625e-01 8.664827402069167350e-01 2.448942536536130588e-01 1.244224309124238870e-01 3.971520900183908576e-01 2.318498861772559372e-01 5.086436884685952009e-01 4.486837607144812390e-01 4.258954794379468112e-01 3.277790788408839195e-01 5.813895193882633317e-01 8.289457979592654846e-01 1.453401005792936407e-01 7.345394618834593103e-01 4.225374988167682755e-01 3.141464190169646620e-01 4.359453603821486500e-01 3.158033209542089881e-01 1.753670028025118288e-01 5.301280617414035889e-01 6.964263857195742702e-01 3.036137224108139132e-01 4.566641024602627885e-01 1.299238108208133902e-01 9.425608235963447434e-01 8.140406145884813149e-01 7.164697293452331195e-01 0.000000000000000000e+00 4.326741631915694830e-01
