0.000000000000000000e+00 6.203532038093358958e-01 1.028779120503382050e+00 6.972992423731758649e-01 3.718090997765360339e-01 2.351324471903524505e-01 7.906280057332665256e-01 1.293497638239092362e+00 1.104581574179715808e+00 8.965573716267688509e-01 8.229951760999646426e-01 4.288458254740682429e-01 4.074227457980801881e-01 9.243902838412222378e-01 9.757219822946039400e-01 1.146833270412737749e+00 7.063597333089004504e-01 6.712257975433030266e-01 1.210234813154610123e+00 8.815461203867684947e-01 8.898057810113917387e-01 1.059365910052035398e+00 1.914966773574140191e-01 2.852022000893856754e-02 4.868518257616403222e-01 9.538479720656551919e-01 1.340408071829167991e+00 9.992244082560354235e-01 6.750745727598665979e-01 1.156040249668455644e+00 8.716575204973864288e-01 1.120907733961006292e+00 3.164845589817169569e-01 7.439986085305531072e-01 7.051645704582149010e-01 4.838485729739595009e-01 1.076912590641436296e+00 8.424735632278240738e-01 5.867509377470305765e-01 7.518890236475384015e-01
6.203532038093358958e-01 0.000000000000000000e+00 7.432632382347652555e-01 6.558488401986231064e-01 5.336677364297699455e-01 5.947061190744992176e-01 5.452667443591100449e-01 8.858990401839355044e-01 6.859182673445443079e-01 2.812423115846965915e-01 8.768081656204314012e-01 3.961373348820907414e-01 2.130166744825013614e-01 7.464932845188169130e-01 3.553710451612787091e-01 7.279950801711113639e-01 5.729342249069869775e-01 7.743608846261706979e-02 7.721756329135421870e-01 6.699205513283803537e-01 2.746691891329027246e-01 7.601677405525932851e-01 5.028307339010075205e-01 6.022532424492088587e-01 4.493040314763931953e-01 3.713761269409320276e-01 9.234309467458006182e-01 3.822374967934347723e-01 7.924045290017566190e-01 7.112402109749484946e-01 2.592282284385605262e-01 5.938450432105635279e-01 5.618043222057291786e-01 9.125978648540786775e-01 7.186448406587950810e-01 6.555196847976784147e-01 7.439514387360659509e-01 5.611197060913889478e-01 2.941104529564716463e-01 3.888357193677997592e-01
1.028779120503382050e+00 7.432632382347652555e-01 0.000000000000000000e+00 3.875605239161797888e-01 6.720807666838706229e-01 8.262452336200044600e-01 2.409665843765062543e-01 3.123264136235063826e-01 2.286640010151843039e-01 8.196855270629386236e-01 4.842573578948307089e-01 6.045801854456580582e-01 7.950813110148425844e-01 1.683302297847435458e-01 7.791062827742691876e-01 2.403739456770747351e-01 3.306190047635943485e-01 7.990249497545539592e-01 3.004694341898886401e-01 1.586824744745100879e-01 8.183492890609905812e-01 3.337688977207816515e-02 8.373162325876313261e-01 1.031816445764891066e+00 5.419332786385503420e-01 5.766712447985870016e-01 3.597560160692172548e-01 7.282611243210904695e-01 5.529619497583269094e-01 2.891050519834500454e-01 6.783916619825903771e-01 4.496838430865400804e-01 7.360390940183150210e-01 6.329074513738508490e-01 4.340526227124198444e-01 6.299272727960089080e-01 8.217331788963377903e-02 1.972383855825355914e-01 5.026353894291551994e-01 3.564717643717054130e-01
6.972992423731758649e-01 6.558488401986231064e-01 3.875605239161797888e-01 0.000000000000000000e+00 3.255156847566108569e-01 4.717306682517612426e-01 2.261794699241985174e-01 6.964980399938560662e-01 5.593279217905873235e-01 8.548700280765916260e-01 2.227620488125047205e-01 3.292369272516971757e-01 5.972983341229193277e-01 2.414291269094649695e-01 8.618813693228475348e-01 5.900485439169748103e-01 1.068053464712489659e-01 7.310464096716169369e-01 6.581112183119591785e-01 2.298473387216681263e-01 8.506902853796518560e-01 4.209317839117319160e-01 5.142420803610261437e-01 7.070713225204495744e-01 2.505991968636162026e-01 7.011685499198884175e-01 7.447007728918041414e-01 8.359940526438665032e-01 1.914672234927658478e-01 6.243780578340714094e-01 7.337617330932741933e-01 7.061388595531684631e-01 3.830909891586900540e-01 3.040469332275685388e-01 7.305583717921101949e-02 2.469102511323526261e-01 4.599993745757797181e-01 2.758384291671532873e-01 3.627042872989775790e-01 3.579848099730297273e-01
3.718090997765360339e-01 5.336677364297699455e-01 6.720807666838706229e-01 3.255156847566108569e-01 0.000000000000000000e+00 1.541850766146086182e-01 4.435840560939234289e-01 9.569773125888880738e-01 7.826499721078628014e-01 7.994360294193190164e-01 4.720212906454481772e-01 1.475050275259703891e-01 3.802996347472058503e-01 5.553274671032525367e-01 8.452725269015145537e-01 8.220253364064877832e-01 3.425544402588664439e-01 6.088102992088951781e-01 8.890902561544302696e-01 5.186564857524160743e-01 7.935372160782262485e-01 7.041106383691296822e-01 1.918854736372035963e-01 3.818094270460186679e-01 1.498147977168500233e-01 7.494478433359662572e-01 1.005161737994995752e+00 8.442731994538812401e-01 3.352209126160006214e-01 8.411585661091419697e-01 7.186897071905632428e-01 8.528323860765281150e-01 6.451863271696124669e-02 4.341411110010533481e-01 3.382156622432062054e-01 1.462518748936307011e-01 7.288914311613825525e-01 4.993592791674803522e-01 3.286717410295733055e-01 4.572733280238037157e-01
2.351324471903524505e-01 5.947061190744992176e-01 8.262452336200044600e-01 4.717306682517612426e-01 1.541850766146086182e-01 0.000000000000000000e+00 5.969164810469984594e-01 1.109831894468058078e+00 9.325378945111912898e-01 8.735409706932510954e-01 5.878773973670942121e-01 2.664203798826443315e-01 4.028673671167423698e-01 7.066781971864937173e-01 9.330772109349338983e-01 9.726259185722803124e-01 4.964475662517335297e-01 6.632662653058223334e-01 1.039132309932989440e+00 6.723943965634291420e-01 8.671797400521952248e-01 8.582944431453061185e-01 1.115268521318616285e-01 2.515474670791316147e-01 2.966130061966407161e-01 8.629578399328270422e-01 1.157895118325196870e+00 9.412428349512024228e-01 4.402934594480725772e-01 9.896972124843410601e-01 8.125434603697321290e-01 9.887601462285704468e-01 9.045977446446708259e-02 5.147786863083685382e-01 4.730133862516633370e-01 2.488062563884620992e-01 8.827932728147117603e-01 6.522819765942122761e-01 4.511707594326396231e-01 5.971286613359682027e-01
7.906280057332665256e-01 5.452667443591100449e-01 2.409665843765062543e-01 2.261794699241985174e-01 4.435840560939234289e-01 5.969164810469984594e-01 0.000000000000000000e+00 5.135507393999255710e-01 3.484751311519489470e-01 6.861465140605087498e-01 4.173675249595236170e-01 3.642001118935319082e-01 5.637082115109747216e-01 2.013331841248889309e-01 6.742121617589388327e-01 3.845579910633636356e-01 1.266458128986537313e-01 6.112779075629358738e-01 4.528486466233251906e-01 1.250476331101137983e-01 6.830993912573983806e-01 2.699507253905191195e-01 5.992027656265151991e-01 7.926279656633283821e-01 3.050182000726123777e-01 4.949729814543056827e-01 5.618326209598407672e-01 6.389910829437663864e-01 4.176074040357731221e-01 4.113340972389586958e-01 5.527032978281228859e-01 4.799603345144615729e-01 5.081025536672005849e-01 5.270206437940879729e-01 2.961002001676175110e-01 4.301455769526631445e-01 2.870402560497770650e-01 5.693911346787929040e-02 2.735020852041049610e-01 1.701018655649187417e-01
1.293497638239092362e+00 8.858990401839355044e-01 3.123264136235063826e-01 6.964980399938560662e-01 9.569773125888880738e-01 1.109831894468058078e+00 5.135507393999255710e-01 0.000000000000000000e+00 2.016123350451125285e-01 8.613139150549196099e-01 7.897041832663628247e-01 8.649621865481468275e-01 9.976460646760383355e-01 4.784603770695515235e-01 7.875157494324187546e-01 1.584609957056254126e-01 6.266698521850561088e-01 9.204897759142063318e-01 1.219594813949810841e-01 4.668015729380296519e-01 8.624726575143619733e-01 2.798260863405223065e-01 1.103805680991030158e+00 1.292361125165842228e+00 8.150678785575229401e-01 5.934786203845384689e-01 4.852204243627683544e-02 7.238642630571080483e-01 8.652769980078868217e-01 1.797815634030108245e-01 7.294316869227954747e-01 3.661508761196387018e-01 1.021481702029177763e+00 9.423351603383255393e-01 7.460461907609446941e-01 9.332816538544572715e-01 2.365072971687273706e-01 4.576301519718494193e-01 7.212531818791004801e-01 5.527764474102514480e-01
1.104581574179715808e+00 6.859182673445443079e-01 2.286640010151843039e-01 5.593279217905873235e-01 7.826499721078628014e-01 9.325378945111912898e-01 3.484751311519489470e-01 2.016123350451125285e-01 0.000000000000000000e+00 6.836760211121210018e-01 6.985583310055635264e-01 6.785687194510927611e-01 7.968672473480660212e-01 3.849354211375806689e-01 6.211579874556385494e-01 4.362638023146035715e-02 4.723470836588438693e-01 7.234442867706400992e-01 1.066094776304560704e-01 3.430225207706052992e-01 6.840050575991064585e-01 2.100656604482731005e-01 9.170622973448244730e-01 1.101821203557182827e+00 6.359252437464489871e-01 4.186211590144311989e-01 2.433949476792207633e-01 5.616407320605864006e-01 7.437037372663136692e-01 6.550865443667512611e-02 5.463257424200310686e-01 2.338949725137416114e-01 8.465951439024648195e-01 8.378522484310351182e-01 6.200079178952578873e-01 7.785647486492289771e-01 1.544549475567134900e-01 2.918478228261504603e-01 5.248714163785557218e-01 3.560137487037778325e-01
8.965573716267688509e-01 2.812423115846965915e-01 8.196855270629386236e-01 8.548700280765916260e-01 7.994360294193190164e-01 8.735409706932510954e-01 6.861465140605087498e-01 8.613139150549196099e-01 6.836760211121210018e-01 0.000000000000000000e+00 1.076384451248386442e+00 6.546937239231472860e-01 4.917067097778876072e-01 8.773033852672355026e-01 1.043522806694253541e-01 7.178805182855232392e-01 7.559652638792869750e-01 2.258350172775857312e-01 7.393880774771028896e-01 7.987201261070612235e-01 6.776441273793497658e-03 8.257692635622296828e-01 7.839049440319022510e-01 8.768066438029177290e-01 6.927816843182355022e-01 2.678597967968157079e-01 8.874410820155220758e-01 1.641155840049196013e-01 1.017900208996552980e+00 6.828597715822669612e-01 1.413846739918103446e-01 5.062309668398500273e-01 8.343652119238293974e-01 1.139880204872813829e+00 9.249541627022959123e-01 9.075173433382869304e-01 7.916715244046628186e-01 6.789341550788415836e-01 5.067695664365798880e-01 5.164997147781296150e-01
8.229951760999646426e-01 8.768081656204314012e-01 4.842573578948307089e-01 2.227620488125047205e-01 4.720212906454481772e-01 5.878773973670942121e-01 4.173675249595236170e-01 7.897041832663628247e-01 6.985583310055635264e-01 1.076384451248386442e+00 0.000000000000000000e+00 5.255020798700659190e-01 8.018194836870758957e-01 3.165391899720251256e-01 1.079548062295231592e+00 7.195511125866469460e-01 3.212508313536436844e-01 9.525672911834489609e-01 7.831740560114848204e-01 3.589814321323068214e-01 1.072333620818487931e+00 5.139968905780281094e-01 6.611128985267012981e-01 8.388222820350530462e-01 4.501091360969951549e-01 9.102752513782509380e-01 8.347450209467899285e-01 1.050229463765077753e+00 1.501649408352270509e-01 7.633580159343050786e-01 9.527259802798542232e-01 8.820280282138542871e-01 5.126053540838821920e-01 1.591760694229833739e-01 1.587439582112898651e-01 3.396499821988935297e-01 5.662479383862147886e-01 4.531151644366740450e-01 5.847974116774404818e-01 5.711547085321302397e-01
4.288458254740682429e-01 3.961373348820907414e-01 6.045801854456580582e-01 3.292369272516971757e-01 1.475050275259703891e-01 2.664203798826443315e-01 3.642001118935319082e-01 8.649621865481468275e-01 6.785687194510927611e-01 6.546937239231472860e-01 5.255020798700659190e-01 0.000000000000000000e+00 2.771040534874656402e-01 5.194827204166666546e-01 6.981006797705687772e-01 7.201953729053908182e-01 2.981911213862752930e-01 4.728940556923824090e-01 7.848572112195235650e-01 4.652591676012414745e-01 6.489327200910373072e-01 6.341022304248711272e-01 2.389286683252467569e-01 4.292302595913694563e-01 7.864578021415614961e-02 6.044755885338841672e-01 9.120799251756523951e-01 6.967948328734675512e-01 4.138154900597067476e-01 7.325708906164324352e-01 5.712292797698373947e-01 7.224390731417605904e-01 1.959092285080310247e-01 5.287457784615313683e-01 3.709598490309027330e-01 2.595992379441320885e-01 6.489359069038477257e-01 4.144390450648621771e-01 1.860630057615843547e-01 3.331128637968285289e-01
4.074227457980801881e-01 2.130166744825013614e-01 7.950813110148425844e-01 5.972983341229193277e-01 3.802996347472058503e-01 4.028673671167423698e-01 5.637082115109747216e-01 9.976460646760383355e-01 7.968672473480660212e-01 4.917067097778876072e-01 8.018194836870758957e-01 2.771040534874656402e-01 0.000000000000000000e+00 7.518374350123933070e-01 5.683372292704730322e-01 8.404762164181318607e-01 5.429082985351434409e-01 2.691949587077329675e-01 8.950361797124440910e-01 6.842560712497883779e-01 4.850117883430530297e-01 8.189313330569908400e-01 3.009515595836071422e-01 3.898119247009859678e-01 3.518092467096222142e-01 5.605294502064152029e-01 1.040253578041283156e+00 5.927396435227163529e-01 6.896739591042523321e-01 8.355973859910682533e-01 4.663500576734488368e-01 7.563299960109700626e-01 3.900254281118761268e-01 8.018479503714482926e-01 6.456275855924978879e-01 5.208796648206449609e-01 8.171680238774540195e-01 5.984789331122671863e-01 2.924894181672532678e-01 4.503527302027789392e-01
9.243902838412222378e-01 7.464932845188169130e-01 1.683302297847435458e-01 2.414291269094649695e-01 5.553274671032525367e-01 7.066781971864937173e-01 2.013331841248889309e-01 4.784603770695515235e-01 3.849354211375806689e-01 8.773033852672355026e-01 3.165391899720251256e-01 5.194827204166666546e-01 7.518374350123933070e-01 0.000000000000000000e+00 8.551913458238958876e-01 4.036267678316304841e-01 2.216902773722356224e-01 8.125333161122388903e-01 4.666791340515796804e-01 7.886240698860115528e-02 8.747537535828486810e-01 1.992980706359485377e-01 7.356900905171510630e-01 9.312634384105837881e-01 4.463858628764891812e-01 6.631511579120936695e-01 5.250301769700528309e-01 8.130994379094762525e-01 3.889546556763769369e-01 4.488807487631106818e-01 7.399476380210029403e-01 5.851595418563814155e-01 6.165887021606996088e-01 4.647092618227373073e-01 2.748801662843254889e-01 4.882902872088738522e-01 2.499544735895902203e-01 1.983717520015107760e-01 4.685242553117292541e-01 3.673192092996625524e-01
9.757219822946039400e-01 3.553710451612787091e-01 7.791062827742691876e-01 8.618813693228475348e-01 8.452725269015145537e-01 9.330772109349338983e-01 6.742121617589388327e-01 7.875157494324187546e-01 6.211579874556385494e-01 1.043522806694253541e-01 1.079548062295231592e+00 6.981006797705687772e-01 5.683372292704730322e-01 8.551913458238958876e-01 0.000000000000000000e+00 6.517770575822392498e-01 7.586018540792173193e-01 3.134861766825119966e-01 6.658882116200020018e-01 7.780261956698530934e-01 1.097788477169261562e-01 7.812510167023583030e-01 8.502837007952017689e-01 9.575128319588984693e-01 7.261998009923581465e-01 2.045405706585092243e-01 8.100313381626790266e-01 6.618428160768353996e-02 1.034988155679339883e+00 6.122604311177846093e-01 1.302101877699567978e-01 4.246443919594425909e-01 8.859365450018592547e-01 1.156382468668901708e+00 9.338884613953458702e-01 9.418243315176735297e-01 7.420258858769335220e-01 6.584755913941822136e-01 5.335720273528302693e-01 5.093706282403491770e-01
1.146833270412737749e+00 7.279950801711113639e-01 2.403739456770747351e-01 5.900485439169748103e-01 8.220253364064877832e-01 9.726259185722803124e-01 3.845579910633636356e-01 1.584609957056254126e-01 4.362638023146035715e-02 7.178805182855232392e-01 7.195511125866469460e-01 7.201953729053908182e-01 8.404762164181318607e-01 4.036267678316304841e-01 6.517770575822392498e-01 0.000000000000000000e+00 5.065941254576423747e-01 7.642543343664781608e-01 6.848374090058154118e-02 3.686134353105918193e-01 7.184692096014967388e-01 2.168554815405722702e-01 9.588861243547235347e-01 1.144333870296769806e+00 6.760928003490209726e-01 4.512030240356661448e-01 1.997785714093326392e-01 5.908235252097358003e-01 7.716806296125607867e-01 5.322245188361500456e-02 5.820395295293848692e-01 2.499753556286094525e-01 8.861460918847319235e-01 8.623758569292119258e-01 6.484846358294633628e-01 8.138610289135448372e-01 1.601959336318256044e-01 3.276465674369648529e-01 5.681175939022838906e-01 3.992379886279212586e-01
7.063597333089004504e-01 5.729342249069869775e-01 3.306190047635943485e-01 1.068053464712489659e-01 3.425544402588664439e-01 4.964475662517335297e-01 1.266458128986537313e-01 6.266698521850561088e-01 4.723470836588438693e-01 7.559652638792869750e-01 3.212508313536436844e-01 2.981911213862752930e-01 5.429082985351434409e-01 2.216902773722356224e-01 7.586018540792173193e-01 5.065941254576423747e-01 0.000000000000000000e+00 6.458700007687931954e-01 5.750771739774254154e-01 1.761827060763827835e-01 7.520611922843776220e-01 3.631689728030361164e-01 5.162485594349256468e-01 7.119852176422536427e-01 2.247440828390685763e-01 5.947504336673931080e-01 6.751915872240593641e-01 7.309433565020339030e-01 2.962105502958740644e-01 5.361241725481951104e-01 6.314884362305628329e-01 6.038951988853836772e-01 4.060529273363325808e-01 4.107514289530896923e-01 1.797703597701270917e-01 3.078160276762925140e-01 3.926836691973868421e-01 1.813168003748862334e-01 2.795673828271277861e-01 2.520515893951545405e-01
6.712257975433030266e-01 7.743608846261706979e-02 7.990249497545539592e-01 7.310464096716169369e-01 6.088102992088951781e-01 6.632662653058223334e-01 6.112779075629358738e-01 9.204897759142063318e-01 7.234442867706400992e-01 2.258350172775857312e-01 9.525672911834489609e-01 4.728940556923824090e-01 2.691949587077329675e-01 8.125333161122388903e-01 3.134861766825119966e-01 7.642543343664781608e-01 6.458700007687931954e-01 0.000000000000000000e+00 8.035016833351156240e-01 7.350289142207135917e-01 2.190612311438246140e-01 8.138642135369307251e-01 5.672947321534912435e-01 6.511533052354354645e-01 5.267382948262544495e-01 3.719328694392997625e-01 9.555822493488438374e-01 3.516023798576765058e-01 8.696761144982094738e-01 7.428041921072885412e-01 2.417853760399482910e-01 6.078956052354244077e-01 6.346916307427279413e-01 9.899653762961210246e-01 7.946813404161617855e-01 7.324230815601892042e-01 7.936683655677210236e-01 6.230124500809290922e-01 3.685185123323796996e-01 4.494515185430205118e-01
1.210234813154610123e+00 7.721756329135421870e-01 3.004694341898886401e-01 6.581112183119591785e-01 8.890902561544302696e-01 1.039132309932989440e+00 4.528486466233251906e-01 1.219594813949810841e-01 1.066094776304560704e-01 7.393880774771028896e-01 7.831740560114848204e-01 7.848572112195235650e-01 8.950361797124440910e-01 4.666791340515796804e-01 6.658882116200020018e-01 6.848374090058154118e-02 5.750771739774254154e-01 8.035016833351156240e-01 0.000000000000000000e+00 4.353065200513719368e-01 7.405750165362234849e-01 2.739082869635324213e-01 1.023177596759302199e+00 1.207092598881799539e+00 7.425212967852490298e-01 4.715743838283276146e-01 1.521282693377955797e-01 6.025229495321059447e-01 8.388204682934881085e-01 6.093618843277186226e-02 6.080139795412968784e-01 2.466917961406110416e-01 9.530885638306924035e-01 9.278877967899372692e-01 7.158750398494557743e-01 8.823095092591912714e-01 2.184816949722919732e-01 3.959645336822029682e-01 6.285086594226664269e-01 4.600047089519275767e-01
8.815461203867684947e-01 6.699205513283803537e-01 1.586824744745100879e-01 2.298473387216681263e-01 5.186564857524160743e-01 6.723943965634291420e-01 1.250476331101137983e-01 4.668015729380296519e-01 3.430225207706052992e-01 7.987201261070612235e-01 3.589814321323068214e-01 4.652591676012414745e-01 6.842560712497883779e-01 7.886240698860115528e-02 7.780261956698530934e-01 3.686134353105918193e-01 1.761827060763827835e-01 7.350289142207135917e-01 4.353065200513719368e-01 0.000000000000000000e+00 7.961229814056502985e-01 1.919994727798432776e-01 6.908140125584798508e-01 8.863993898894159118e-01 3.965536549722079029e-01 5.880559668374811810e-01 5.149334738810155132e-01 7.371522130849209598e-01 4.037012194620760996e-01 4.084551609895559210e-01 6.617398464856832918e-01 5.253942426629669704e-01 5.819525972703334382e-01 4.948298583886341362e-01 2.814716715946434245e-01 4.712562809875850411e-01 2.304055225446696997e-01 1.199780593693484804e-01 3.967625589550384801e-01 2.886616309109248935e-01
8.898057810113917387e-01 2.746691891329027246e-01 8.183492890609905812e-01 8.506902853796518560e-01 7.935372160782262485e-01 8.671797400521952248e-01 6.830993912573983806e-01 8.624726575143619733e-01 6.840050575991064585e-01 6.776441273793497658e-03 1.072333620818487931e+00 6.489327200910373072e-01 4.850117883430530297e-01 8.747537535828486810e-01 1.097788477169261562e-01 7.184692096014967388e-01 7.520611922843776220e-01 2.190612311438246140e-01 7.405750165362234849e-01 7.961229814056502985e-01 0.000000000000000000e+00 8.246990281922645938e-01 7.773767001048651482e-01 8.700433822658373284e-01 6.874158992901264753e-01 2.690008664371361657e-01 8.889097312198238621e-01 1.685187110325236659e-01 1.013167828520225910e+00 6.838351529645246840e-01 1.403975860759214822e-01 5.082965191972009800e-01 8.282570402592033254e-01 1.135148329440412995e+00 9.206503180587661817e-01 9.020436233120382452e-01 7.909791580214646789e-01 6.763992702726419060e-01 5.018234785352113647e-01 5.133351923844629017e-01
1.059365910052035398e+00 7.601677405525932851e-01 3.337688977207816515e-02 4.209317839117319160e-01 7.041106383691296822e-01 8.582944431453061185e-01 2.699507253905191195e-01 2.798260863405223065e-01 2.100656604482731005e-01 8.257692635622296828e-01 5.139968905780281094e-01 6.341022304248711272e-01 8.189313330569908400e-01 1.992980706359485377e-01 7.812510167023583030e-01 2.168554815405722702e-01 3.631689728030361164e-01 8.138642135369307251e-01 2.739082869635324213e-01 1.919994727798432776e-01 8.246990281922645938e-01 0.000000000000000000e+00 8.678712465637203888e-01 1.062029361919248904e+00 5.726351440171263407e-01 5.776118243681370723e-01 3.270174541330716500e-01 7.285814821117507778e-01 5.855246578640820321e-01 2.674379798615339476e-01 6.843891172577906135e-01 4.373345276127089676e-01 7.681723310137376082e-01 6.639743195072566051e-01 4.670498739695932433e-01 6.632118899408843138e-01 5.670387157200403733e-02 2.234238158669290819e-01 5.268555042977396408e-01 3.760447986157628986e-01
1.914966773574140191e-01 5.028307339010075205e-01 8.373162325876313261e-01 5.142420803610261437e-01 1.918854736372035963e-01 1.115268521318616285e-01 5.992027656265151991e-01 1.103805680991030158e+00 9.170622973448244730e-01 7.839049440319022510e-01 6.611128985267012981e-01 2.389286683252467569e-01 3.009515595836071422e-01 7.356900905171510630e-01 8.502837007952017689e-01 9.588861243547235347e-01 5.162485594349256468e-01 5.672947321534912435e-01 1.023177596759302199e+00 6.908140125584798508e-01 7.773767001048651482e-01 8.678712465637203888e-01 0.000000000000000000e+00 1.957383669306198282e-01 2.954217645186615337e-01 7.991604452534278868e-01 1.150980856239604888e+00 8.641062470200698842e-01 5.192963850805600856e-01 9.701422651674358466e-01 7.348663158943734564e-01 9.471025215969538502e-01 1.506602927878944176e-01 6.063907070914287267e-01 5.300927994933095633e-01 3.247340104525059390e-01 8.856658796599796712e-01 6.513198497813172949e-01 4.071301225553240477e-01 5.676497348987381564e-01
2.852022000893856754e-02 6.022532424492088587e-01 1.031816445764891066e+00 7.070713225204495744e-01 3.818094270460186679e-01 2.515474670791316147e-01 7.926279656633283821e-01 1.292361125165842228e+00 1.101821203557182827e+00 8.768066438029177290e-01 8.388222820350530462e-01 4.292302595913694563e-01 3.898119247009859678e-01 9.312634384105837881e-01 9.575128319588984693e-01 1.144333870296769806e+00 7.119852176422536427e-01 6.511533052354354645e-01 1.207092598881799539e+00 8.863993898894159118e-01 8.700433822658373284e-01 1.062029361919248904e+00 1.957383669306198282e-01 0.000000000000000000e+00 4.904227538861583580e-01 9.406957685716681450e-01 1.338992106759139933e+00 9.824322772358616840e-01 6.917771655460080993e-01 1.152245901299381314e+00 8.554269839606267745e-01 1.112269252678963705e+00 3.291300250942292283e-01 7.637400963588282243e-01 7.176291751923055129e-01 4.992218772928558868e-01 1.078134832934487974e+00 8.436216119533627156e-01 5.812984698613591350e-01 7.477894425169572257e-01
4.868518257616403222e-01 4.493040314763931953e-01 5.419332786385503420e-01 2.505991968636162026e-01 1.498147977168500233e-01 2.966130061966407161e-01 3.050182000726123777e-01 8.150678785575229401e-01 6.359252437464489871e-01 6.927816843182355022e-01 4.501091360969951549e-01 7.864578021415614961e-02 3.518092467096222142e-01 4.463858628764891812e-01 7.261998009923581465e-01 6.760928003490209726e-01 2.247440828390685763e-01 5.267382948262544495e-01 7.425212967852490298e-01 3.965536549722079029e-01 6.874158992901264753e-01 5.726351440171263407e-01 2.954217645186615337e-01 4.904227538861583580e-01 0.000000000000000000e+00 6.120896598735497962e-01 8.628872602319304086e-01 7.179470842509290129e-01 3.460624219849847694e-01 6.933014953746743370e-01 5.968087791219580662e-01 7.037665269730400963e-01 2.120041607776138592e-01 4.644553979803519028e-01 2.939992924176342837e-01 2.157041564965284097e-01 5.920440849371146896e-01 3.586944174867734425e-01 1.941729838011287679e-01 3.078459306227831482e-01
9.538479720656551919e-01 3.713761269409320276e-01 5.766712447985870016e-01 7.011685499198884175e-01 7.494478433359662572e-01 8.629578399328270422e-01 4.949729814543056827e-01 5.934786203845384689e-01 4.186211590144311989e-01 2.678597967968157079e-01 9.102752513782509380e-01 6.044755885338841672e-01 5.605294502064152029e-01 6.631511579120936695e-01 2.045405706585092243e-01 4.512030240356661448e-01 5.947504336673931080e-01 3.719328694392997625e-01 4.715743838283276146e-01 5.880559668374811810e-01 2.690008664371361657e-01 5.776118243681370723e-01 7.991604452534278868e-01 9.406957685716681450e-01 6.120896598735497962e-01 0.000000000000000000e+00 6.202260532352267264e-01 1.518089307492193341e-01 8.847815233940414803e-01 4.150652222630981658e-01 1.414271876734123357e-01 2.443998418626854574e-01 8.002369126580098913e-01 1.003453073939364115e+00 7.742181583913021470e-01 8.212781526095158657e-01 5.375876718144881883e-01 4.707772536306233380e-01 4.209805894148516137e-01 3.434859972265326689e-01
1.340408071829167991e+00 9.234309467458006182e-01 3.597560160692172548e-01 7.447007728918041414e-01 1.005161737994995752e+00 1.157895118325196870e+00 5.618326209598407672e-01 4.852204243627683544e-02 2.433949476792207633e-01 8.874410820155220758e-01 8.347450209467899285e-01 9.120799251756523951e-01 1.040253578041283156e+00 5.250301769700528309e-01 8.100313381626790266e-01 1.997785714093326392e-01 6.751915872240593641e-01 9.555822493488438374e-01 1.521282693377955797e-01 5.149334738810155132e-01 8.889097312198238621e-01 3.270174541330716500e-01 1.150980856239604888e+00 1.338992106759139933e+00 8.628872602319304086e-01 6.202260532352267264e-01 0.000000000000000000e+00 7.454583711374677124e-01 9.125328442248799021e-01 2.127895693960428769e-01 7.582471499798087988e-01 3.858088635892298890e-01 1.069657387853342190e+00 9.882120808570028503e-01 7.937201328683720636e-01 9.817802660002137305e-01 2.847780225786293307e-01 5.058029633153076077e-01 7.662214071804061000e-01 5.974812616079694383e-01
9.992244082560354235e-01 3.822374967934347723e-01 7.282611243210904695e-01 8.359940526438665032e-01 8.442731994538812401e-01 9.412428349512024228e-01 6.389910829437663864e-01 7.238642630571080483e-01 5.616407320605864006e-01 1.641155840049196013e-01 1.050229463765077753e+00 6.967948328734675512e-01 5.927396435227163529e-01 8.130994379094762525e-01 6.618428160768353996e-02 5.908235252097358003e-01 7.309433565020339030e-01 3.516023798576765058e-01 6.025229495321059447e-01 7.371522130849209598e-01 1.685187110325236659e-01 7.285814821117507778e-01 8.641062470200698842e-01 9.824322772358616840e-01 7.179470842509290129e-01 1.518089307492193341e-01 7.454583711374677124e-01 0.000000000000000000e+00 1.014148373164425410e+00 5.499124656411177314e-01 1.292413022760091346e-01 3.597415693730512398e-01 8.886445231312457560e-01 1.134648836184465770e+00 9.086806161323474074e-01 9.324191404903998670e-01 6.872562866727969233e-01 6.187054852277142913e-01 5.238131813913424750e-01 4.792264302471044290e-01
6.750745727598665979e-01 7.924045290017566190e-01 5.529619497583269094e-01 1.914672234927658478e-01 3.352209126160006214e-01 4.402934594480725772e-01 4.176074040357731221e-01 8.652769980078868217e-01 7.437037372663136692e-01 1.017900208996552980e+00 1.501649408352270509e-01 4.138154900597067476e-01 6.896739591042523321e-01 3.889546556763769369e-01 1.034988155679339883e+00 7.716806296125607867e-01 2.962105502958740644e-01 8.696761144982094738e-01 8.388204682934881085e-01 4.037012194620760996e-01 1.013167828520225910e+00 5.855246578640820321e-01 5.192963850805600856e-01 6.917771655460080993e-01 3.460624219849847694e-01 8.847815233940414803e-01 9.125328442248799021e-01 1.014148373164425410e+00 0.000000000000000000e+00 8.091513201051454551e-01 9.052395666660438822e-01 8.975584635159996605e-01 3.690778247696895886e-01 1.219806102760509214e-01 1.239198596425258869e-01 1.946912387927006716e-01 6.312423557414975628e-01 4.662124944434190010e-01 5.122564019485191800e-01 5.417212711743737419e-01
1.156040249668455644e+00 7.112402109749484946e-01 2.891050519834500454e-01 6.243780578340714094e-01 8.411585661091419697e-01 9.896972124843410601e-01 4.113340972389586958e-01 1.797815634030108245e-01 6.550865443667512611e-02 6.828597715822669612e-01 7.633580159343050786e-01 7.325708906164324352e-01 8.355973859910682533e-01 4.488807487631106818e-01 6.122604311177846093e-01 5.322245188361500456e-02 5.361241725481951104e-01 7.428041921072885412e-01 6.093618843277186226e-02 4.084551609895559210e-01 6.838351529645246840e-01 2.674379798615339476e-01 9.701422651674358466e-01 1.152245901299381314e+00 6.933014953746743370e-01 4.150652222630981658e-01 2.127895693960428769e-01 5.499124656411177314e-01 8.091513201051454551e-01 0.000000000000000000e+00 5.498799505214290173e-01 2.011389877528406978e-01 9.047602677138532057e-01 9.032747845962484368e-01 6.854236435632633517e-01 8.414160220043502836e-01 2.107776009927102012e-01 3.550830909290338955e-01 5.722501557931573002e-01 4.044753873379842157e-01
8.716575204973864288e-01 2.592282284385605262e-01 6.783916619825903771e-01 7.337617330932741933e-01 7.186897071905632428e-01 8.125434603697321290e-01 5.527032978281228859e-01 7.294316869227954747e-01 5.463257424200310686e-01 1.413846739918103446e-01 9.527259802798542232e-01 5.712292797698373947e-01 4.663500576734488368e-01 7.399476380210029403e-01 1.302101877699567978e-01 5.820395295293848692e-01 6.314884362305628329e-01 2.417853760399482910e-01 6.080139795412968784e-01 6.617398464856832918e-01 1.403975860759214822e-01 6.843891172577906135e-01 7.348663158943734564e-01 8.554269839606267745e-01 5.968087791219580662e-01 1.414271876734123357e-01 7.582471499798087988e-01 1.292413022760091346e-01 9.052395666660438822e-01 5.498799505214290173e-01 0.000000000000000000e+00 3.858106754719594078e-01 7.614691399862968391e-01 1.026761726771861616e+00 8.054131979075830339e-01 8.122896147194177408e-01 6.506317895345178348e-01 5.417629631718874350e-01 4.036971364052266975e-01 3.849757153559150158e-01
1.120907733961006292e+00 5.938450432105635279e-01 4.496838430865400804e-01 7.061388595531684631e-01 8.528323860765281150e-01 9.887601462285704468e-01 4.799603345144615729e-01 3.661508761196387018e-01 2.338949725137416114e-01 5.062309668398500273e-01 8.820280282138542871e-01 7.224390731417605904e-01 7.563299960109700626e-01 5.851595418563814155e-01 4.246443919594425909e-01 2.499753556286094525e-01 6.038951988853836772e-01 6.078956052354244077e-01 2.466917961406110416e-01 5.253942426629669704e-01 5.082965191972009800e-01 4.373345276127089676e-01 9.471025215969538502e-01 1.112269252678963705e+00 7.037665269730400963e-01 2.443998418626854574e-01 3.858088635892298890e-01 3.597415693730512398e-01 8.975584635159996605e-01 2.011389877528406978e-01 3.858106754719594078e-01 0.000000000000000000e+00 9.122998204733319128e-01 1.005046508648271386e+00 7.754988571615313298e-01 8.868895435467850641e-01 3.845803590691337370e-01 4.332271790905019015e-01 5.407175740256042751e-01 3.960585646619727007e-01
3.164845589817169569e-01 5.618043222057291786e-01 7.360390940183150210e-01 3.830909891586900540e-01 6.451863271696124669e-02 9.045977446446708259e-02 5.081025536672005849e-01 1.021481702029177763e+00 8.465951439024648195e-01 8.343652119238293974e-01 5.126053540838821920e-01 1.959092285080310247e-01 3.900254281118761268e-01 6.165887021606996088e-01 8.859365450018592547e-01 8.861460918847319235e-01 4.060529273363325808e-01 6.346916307427279413e-01 9.530885638306924035e-01 5.819525972703334382e-01 8.282570402592033254e-01 7.681723310137376082e-01 1.506602927878944176e-01 3.291300250942292283e-01 2.120041607776138592e-01 8.002369126580098913e-01 1.069657387853342190e+00 8.886445231312457560e-01 3.690778247696895886e-01 9.047602677138532057e-01 7.614691399862968391e-01 9.122998204733319128e-01 0.000000000000000000e+00 4.565017886259971069e-01 3.887431352536471763e-01 1.743878080120886687e-01 7.933261962362442299e-01 5.638578093421604542e-01 3.815521766979100837e-01 5.177235601107884611e-01
7.439986085305531072e-01 9.125978648540786775e-01 6.329074513738508490e-01 3.040469332275685388e-01 4.341411110010533481e-01 5.147786863083685382e-01 5.270206437940879729e-01 9.423351603383255393e-01 8.378522484310351182e-01 1.139880204872813829e+00 1.591760694229833739e-01 5.287457784615313683e-01 8.018479503714482926e-01 4.647092618227373073e-01 1.156382468668901708e+00 8.623758569292119258e-01 4.107514289530896923e-01 9.899653762961210246e-01 9.278877967899372692e-01 4.948298583886341362e-01 1.135148329440412995e+00 6.639743195072566051e-01 6.063907070914287267e-01 7.637400963588282243e-01 4.644553979803519028e-01 1.003453073939364115e+00 9.882120808570028503e-01 1.134648836184465770e+00 1.219806102760509214e-01 9.032747845962484368e-01 1.026761726771861616e+00 1.005046508648271386e+00 4.565017886259971069e-01 0.000000000000000000e+00 2.316279230801045474e-01 2.879561970667832149e-01 7.139690369019658922e-01 5.718348387239621244e-01 6.341442434299631170e-01 6.599882444021082373e-01
7.051645704582149010e-01 7.186448406587950810e-01 4.340526227124198444e-01 7.305583717921101949e-02 3.382156622432062054e-01 4.730133862516633370e-01 2.961002001676175110e-01 7.460461907609446941e-01 6.200079178952578873e-01 9.249541627022959123e-01 1.587439582112898651e-01 3.709598490309027330e-01 6.456275855924978879e-01 2.748801662843254889e-01 9.338884613953458702e-01 6.484846358294633628e-01 1.797703597701270917e-01 7.946813404161617855e-01 7.158750398494557743e-01 2.814716715946434245e-01 9.206503180587661817e-01 4.670498739695932433e-01 5.300927994933095633e-01 7.176291751923055129e-01 2.939992924176342837e-01 7.742181583913021470e-01 7.937201328683720636e-01 9.086806161323474074e-01 1.239198596425258869e-01 6.854236435632633517e-01 8.054131979075830339e-01 7.754988571615313298e-01 3.887431352536471763e-01 2.316279230801045474e-01 0.000000000000000000e+00 2.305193743534560968e-01 5.106852206305206865e-01 3.431144937361421121e-01 4.277890964313107447e-01 4.309859121792142256e-01
4.838485729739595009e-01 6.555196847976784147e-01 6.299272727960089080e-01 2.469102511323526261e-01 1.462518748936307011e-01 2.488062563884620992e-01 4.301455769526631445e-01 9.332816538544572715e-01 7.785647486492289771e-01 9.075173433382869304e-01 3.396499821988935297e-01 2.595992379441320885e-01 5.208796648206449609e-01 4.882902872088738522e-01 9.418243315176735297e-01 8.138610289135448372e-01 3.078160276762925140e-01 7.324230815601892042e-01 8.823095092591912714e-01 4.712562809875850411e-01 9.020436233120382452e-01 6.632118899408843138e-01 3.247340104525059390e-01 4.992218772928558868e-01 2.157041564965284097e-01 8.212781526095158657e-01 9.817802660002137305e-01 9.324191404903998670e-01 1.946912387927006716e-01 8.414160220043502836e-01 8.122896147194177408e-01 8.868895435467850641e-01 1.743878080120886687e-01 2.879561970667832149e-01 2.305193743534560968e-01 0.000000000000000000e+00 6.977840263304894153e-01 4.867235808237179162e-01 4.088895322115920217e-01 4.965572028694659190e-01
1.076912590641436296e+00 7.439514387360659509e-01 8.217331788963377903e-02 4.599993745757797181e-01 7.288914311613825525e-01 8.827932728147117603e-01 2.870402560497770650e-01 2.365072971687273706e-01 1.544549475567134900e-01 7.916715244046628186e-01 5.662479383862147886e-01 6.489359069038477257e-01 8.171680238774540195e-01 2.499544735895902203e-01 7.420258858769335220e-01 1.601959336318256044e-01 3.926836691973868421e-01 7.936683655677210236e-01 2.184816949722919732e-01 2.304055225446696997e-01 7.909791580214646789e-01 5.670387157200403733e-02 8.856658796599796712e-01 1.078134832934487974e+00 5.920440849371146896e-01 5.375876718144881883e-01 2.847780225786293307e-01 6.872562866727969233e-01 6.312423557414975628e-01 2.107776009927102012e-01 6.506317895345178348e-01 3.845803590691337370e-01 7.933261962362442299e-01 7.139690369019658922e-01 5.106852206305206865e-01 6.977840263304894153e-01 0.000000000000000000e+00 2.345154577157771147e-01 5.275223150486474388e-01 3.682510656439637042e-01
8.424735632278240738e-01 5.611197060913889478e-01 1.972383855825355914e-01 2.758384291671532873e-01 4.993592791674803522e-01 6.522819765942122761e-01 5.693911346787929040e-02 4.576301519718494193e-01 2.918478228261504603e-01 6.789341550788415836e-01 4.531151644366740450e-01 4.144390450648621771e-01 5.984789331122671863e-01 1.983717520015107760e-01 6.584755913941822136e-01 3.276465674369648529e-01 1.813168003748862334e-01 6.230124500809290922e-01 3.959645336822029682e-01 1.199780593693484804e-01 6.763992702726419060e-01 2.234238158669290819e-01 6.513198497813172949e-01 8.436216119533627156e-01 3.586944174867734425e-01 4.707772536306233380e-01 5.058029633153076077e-01 6.187054852277142913e-01 4.662124944434190010e-01 3.550830909290338955e-01 5.417629631718874350e-01 4.332271790905019015e-01 5.638578093421604542e-01 5.718348387239621244e-01 3.431144937361421121e-01 4.867235808237179162e-01 2.345154577157771147e-01 0.000000000000000000e+00 3.060138929323594215e-01 1.736370598441492608e-01
5.867509377470305765e-01 2.941104529564716463e-01 5.026353894291551994e-01 3.627042872989775790e-01 3.286717410295733055e-01 4.511707594326396231e-01 2.735020852041049610e-01 7.212531818791004801e-01 5.248714163785557218e-01 5.067695664365798880e-01 5.847974116774404818e-01 1.860630057615843547e-01 2.924894181672532678e-01 4.685242553117292541e-01 5.335720273528302693e-01 5.681175939022838906e-01 2.795673828271277861e-01 3.685185123323796996e-01 6.285086594226664269e-01 3.967625589550384801e-01 5.018234785352113647e-01 5.268555042977396408e-01 4.071301225553240477e-01 5.812984698613591350e-01 1.941729838011287679e-01 4.209805894148516137e-01 7.662214071804061000e-01 5.238131813913424750e-01 5.122564019485191800e-01 5.722501557931573002e-01 4.036971364052266975e-01 5.407175740256042751e-01 3.815521766979100837e-01 6.341442434299631170e-01 4.277890964313107447e-01 4.088895322115920217e-01 5.275223150486474388e-01 3.060138929323594215e-01 0.000000000000000000e+00 1.688807551729415435e-01
