0.000000000000000000e+00 2.714035692990757198e-01 8.073011030926665610e-01 2.229293418820876005e-01 1.312015660529373129e-01 9.445312540117012379e-01 7.657563667399258645e-01 3.038476915233661590e-01 4.437609311070710993e-01 4.690379948232882845e-01 4.770790695293291583e-01 5.031454874607647204e-02 8.935656170210335425e-01 1.303867803196721853e-01 4.637426957796655924e-01 6.072363890134544473e-01 7.748949317625384303e-01 5.249634378753368358e-01 4.648678481448503819e-01 1.886037412491177456e-01 2.007050019486568138e-01 7.970910100384764885e-01 6.833840259255749006e-01 2.938052733703678254e-01 5.864901262522147496e-01 1.931632694183799681e-01 2.189579673644528879e-01 6.867107044116064207e-01 3.003671311193771842e-01 5.527163706174134106e-01 4.706213623281548242e-01 3.740995117107532852e-01 3.354351779534991973e-01 4.142386358432265103e-01 3.394679890707179015e-01 5.944268985479334022e-01 6.062060775954256631e-01 7.465143763165572599e-01 2.351071431287154179e-01 6.147522631213733213e-01
2.714035692990757198e-01 0.000000000000000000e+00 1.031798182052534596e+00 2.105189848197681346e-01 2.619021462056072558e-01 1.165335164275057567e+00 9.441158240394640355e-01 9.264900822871868780e-02 7.097894741673385077e-01 7.346665718698520697e-01 6.732459229656796440e-01 2.355086990045012763e-01 1.110559969134243374e+00 2.754120447527976800e-01 5.117060631057619435e-01 7.042496003259809401e-01 1.000986591428333572e+00 5.618329971175977100e-01 5.254004013887138003e-01 4.262153588126494363e-01 3.747100757544910010e-01 9.974570330789659378e-01 9.539604968401588225e-01 1.461482922155027675e-01 8.560433591697621525e-01 1.580047094215074610e-01 4.810917503453072119e-01 9.501426902275724728e-01 5.533553239855627526e-01 6.464433186959415156e-01 7.369537037806983548e-01 6.422806053108059965e-01 1.675157349089921310e-01 6.150087659790562933e-01 5.939379708531890012e-01 7.201231588092317226e-01 8.676888119823662482e-01 7.927341055059955455e-01 3.446839269799039096e-01 6.801954800049943017e-01
8.073011030926665610e-01 1.031798182052534596e+00 0.000000000000000000e+00 1.027604260305728490e+00 7.699835808017507777e-01 1.377935726835591568e-01 2.348952518183588245e-01 1.095107850004737537e+00 6.520251160240566612e-01 4.267778764757368393e-01 3.667984060359049114e-01 8.176197455812220793e-01 9.439554920524022286e-02 9.127765141159481788e-01 6.762824391086829090e-01 5.335494202465710378e-01 3.309887748659280648e-02 6.868811298860049153e-01 6.518817187284554615e-01 8.104221353382364823e-01 6.573210828762350300e-01 1.313192159040907359e-01 4.515324311612514685e-01 1.098057223500734869e+00 4.307877026884769367e-01 8.798580788848786582e-01 7.295253694386206744e-01 7.060664797421160044e-01 5.142601976901954863e-01 5.548002554421235244e-01 4.319419663168601042e-01 5.067171248867045064e-01 9.789295860485587308e-01 4.191638432017296689e-01 4.805891316466350816e-01 4.600044939204521177e-01 3.210452729248618464e-01 6.721342889566138679e-01 7.005501272582340677e-01 6.132675292275837631e-01
2.229293418820876005e-01 2.105189848197681346e-01 1.027604260305728490e+00 0.000000000000000000e+00 3.114935846201551395e-01 1.165176187588536916e+00 9.874097550792869660e-01 1.641023803078169585e-01 5.781579210245052503e-01 6.650849259641149480e-01 6.994661961524063498e-01 2.284073476842153616e-01 1.115025832048865073e+00 1.253312200271759769e-01 6.371849071204284121e-01 8.058889969131104447e-01 9.949601238985517071e-01 6.951678525943720821e-01 6.443223713437378208e-01 2.812950321687652799e-01 4.121998589171336214e-01 1.020011438958046135e+00 8.579888902217969182e-01 1.122631899117822185e-01 7.685344636091221426e-01 2.795811746280861265e-01 3.582579695890165117e-01 8.046982344505732021e-01 5.155077679661342893e-01 7.490083443121056117e-01 6.651555431230666837e-01 5.672486621460430811e-01 3.654282571436621718e-01 6.367163812649137000e-01 5.525107215035800490e-01 8.028714245987270681e-01 8.061942321252959509e-01 9.260966993573706008e-01 4.226848032548606859e-01 8.006221184481717712e-01
1.312015660529373129e-01 2.619021462056072558e-01 7.699835808017507777e-01 3.114935846201551395e-01 0.000000000000000000e+00 9.039131736171360787e-01 6.928299550659574590e-01 3.291719335774422883e-01 5.263820203781613971e-01 4.944105908558805718e-01 4.141733825869770569e-01 9.189607459531039246e-02 8.495195510272181005e-01 2.524913022953083619e-01 3.365835329068938564e-01 4.946946165523973815e-01 7.391037708275647322e-01 3.972349666816141212e-01 3.399317807223411481e-01 3.113842386478979929e-01 1.139107256811580926e-01 7.393938425720422147e-01 7.241509511510026975e-01 3.446372416039603093e-01 6.231149964475994896e-01 1.182473537561343352e-01 3.203230198923013305e-01 7.689310157230606624e-01 3.040351525131966826e-01 4.381399550377084728e-01 4.979824209720077888e-01 4.104819975308730551e-01 2.536970022390749868e-01 3.545004613602718013e-01 3.442966005906852311e-01 4.922903150919373805e-01 6.192606003286112992e-01 6.229499203527814055e-01 1.120107439591521287e-01 4.936400623679007560e-01
9.445312540117012379e-01 1.165335164275057567e+00 1.377935726835591568e-01 1.165176187588536916e+00 9.039131736171360787e-01 0.000000000000000000e+00 2.977233401003113178e-01 1.230421971818247417e+00 7.766833519011127063e-01 5.573372587668137257e-01 4.951266848287796951e-01 9.539342081927515427e-01 5.832613644698862732e-02 1.050565716729802590e+00 7.859752393392263059e-01 6.239265608474479086e-01 1.707513227140980416e-01 7.892471324176769665e-01 7.615872927384649271e-01 9.471307841303913122e-01 7.906273307398105077e-01 1.960924603400160948e-01 5.469619069590009319e-01 1.234605503142382599e+00 5.445597890395768026e-01 1.011932071132434441e+00 8.656537326215082429e-01 8.050351354110862889e-01 6.520526667894573913e-01 6.539744289653472986e-01 5.619316018826238102e-01 6.410765807184146681e-01 1.106000592040708552e+00 5.507313080353318790e-01 6.182474512165972991e-01 5.551735014478924590e-01 4.399951149524827243e-01 7.402000020091521471e-01 8.302042656473697102e-01 7.021564726675623147e-01
7.657563667399258645e-01 9.441158240394640355e-01 2.348952518183588245e-01 9.874097550792869660e-01 6.928299550659574590e-01 2.977233401003113178e-01 0.000000000000000000e+00 1.020462837766630715e+00 7.472511156953841605e-01 5.166305383181694078e-01 2.895475168134902244e-01 7.614252004390953399e-01 2.426374571202521702e-01 8.881861001250955789e-01 5.068683434331706650e-01 3.295379672979594776e-01 2.331707930140212437e-01 5.013721054339971284e-01 4.830852728242980287e-01 8.233115803532834454e-01 5.808379978082712780e-01 1.075044049946433239e-01 6.271353740743073057e-01 1.036921520586138401e+00 5.748065737288433619e-01 7.862264604344673113e-01 7.538135945476195365e-01 8.623504566195250298e-01 5.164047376407179257e-01 3.655663362858078691e-01 5.239250236730154109e-01 5.641511678247947970e-01 8.576202775886554441e-01 3.523377251253562159e-01 4.967610197940904304e-01 2.658221558630375347e-01 4.663395409480564635e-01 4.446656790656901559e-01 5.994502638148961893e-01 4.063035699150818192e-01
3.038476915233661590e-01 9.264900822871868780e-02 1.095107850004737537e+00 1.641023803078169585e-01 3.291719335774422883e-01 1.230421971818247417e+00 1.020462837766630715e+00 0.000000000000000000e+00 7.199084761700170754e-01 7.727076132903284433e-01 7.432654371564140217e-01 2.804595550898526524e-01 1.176850784588962195e+00 2.652468348036157164e-01 6.019747909208457148e-01 7.918757194234026242e-01 1.063576790371349334e+00 6.531905899657199921e-01 6.148471536898322265e-01 4.255359623915546119e-01 4.429741351538468153e-01 1.068528818873133890e+00 9.825527909268637616e-01 6.455028107829935413e-02 8.877102078714863564e-01 2.404188368786693286e-01 4.923932150432034915e-01 9.542785445024087876e-01 6.010039772750417342e-01 7.339631771305320518e-01 7.741317940853389423e-01 6.770947680671415281e-01 2.571033401274698815e-01 6.831079594813248557e-01 6.409547543388839363e-01 8.043508093481896992e-01 9.100026118479035420e-01 8.845545935897740630e-01 4.234664126076934099e-01 7.704720553794722759e-01
4.437609311070710993e-01 7.097894741673385077e-01 6.520251160240566612e-01 5.781579210245052503e-01 5.263820203781613971e-01 7.766833519011127063e-01 7.472511156953841605e-01 7.199084761700170754e-01 0.000000000000000000e+00 2.325392748350018912e-01 5.192958748392665358e-01 4.894304891599625673e-01 7.456147972754133546e-01 4.572298874195255269e-01 7.462572721272134890e-01 7.835068740368423823e-01 6.214136500313564015e-01 8.008931413675485222e-01 7.333491234800558756e-01 2.970545226403390471e-01 4.884026887085965996e-01 7.158907539081160731e-01 3.052665288191019344e-01 6.858865338027260172e-01 2.455151098500162610e-01 6.284267832834964373e-01 2.289293760868732486e-01 2.436659668609786611e-01 3.072046201658352738e-01 7.501949325561336757e-01 2.258541191098704104e-01 1.966870091090176798e-01 7.724492418742452404e-01 4.818303354480707457e-01 2.953410561544855817e-01 7.292813448813073585e-01 3.376266591668389827e-01 9.612151906872856699e-01 5.659227304239470291e-01 8.328934668602947511e-01
4.690379948232882845e-01 7.346665718698520697e-01 4.267778764757368393e-01 6.650849259641149480e-01 4.944105908558805718e-01 5.573372587668137257e-01 5.166305383181694078e-01 7.727076132903284433e-01 2.325392748350018912e-01 0.000000000000000000e+00 3.174381627103763925e-01 4.992656390887703632e-01 5.211379397462834184e-01 5.407532281233832228e-01 6.074461352428359717e-01 5.958789720959529745e-01 3.949845197036004896e-01 6.528781619366403888e-01 5.893338304985087373e-01 4.082406752761575941e-01 4.113677200426937852e-01 4.835498097250381933e-01 2.342558623016754438e-01 7.568513531836293939e-01 1.327791905746951995e-01 6.118706872529237062e-01 3.233766373056009003e-01 3.755921082233496522e-01 1.929387191995044770e-01 5.735026253917472339e-01 7.909879691822848877e-03 9.788383350153338769e-02 7.460561420069038441e-01 2.984694335047642366e-01 1.554406241311439008e-01 5.321859695472024310e-01 1.416667701210517771e-01 7.757917974688411933e-01 4.855867452643033988e-01 6.569273160705075831e-01
4.770790695293291583e-01 6.732459229656796440e-01 3.667984060359049114e-01 6.994661961524063498e-01 4.141733825869770569e-01 4.951266848287796951e-01 2.895475168134902244e-01 7.432654371564140217e-01 5.192958748392665358e-01 3.174381627103763925e-01 0.000000000000000000e+00 4.756160146136784728e-01 4.389818989108648650e-01 5.986484720215633493e-01 3.379181050389735153e-01 2.796556698323102164e-01 3.388184634467529266e-01 3.676049044660820164e-01 3.150753518173762813e-01 5.398328164438639387e-01 3.002977370700797288e-01 3.252827150200118811e-01 5.146582611452911182e-01 7.544328409563203497e-01 4.273165720553130376e-01 5.179801110562276545e-01 4.762349231789154702e-01 6.930302107930877975e-01 2.403793225690096791e-01 2.640627019300302303e-01 3.252879146592589366e-01 3.228006808762259316e-01 6.121780411951974754e-01 6.288874640595193410e-02 2.320297091875743456e-01 2.148170716833041338e-01 3.514945427763595531e-01 4.591325855073014606e-01 3.350804643711684516e-01 3.456078798075642999e-01
5.031454874607647204e-02 2.355086990045012763e-01 8.176197455812220793e-01 2.284073476842153616e-01 9.189607459531039246e-02 9.539342081927515427e-01 7.614252004390953399e-01 2.804595550898526524e-01 4.894304891599625673e-01 4.992656390887703632e-01 4.756160146136784728e-01 0.000000000000000000e+00 9.015196852727297427e-01 1.606347441215774663e-01 4.284783019725030839e-01 5.827034449027198582e-01 7.856914374017359703e-01 4.891140860165587023e-01 4.316101608218640417e-01 2.388043910890096932e-01 1.837929919429570624e-01 7.993174609713302736e-01 7.192956322485056786e-01 2.808356809826740297e-01 6.208343046503291829e-01 1.431898050022692992e-01 2.672216473646684687e-01 7.328920918178015720e-01 3.212064146751156812e-01 5.268411921202580395e-01 5.014821309998571675e-01 4.068631181043191880e-01 2.861872435475099063e-01 4.134576535995650448e-01 3.614568999761146317e-01 5.756816252560833513e-01 6.333730617708098753e-01 7.145243838091803745e-01 2.025452615961568503e-01 5.845945189177967904e-01
8.935656170210335425e-01 1.110559969134243374e+00 9.439554920524022286e-02 1.115025832048865073e+00 8.495195510272181005e-01 5.832613644698862732e-02 2.426374571202521702e-01 1.176850784588962195e+00 7.456147972754133546e-01 5.211379397462834184e-01 4.389818989108648650e-01 9.015196852727297427e-01 0.000000000000000000e+00 1.001915529815546657e+00 7.276601655886080211e-01 5.667875350076743146e-01 1.267871314401410321e-01 7.312151370401192008e-01 7.032700288270105071e-01 9.030010863990118875e-01 7.359683133945743583e-01 1.387690700668543498e-01 5.335544605997718515e-01 1.182341605091123293e+00 5.207038092850817534e-01 9.564986953922157698e-01 8.226617652531827973e-01 7.905293907235029227e-01 6.041033053186396495e-01 5.960707073832302028e-01 5.262616579176835341e-01 6.007815650030424726e-01 1.048949690134440393e+00 4.955881835229560828e-01 5.716098317561569830e-01 4.974671449963762870e-01 4.124728886871611433e-01 6.867309047081002760e-01 7.739850588592994685e-01 6.453047275962231488e-01
1.303867803196721853e-01 2.754120447527976800e-01 9.127765141159481788e-01 1.253312200271759769e-01 2.524913022953083619e-01 1.050565716729802590e+00 8.881861001250955789e-01 2.652468348036157164e-01 4.572298874195255269e-01 5.407532281233832228e-01 5.986484720215633493e-01 1.606347441215774663e-01 1.001915529815546657e+00 0.000000000000000000e+00 5.890124678457985263e-01 7.375018727612691061e-01 8.798905271934671646e-01 6.497259369841155152e-01 5.916845872246516702e-01 1.608190404234421944e-01 3.310445158174065150e-01 9.130460217545326440e-01 7.329421671936465765e-01 2.287890134744331450e-01 6.432037513531533302e-01 2.717360521196728329e-01 2.338073973963098184e-01 6.892009087916034504e-01 3.986166147764764189e-01 6.827543358486726222e-01 5.406263041570258387e-01 4.428697534785369094e-01 3.950165762651756118e-01 5.358536064763966822e-01 4.339383435614524442e-01 7.244970149976932561e-01 6.821340300875777807e-01 8.742939556897788567e-01 3.619688953538358067e-01 7.434456757492056145e-01
4.637426957796655924e-01 5.117060631057619435e-01 6.762824391086829090e-01 6.371849071204284121e-01 3.365835329068938564e-01 7.859752393392263059e-01 5.068683434331706650e-01 6.019747909208457148e-01 7.462572721272134890e-01 6.074461352428359717e-01 3.379181050389735153e-01 4.284783019725030839e-01 7.276601655886080211e-01 5.890124678457985263e-01 0.000000000000000000e+00 2.025524599253106239e-01 6.539566584261121696e-01 6.146918332340758212e-02 2.443595838278473167e-02 6.219018595243658298e-01 2.839450445836257941e-01 5.923302866075922379e-01 8.314867093130532405e-01 6.403550376128778199e-01 7.350996395347746404e-01 3.671438390840248700e-01 6.001144586319870911e-01 9.648401067835945533e-01 4.428362022148841226e-01 1.489217501147565292e-01 6.143132935074298029e-01 5.673665468511557286e-01 3.812385328910827820e-01 3.207422472519189105e-01 4.658431321418146087e-01 2.438747469224875342e-01 6.785699508780498324e-01 2.889138492881083708e-01 2.288160088559583472e-01 1.685162986163304399e-01
6.072363890134544473e-01 7.042496003259809401e-01 5.335494202465710378e-01 8.058889969131104447e-01 4.946946165523973815e-01 6.239265608474479086e-01 3.295379672979594776e-01 7.918757194234026242e-01 7.835068740368423823e-01 5.958789720959529745e-01 2.796556698323102164e-01 5.827034449027198582e-01 5.667875350076743146e-01 7.375018727612691061e-01 2.025524599253106239e-01 0.000000000000000000e+00 5.179388303079954792e-01 1.784563403004743865e-01 1.832673888368821780e-01 7.332789325698133576e-01 4.075405900033409745e-01 4.280258689052438559e-01 7.911763420264548152e-01 8.243443721374856814e-01 7.064982812902466103e-01 5.522041598139009189e-01 6.905937417785897869e-01 9.710695559296055324e-01 4.812492415749684560e-01 5.792710784830560483e-02 6.036559454825891624e-01 5.883760371945083723e-01 5.826074708031530047e-01 3.028196255412429205e-01 4.881960368582821674e-01 7.584806122070070211e-02 6.247573274437315805e-01 1.799590961142553125e-01 3.832080315008692395e-01 7.974263712548075589e-02
7.748949317625384303e-01 1.000986591428333572e+00 3.309887748659280648e-02 9.949601238985517071e-01 7.391037708275647322e-01 1.707513227140980416e-01 2.331707930140212437e-01 1.063576790371349334e+00 6.214136500313564015e-01 3.949845197036004896e-01 3.388184634467529266e-01 7.856914374017359703e-01 1.267871314401410321e-01 8.798905271934671646e-01 6.539566584261121696e-01 5.179388303079954792e-01 0.000000000000000000e+00 6.668410747290617335e-01 6.296222407056066839e-01 7.773419757850059675e-01 6.267563814252871124e-01 1.367503845633975257e-01 4.293273113185401835e-01 1.065981782954643409e+00 4.035403167693003557e-01 8.496534686690906391e-01 6.965037502968229877e-01 6.818139018586849565e-01 4.813322669106874230e-01 5.363073745439886908e-01 4.002840305926859132e-01 4.740118097302488676e-01 9.504564418552156058e-01 3.896285554986089750e-01 4.475394191355803186e-01 4.434229786885640623e-01 2.928965145553932836e-01 6.622545240853630055e-01 6.713685558228654759e-01 5.976525402413112031e-01
5.249634378753368358e-01 5.618329971175977100e-01 6.868811298860049153e-01 6.951678525943720821e-01 3.972349666816141212e-01 7.892471324176769665e-01 5.013721054339971284e-01 6.531905899657199921e-01 8.008931413675485222e-01 6.528781619366403888e-01 3.676049044660820164e-01 4.891140860165587023e-01 7.312151370401192008e-01 6.497259369841155152e-01 6.146918332340758212e-02 1.784563403004743865e-01 6.668410747290617335e-01 0.000000000000000000e+00 6.784926253144532571e-02 6.831138944317667328e-01 3.448409680565601154e-01 5.936111173770266536e-01 8.724413973280205070e-01 6.940876741330159749e-01 7.780265146051797975e-01 4.220171195748837478e-01 6.601078210892437070e-01 1.015444947204164894e+00 4.954542552237455877e-01 1.359065184212130406e-01 6.599864396852259674e-01 6.184183784206157553e-01 4.226511198656973112e-01 3.595041312215565554e-01 5.160550125482615824e-01 2.356697657981271787e-01 7.154228546127854305e-01 2.323590180351605694e-01 2.901750513946353971e-01 1.242720304977716211e-01
4.648678481448503819e-01 5.254004013887138003e-01 6.518817187284554615e-01 6.443223713437378208e-01 3.399317807223411481e-01 7.615872927384649271e-01 4.830852728242980287e-01 6.148471536898322265e-01 7.333491234800558756e-01 5.893338304985087373e-01 3.150753518173762813e-01 4.316101608218640417e-01 7.032700288270105071e-01 5.916845872246516702e-01 2.443595838278473167e-02 1.832673888368821780e-01 6.296222407056066839e-01 6.784926253144532571e-02 0.000000000000000000e+00 6.181918860463494481e-01 2.794698399060816518e-01 5.680400293116419919e-01 8.118106180959596685e-01 6.514426160169743962e-01 7.160701397947307756e-01 3.779399106370801009e-01 5.932012878084350627e-01 9.493299924015549118e-01 4.284067719393017670e-01 1.279757543666910080e-01 5.963057819802281001e-01 5.520137300437996108e-01 3.993521429239157983e-01 2.999669747733467728e-01 4.499560203560744598e-01 2.209533958636809570e-01 6.576176577404703183e-01 2.830724706445031935e-01 2.299100429813258073e-01 1.570272422315145133e-01
1.886037412491177456e-01 4.262153588126494363e-01 8.104221353382364823e-01 2.812950321687652799e-01 3.113842386478979929e-01 9.471307841303913122e-01 8.233115803532834454e-01 4.255359623915546119e-01 2.970545226403390471e-01 4.082406752761575941e-01 5.398328164438639387e-01 2.388043910890096932e-01 9.030010863990118875e-01 1.608190404234421944e-01 6.219018595243658298e-01 7.332789325698133576e-01 7.773419757850059675e-01 6.831138944317667328e-01 6.181918860463494481e-01 0.000000000000000000e+00 3.387402617114522729e-01 8.305732021138994003e-01 5.811881679205225248e-01 3.889971598709550671e-01 4.965895604834684729e-01 3.802903939266159550e-01 8.497633147023393729e-02 5.287701667367586955e-01 3.080358208564740741e-01 6.842055381630115507e-01 4.066063608766377069e-01 3.127087998525583390e-01 5.197743446576527093e-01 4.804503396405737092e-01 3.341227006626454887e-01 7.041613668708988083e-01 5.491141425062543435e-01 8.905609754306967885e-01 3.978754075166587856e-01 7.561981547424150296e-01
2.007050019486568138e-01 3.747100757544910010e-01 6.573210828762350300e-01 4.121998589171336214e-01 1.139107256811580926e-01 7.906273307398105077e-01 5.808379978082712780e-01 4.429741351538468153e-01 4.884026887085965996e-01 4.113677200426937852e-01 3.002977370700797288e-01 1.837929919429570624e-01 7.359683133945743583e-01 3.310445158174065150e-01 2.839450445836257941e-01 4.075405900033409745e-01 6.267563814252871124e-01 3.448409680565601154e-01 2.794698399060816518e-01 3.387402617114522729e-01 0.000000000000000000e+00 6.255547995641419501e-01 6.453039008842345048e-01 4.561488650179574278e-01 5.435791563147608363e-01 2.236621908081912469e-01 3.178777595752412255e-01 7.233483884897551341e-01 2.188041604407482132e-01 3.541198165603429704e-01 4.161052861329516683e-01 3.394114231498728262e-01 3.412285368169652999e-01 2.406687340309271450e-01 2.561792435347139962e-01 3.939939566020324579e-01 5.255515516428233003e-01 5.543841188561376976e-01 7.822237947130225577e-02 4.206752809812451810e-01
7.970910100384764885e-01 9.974570330789659378e-01 1.313192159040907359e-01 1.020011438958046135e+00 7.393938425720422147e-01 1.960924603400160948e-01 1.075044049946433239e-01 1.068528818873133890e+00 7.158907539081160731e-01 4.835498097250381933e-01 3.252827150200118811e-01 7.993174609713302736e-01 1.387690700668543498e-01 9.130460217545326440e-01 5.923302866075922379e-01 4.280258689052438559e-01 1.367503845633975257e-01 5.936111173770266536e-01 5.680400293116419919e-01 8.305732021138994003e-01 6.255547995641419501e-01 0.000000000000000000e+00 5.569290720876476364e-01 1.079128898669950765e+00 5.185004163341939698e-01 8.410616200936885667e-01 7.550832550234529705e-01 8.033539065369565968e-01 5.234777592999424467e-01 4.581163770118857892e-01 4.900762323877136950e-01 5.470248457748192461e-01 9.250448364762219322e-01 3.862555972226251466e-01 4.967952812040237753e-01 3.591290725770620584e-01 4.070037439619677011e-01 5.516435735785951699e-01 6.556370050665683014e-01 5.065531077919207537e-01
6.833840259255749006e-01 9.539604968401588225e-01 4.515324311612514685e-01 8.579888902217969182e-01 7.241509511510026975e-01 5.469619069590009319e-01 6.271353740743073057e-01 9.825527909268637616e-01 3.052665288191019344e-01 2.342558623016754438e-01 5.146582611452911182e-01 7.192956322485056786e-01 5.335544605997718515e-01 7.329421671936465765e-01 8.314867093130532405e-01 7.911763420264548152e-01 4.293273113185401835e-01 8.724413973280205070e-01 8.118106180959596685e-01 5.811881679205225248e-01 6.453039008842345048e-01 5.569290720876476364e-01 0.000000000000000000e+00 9.587457531038497960e-01 1.017330423839750975e-01 8.402668339267553854e-01 5.000745571968092662e-01 2.580781920377153704e-01 4.265439418575501240e-01 7.786878571177840991e-01 2.292402932408560690e-01 3.142605633080741145e-01 9.772473711908734595e-01 5.129454184763074798e-01 3.896768313208907597e-01 7.203894242753495769e-01 1.686757116245548027e-01 9.677677911631884511e-01 7.198344318220374349e-01 8.600848658038932060e-01
2.938052733703678254e-01 1.461482922155027675e-01 1.098057223500734869e+00 1.122631899117822185e-01 3.446372416039603093e-01 1.234605503142382599e+00 1.036921520586138401e+00 6.455028107829935413e-02 6.858865338027260172e-01 7.568513531836293939e-01 7.544328409563203497e-01 2.808356809826740297e-01 1.182341605091123293e+00 2.287890134744331450e-01 6.403550376128778199e-01 8.243443721374856814e-01 1.065981782954643409e+00 6.940876741330159749e-01 6.514426160169743962e-01 3.889971598709550671e-01 4.561488650179574278e-01 1.079128898669950765e+00 9.587457531038497960e-01 0.000000000000000000e+00 8.665191330583135176e-01 2.735030797049231577e-01 4.618825489628437531e-01 9.153738627456162735e-01 5.941681838146151140e-01 7.664874630416929069e-01 7.576359808846341304e-01 6.597751227530103124e-01 3.136607639649575119e-01 6.928870049436502976e-01 6.331333155629610410e-01 8.315242591013652929e-01 8.963927243705929193e-01 9.263484985939375305e-01 4.473900849983730721e-01 8.081962507856276234e-01
5.864901262522147496e-01 8.560433591697621525e-01 4.307877026884769367e-01 7.685344636091221426e-01 6.231149964475994896e-01 5.445597890395768026e-01 5.748065737288433619e-01 8.877102078714863564e-01 2.455151098500162610e-01 1.327791905746951995e-01 4.273165720553130376e-01 6.208343046503291829e-01 5.207038092850817534e-01 6.432037513531533302e-01 7.350996395347746404e-01 7.064982812902466103e-01 4.035403167693003557e-01 7.780265146051797975e-01 7.160701397947307756e-01 4.965895604834684729e-01 5.435791563147608363e-01 5.185004163341939698e-01 1.017330423839750975e-01 8.665191330583135176e-01 0.000000000000000000e+00 7.396217625104420934e-01 4.131731515214181472e-01 2.875445806813820560e-01 3.248116445723615020e-01 6.899843966909274817e-01 1.275740680302979435e-01 2.143187654651780016e-01 8.759523771218722388e-01 4.193956812159699843e-01 2.880846682502948841e-01 6.381711463053315603e-01 1.116563644669975597e-01 8.850704467028001066e-01 6.182298129700327660e-01 7.724641657311139831e-01
1.931632694183799681e-01 1.580047094215074610e-01 8.798580788848786582e-01 2.795811746280861265e-01 1.182473537561343352e-01 1.011932071132434441e+00 7.862264604344673113e-01 2.404188368786693286e-01 6.284267832834964373e-01 6.118706872529237062e-01 5.179801110562276545e-01 1.431898050022692992e-01 9.564986953922157698e-01 2.717360521196728329e-01 3.671438390840248700e-01 5.522041598139009189e-01 8.496534686690906391e-01 4.220171195748837478e-01 3.779399106370801009e-01 3.802903939266159550e-01 2.236621908081912469e-01 8.410616200936885667e-01 8.402668339267553854e-01 2.735030797049231577e-01 7.396217625104420934e-01 0.000000000000000000e+00 4.097046063505784819e-01 8.720802958525869508e-01 4.221859449976214096e-01 4.942786622136560171e-01 6.152574156777049774e-01 5.260834130432648914e-01 1.441060745105247898e-01 4.612304301061121992e-01 4.625025363108696275e-01 5.640658633598597538e-01 7.375052099260406280e-01 6.543516683387368138e-01 1.867827345818412199e-01 5.347338560406219576e-01
2.189579673644528879e-01 4.810917503453072119e-01 7.295253694386206744e-01 3.582579695890165117e-01 3.203230198923013305e-01 8.656537326215082429e-01 7.538135945476195365e-01 4.923932150432034915e-01 2.289293760868732486e-01 3.233766373056009003e-01 4.762349231789154702e-01 2.672216473646684687e-01 8.226617652531827973e-01 2.338073973963098184e-01 6.001144586319870911e-01 6.905937417785897869e-01 6.965037502968229877e-01 6.601078210892437070e-01 5.932012878084350627e-01 8.497633147023393729e-02 3.178777595752412255e-01 7.550832550234529705e-01 5.000745571968092662e-01 4.618825489628437531e-01 4.131731515214181472e-01 4.097046063505784819e-01 0.000000000000000000e+00 4.695233282480941739e-01 2.377934099498426046e-01 6.451379826468811585e-01 3.216684871745449925e-01 2.283797969243707426e-01 5.533242355608113394e-01 4.198006396275654750e-01 2.587651823313984467e-01 6.544555802300425773e-01 4.641478514649364229e-01 8.555260030882769762e-01 3.872443619429308259e-01 7.213411484773892823e-01
6.867107044116064207e-01 9.501426902275724728e-01 7.060664797421160044e-01 8.046982344505732021e-01 7.689310157230606624e-01 8.050351354110862889e-01 8.623504566195250298e-01 9.542785445024087876e-01 2.436659668609786611e-01 3.755921082233496522e-01 6.930302107930877975e-01 7.328920918178015720e-01 7.905293907235029227e-01 6.892009087916034504e-01 9.648401067835945533e-01 9.710695559296055324e-01 6.818139018586849565e-01 1.015444947204164894e+00 9.493299924015549118e-01 5.287701667367586955e-01 7.233483884897551341e-01 8.033539065369565968e-01 2.580781920377153704e-01 9.153738627456162735e-01 2.875445806813820560e-01 8.720802958525869508e-01 4.695233282480941739e-01 0.000000000000000000e+00 5.227721939763648740e-01 9.465266712570964414e-01 3.677460134077289999e-01 3.974746498367854874e-01 1.016081930863294680e+00 6.709257927234680841e-01 4.994132577728717104e-01 9.077561666668371165e-01 3.972923217924578254e-01 1.151027945698109400e+00 8.015258536333774719e-01 1.030143035537846696e+00
3.003671311193771842e-01 5.533553239855627526e-01 5.142601976901954863e-01 5.155077679661342893e-01 3.040351525131966826e-01 6.520526667894573913e-01 5.164047376407179257e-01 6.010039772750417342e-01 3.072046201658352738e-01 1.929387191995044770e-01 2.403793225690096791e-01 3.212064146751156812e-01 6.041033053186396495e-01 3.986166147764764189e-01 4.428362022148841226e-01 4.812492415749684560e-01 4.813322669106874230e-01 4.954542552237455877e-01 4.284067719393017670e-01 3.080358208564740741e-01 2.188041604407482132e-01 5.234777592999424467e-01 4.265439418575501240e-01 5.941681838146151140e-01 3.248116445723615020e-01 4.221859449976214096e-01 2.377934099498426046e-01 5.227721939763648740e-01 0.000000000000000000e+00 4.445927366456818852e-01 1.974427147956777095e-01 1.263044940499552515e-01 5.538411968486797177e-01 1.882750786205246163e-01 4.063326544967218318e-02 4.336431114157497935e-01 3.157074998715184710e-01 6.566216922492285057e-01 2.942668260654606738e-01 5.266498745798493530e-01
5.527163706174134106e-01 6.464433186959415156e-01 5.548002554421235244e-01 7.490083443121056117e-01 4.381399550377084728e-01 6.539744289653472986e-01 3.655663362858078691e-01 7.339631771305320518e-01 7.501949325561336757e-01 5.735026253917472339e-01 2.640627019300302303e-01 5.268411921202580395e-01 5.960707073832302028e-01 6.827543358486726222e-01 1.489217501147565292e-01 5.792710784830560483e-02 5.363073745439886908e-01 1.359065184212130406e-01 1.279757543666910080e-01 6.842055381630115507e-01 3.541198165603429704e-01 4.581163770118857892e-01 7.786878571177840991e-01 7.664874630416929069e-01 6.899843966909274817e-01 4.942786622136560171e-01 6.451379826468811585e-01 9.465266712570964414e-01 4.445927366456818852e-01 0.000000000000000000e+00 5.811166836763617116e-01 5.573740238738884578e-01 5.265503353041414147e-01 2.756293116851281644e-01 4.554752197970989291e-01 9.977823095304341749e-02 6.150612219513795775e-01 2.124647978194744713e-01 3.263840547718246388e-01 8.362440983751140422e-02
4.706213623281548242e-01 7.369537037806983548e-01 4.319419663168601042e-01 6.651555431230666837e-01 4.979824209720077888e-01 5.619316018826238102e-01 5.239250236730154109e-01 7.741317940853389423e-01 2.258541191098704104e-01 7.909879691822848877e-03 3.252879146592589366e-01 5.014821309998571675e-01 5.262616579176835341e-01 5.406263041570258387e-01 6.143132935074298029e-01 6.036559454825891624e-01 4.002840305926859132e-01 6.599864396852259674e-01 5.963057819802281001e-01 4.066063608766377069e-01 4.161052861329516683e-01 4.900762323877136950e-01 2.292402932408560690e-01 7.576359808846341304e-01 1.275740680302979435e-01 6.152574156777049774e-01 3.216684871745449925e-01 3.677460134077289999e-01 1.974427147956777095e-01 5.811166836763617116e-01 0.000000000000000000e+00 9.799922211013430140e-02 7.499796232918320982e-01 3.059878659903365605e-01 1.605288603710623430e-01 5.400473338621006869e-01 1.426326099641581913e-01 7.835768661960840209e-01 4.906582973309306372e-01 6.645606050230233874e-01
3.740995117107532852e-01 6.422806053108059965e-01 5.067171248867045064e-01 5.672486621460430811e-01 4.104819975308730551e-01 6.410765807184146681e-01 5.641511678247947970e-01 6.770947680671415281e-01 1.966870091090176798e-01 9.788383350153338769e-02 3.228006808762259316e-01 4.068631181043191880e-01 6.007815650030424726e-01 4.428697534785369094e-01 5.673665468511557286e-01 5.883760371945083723e-01 4.740118097302488676e-01 6.184183784206157553e-01 5.520137300437996108e-01 3.127087998525583390e-01 3.394114231498728262e-01 5.470248457748192461e-01 3.142605633080741145e-01 6.597751227530103124e-01 2.143187654651780016e-01 5.260834130432648914e-01 2.283797969243707426e-01 3.974746498367854874e-01 1.263044940499552515e-01 5.573740238738884578e-01 9.799922211013430140e-02 0.000000000000000000e+00 6.640229677940298059e-01 2.858705095924289896e-01 1.028204504487487680e-01 5.327971860023968942e-01 2.394130761040791366e-01 7.670021959029971192e-01 4.166917113653911264e-01 6.406566692715327527e-01
3.354351779534991973e-01 1.675157349089921310e-01 9.789295860485587308e-01 3.654282571436621718e-01 2.536970022390749868e-01 1.106000592040708552e+00 8.576202775886554441e-01 2.571033401274698815e-01 7.724492418742452404e-01 7.460561420069038441e-01 6.121780411951974754e-01 2.861872435475099063e-01 1.048949690134440393e+00 3.950165762651756118e-01 3.812385328910827820e-01 5.826074708031530047e-01 9.504564418552156058e-01 4.226511198656973112e-01 3.993521429239157983e-01 5.197743446576527093e-01 3.412285368169652999e-01 9.250448364762219322e-01 9.772473711908734595e-01 3.136607639649575119e-01 8.759523771218722388e-01 1.441060745105247898e-01 5.533242355608113394e-01 1.016081930863294680e+00 5.538411968486797177e-01 5.265503353041414147e-01 7.499796232918320982e-01 6.640229677940298059e-01 0.000000000000000000e+00 5.618892170075474590e-01 5.932772253144382724e-01 6.119906510494859120e-01 8.660427992483971105e-01 6.471226416675910365e-01 2.809932298361905723e-01 5.458418253200857384e-01
4.142386358432265103e-01 6.150087659790562933e-01 4.191638432017296689e-01 6.367163812649137000e-01 3.545004613602718013e-01 5.507313080353318790e-01 3.523377251253562159e-01 6.831079594813248557e-01 4.818303354480707457e-01 2.984694335047642366e-01 6.288874640595193410e-02 4.134576535995650448e-01 4.955881835229560828e-01 5.358536064763966822e-01 3.207422472519189105e-01 3.028196255412429205e-01 3.896285554986089750e-01 3.595041312215565554e-01 2.999669747733467728e-01 4.804503396405737092e-01 2.406687340309271450e-01 3.862555972226251466e-01 5.129454184763074798e-01 6.928870049436502976e-01 4.193956812159699843e-01 4.612304301061121992e-01 4.198006396275654750e-01 6.709257927234680841e-01 1.882750786205246163e-01 2.756293116851281644e-01 3.059878659903365605e-01 2.858705095924289896e-01 5.618892170075474590e-01 0.000000000000000000e+00 1.876014531085858084e-01 2.479829421437004244e-01 3.578301966357457786e-01 4.821279376057449606e-01 2.818563706511101330e-01 3.592310845571596301e-01
3.394679890707179015e-01 5.939379708531890012e-01 4.805891316466350816e-01 5.525107215035800490e-01 3.442966005906852311e-01 6.182474512165972991e-01 4.967610197940904304e-01 6.409547543388839363e-01 2.953410561544855817e-01 1.554406241311439008e-01 2.320297091875743456e-01 3.614568999761146317e-01 5.716098317561569830e-01 4.339383435614524442e-01 4.658431321418146087e-01 4.881960368582821674e-01 4.475394191355803186e-01 5.160550125482615824e-01 4.499560203560744598e-01 3.341227006626454887e-01 2.561792435347139962e-01 4.967952812040237753e-01 3.896768313208907597e-01 6.331333155629610410e-01 2.880846682502948841e-01 4.625025363108696275e-01 2.587651823313984467e-01 4.994132577728717104e-01 4.063326544967218318e-02 4.554752197970989291e-01 1.605288603710623430e-01 1.028204504487487680e-01 5.932772253144382724e-01 1.876014531085858084e-01 0.000000000000000000e+00 4.355832757510321729e-01 2.751733713802688164e-01 6.659717836169696259e-01 3.301583399664169138e-01 5.385547544086698446e-01
5.944268985479334022e-01 7.201231588092317226e-01 4.600044939204521177e-01 8.028714245987270681e-01 4.922903150919373805e-01 5.551735014478924590e-01 2.658221558630375347e-01 8.043508093481896992e-01 7.292813448813073585e-01 5.321859695472024310e-01 2.148170716833041338e-01 5.756816252560833513e-01 4.974671449963762870e-01 7.244970149976932561e-01 2.438747469224875342e-01 7.584806122070070211e-02 4.434229786885640623e-01 2.356697657981271787e-01 2.209533958636809570e-01 7.041613668708988083e-01 3.939939566020324579e-01 3.591290725770620584e-01 7.203894242753495769e-01 8.315242591013652929e-01 6.381711463053315603e-01 5.640658633598597538e-01 6.544555802300425773e-01 9.077561666668371165e-01 4.336431114157497935e-01 9.977823095304341749e-02 5.400473338621006869e-01 5.327971860023968942e-01 6.119906510494859120e-01 2.479829421437004244e-01 4.355832757510321729e-01 0.000000000000000000e+00 5.530256954598926633e-01 2.473957914582905204e-01 3.843762442922233902e-01 1.547948081311435742e-01
6.062060775954256631e-01 8.676888119823662482e-01 3.210452729248618464e-01 8.061942321252959509e-01 6.192606003286112992e-01 4.399951149524827243e-01 4.663395409480564635e-01 9.100026118479035420e-01 3.376266591668389827e-01 1.416667701210517771e-01 3.514945427763595531e-01 6.333730617708098753e-01 4.124728886871611433e-01 6.821340300875777807e-01 6.785699508780498324e-01 6.247573274437315805e-01 2.928965145553932836e-01 7.154228546127854305e-01 6.576176577404703183e-01 5.491141425062543435e-01 5.255515516428233003e-01 4.070037439619677011e-01 1.686757116245548027e-01 8.963927243705929193e-01 1.116563644669975597e-01 7.375052099260406280e-01 4.641478514649364229e-01 3.972923217924578254e-01 3.157074998715184710e-01 6.150612219513795775e-01 1.426326099641581913e-01 2.394130761040791366e-01 8.660427992483971105e-01 3.578301966357457786e-01 2.751733713802688164e-01 5.530256954598926633e-01 0.000000000000000000e+00 8.002325126430074320e-01 5.943351512531308556e-01 6.953345554511212168e-01
7.465143763165572599e-01 7.927341055059955455e-01 6.721342889566138679e-01 9.260966993573706008e-01 6.229499203527814055e-01 7.402000020091521471e-01 4.446656790656901559e-01 8.845545935897740630e-01 9.612151906872856699e-01 7.757917974688411933e-01 4.591325855073014606e-01 7.145243838091803745e-01 6.867309047081002760e-01 8.742939556897788567e-01 2.889138492881083708e-01 1.799590961142553125e-01 6.622545240853630055e-01 2.323590180351605694e-01 2.830724706445031935e-01 8.905609754306967885e-01 5.543841188561376976e-01 5.516435735785951699e-01 9.677677911631884511e-01 9.263484985939375305e-01 8.850704467028001066e-01 6.543516683387368138e-01 8.555260030882769762e-01 1.151027945698109400e+00 6.566216922492285057e-01 2.124647978194744713e-01 7.835768661960840209e-01 7.670021959029971192e-01 6.471226416675910365e-01 4.821279376057449606e-01 6.659717836169696259e-01 2.473957914582905204e-01 8.002325126430074320e-01 0.000000000000000000e+00 5.123263976741971870e-01 1.344429758446087642e-01
2.351071431287154179e-01 3.446839269799039096e-01 7.005501272582340677e-01 4.226848032548606859e-01 1.120107439591521287e-01 8.302042656473697102e-01 5.994502638148961893e-01 4.234664126076934099e-01 5.659227304239470291e-01 4.855867452643033988e-01 3.350804643711684516e-01 2.025452615961568503e-01 7.739850588592994685e-01 3.619688953538358067e-01 2.288160088559583472e-01 3.832080315008692395e-01 6.713685558228654759e-01 2.901750513946353971e-01 2.299100429813258073e-01 3.978754075166587856e-01 7.822237947130225577e-02 6.556370050665683014e-01 7.198344318220374349e-01 4.473900849983730721e-01 6.182298129700327660e-01 1.867827345818412199e-01 3.872443619429308259e-01 8.015258536333774719e-01 2.942668260654606738e-01 3.263840547718246388e-01 4.906582973309306372e-01 4.166917113653911264e-01 2.809932298361905723e-01 2.818563706511101330e-01 3.301583399664169138e-01 3.843762442922233902e-01 5.943351512531308556e-01 5.123263976741971870e-01 0.000000000000000000e+00 3.820515775517616119e-01
