0.000000000000000000e+00 7.757143823778244185e-01 2.502897723776610350e-01 2.669413452277057397e-01 6.179578945380828081e-01 2.505404568892953265e-01 3.510309617561307993e-01 4.999726476880232973e-01 6.920050770079259062e-01 5.657260190858124371e-01 4.517153107258485289e-01 5.797209291651612695e-01 5.918088050822239987e-01 4.843893665841001450e-01 9.285966609909805936e-01 2.497307653073946032e-01 6.891257996182527101e-01 5.614909029565827714e-01 5.291831830289795979e-01 9.203608520773649548e-01 3.677558581484702827e-01 5.213280048009444334e-01 5.261577432804711574e-01 1.087968660801826637e+00 5.593111018453230665e-01 3.138398339496922262e-01 5.159530037127293411e-01 3.659489218061932059e-01 7.679791783088594226e-01 1.024389521614310405e+00 1.050649308052085784e+00 4.036347907034480431e-01 2.301140607396939541e-01 4.961463907330267986e-01 9.222286525313776462e-01 4.090445891193378314e-01 4.712799563142056058e-01 6.776008471461542060e-01 8.263348978616650298e-01 6.556917116126433909e-01
7.757143823778244185e-01 0.000000000000000000e+00 8.834385020778853237e-01 5.896502317527584358e-01 1.859635628374930183e-01 6.160102346675256912e-01 5.712301445443792591e-01 4.989179948125290198e-01 2.141752944302817707e-01 2.158820934140993630e-01 7.495357472322606851e-01 3.581155038061332174e-01 3.695849889357651907e-01 3.813834874638899475e-01 1.529963004594191989e-01 5.371754345505544981e-01 1.273712345336878160e-01 6.814346351181593819e-01 7.011231152892305474e-01 6.337367582066066873e-01 7.651584392403305568e-01 3.160942880947167910e-01 2.665698147213087510e-01 3.391645736099600517e-01 8.253413425487228228e-01 7.007356335980575723e-01 6.368408022540640312e-01 6.795205599672308194e-01 3.068821082290275060e-01 5.819200878309152003e-01 2.990963809899490067e-01 4.642507276971014618e-01 7.000110969172300690e-01 3.685148071122431590e-01 6.247831264214146474e-01 3.855908744831099133e-01 3.323213022272669126e-01 5.362859050403159245e-01 3.667005926525346293e-01 3.227168546527072190e-01
2.502897723776610350e-01 8.834385020778853237e-01 0.000000000000000000e+00 4.941625972488965512e-01 7.029825541755054807e-01 2.674700772272874394e-01 3.317830083922528317e-01 4.695233754868018972e-01 8.540854212875477192e-01 6.683463522859781625e-01 2.965557794067286701e-01 7.729505997557822861e-01 7.883494127106666083e-01 6.744938853582416183e-01 1.032949457529357185e+00 3.631773949149669223e-01 8.257101487287080710e-01 4.386531287476980734e-01 7.763547830947598039e-01 8.437065187717692760e-01 2.076993200181854460e-01 5.799810817717834244e-01 6.739034437461833837e-01 1.217436344507100143e+00 8.095161924135114706e-01 2.143483303053061728e-01 4.150483114078957203e-01 2.643181556834400814e-01 7.844621467321377661e-01 9.811615593152962500e-01 1.178020712724219266e+00 6.092724004749089373e-01 1.842570447858488947e-01 5.361949059112536276e-01 8.487224556497732220e-01 4.986497451951403814e-01 5.515891901974199207e-01 9.031350437041377743e-01 8.258428172465771544e-01 6.733609485094125269e-01
2.669413452277057397e-01 5.896502317527584358e-01 4.941625972488965512e-01 0.000000000000000000e+00 4.749398518964169646e-01 3.365464975411919246e-01 4.071134601752318116e-01 5.121136881393166806e-01 4.576822819366043182e-01 4.109327404265121220e-01 5.909904090865141235e-01 3.241294494846614360e-01 3.334710881858491405e-01 2.370180110115339689e-01 7.362121066301955397e-01 2.289200389034835581e-01 4.800919522667028705e-01 6.501408395078998037e-01 3.032905336586501632e-01 9.176018982185233375e-01 5.316902446611601052e-01 4.291823090455587630e-01 3.230998143105120457e-01 8.670345665199092888e-01 3.781711991625843483e-01 4.547984159379921953e-01 5.929929473481291291e-01 4.868767207164772515e-01 6.806437258033213311e-01 9.781236671279281980e-01 8.325156352318313635e-01 1.471171997817464772e-01 3.836132975257199318e-01 4.326439399401805774e-01 9.159414965751949689e-01 3.151976844202209471e-01 3.669274881450308445e-01 4.119615751589889019e-01 7.508906603126598300e-01 5.826206508470833656e-01
6.179578945380828081e-01 1.859635628374930183e-01 7.029825541755054807e-01 4.749398518964169646e-01 0.000000000000000000e+00 4.358975499930714537e-01 3.857442527254827391e-01 3.183318315108662477e-01 2.777178798106608726e-01 6.544082815138826947e-02 5.650519819542857425e-01 3.518897209385424274e-01 3.698956791552208134e-01 3.241531025262951449e-01 3.305494434218056998e-01 3.705779732894639578e-01 1.896408739377155872e-01 5.060492001061733802e-01 6.601813750005002257e-01 5.417240067394878400e-01 5.792049858522718697e-01 1.301593118149439732e-01 1.882075832881819621e-01 5.251200271540023001e-01 7.778918429844436933e-01 5.154740829533041024e-01 4.578449818675038863e-01 4.935570151807390227e-01 2.321057441718200609e-01 5.431237062063357657e-01 4.850453630792329607e-01 3.818144391717819830e-01 5.188196376176325009e-01 1.829430274910518739e-01 5.353862340363664263e-01 2.118439216648449475e-01 1.526705565038245227e-01 5.583108307265376435e-01 3.062023293836870219e-01 1.821427431576487788e-01
2.505404568892953265e-01 6.160102346675256912e-01 2.674700772272874394e-01 3.365464975411919246e-01 4.358975499930714537e-01 0.000000000000000000e+00 1.004921061269431204e-01 2.505527289505383171e-01 5.995232331592514896e-01 4.012113629633934919e-01 2.544966488755595613e-01 5.414298751952140165e-01 5.590861068836400216e-01 4.457333635289559282e-01 7.655460962413815906e-01 1.235640910150168220e-01 5.625366946612011532e-01 3.277154179696692426e-01 6.395387937437269077e-01 6.698203969800485824e-01 2.033251930704004784e-01 3.154392429035089429e-01 4.178252916598075850e-01 9.508450709392958222e-01 7.098256891898360177e-01 1.231698888275306880e-01 2.756480299671442147e-01 1.503753494377756683e-01 5.392050255353459942e-01 7.774909457901775234e-01 9.112927195710235351e-01 4.021585123368647818e-01 8.463914726407735512e-02 2.758571764311283925e-01 6.717178570112677383e-01 2.319647637978153598e-01 2.841482821880238485e-01 7.036709185376530673e-01 5.906175043892086807e-01 4.257777521409011334e-01
3.510309617561307993e-01 5.712301445443792591e-01 3.317830083922528317e-01 4.071134601752318116e-01 3.857442527254827391e-01 1.004921061269431204e-01 0.000000000000000000e+00 1.517040325360816400e-01 5.895647570584717778e-01 3.645751763541864032e-01 2.095402788593945520e-01 5.585051704366427172e-01 5.774904740179584994e-01 4.691766736577404617e-01 7.151198403251394220e-01 1.783638685036549321e-01 5.374772455910278302e-01 2.430840503339317393e-01 7.047725787840054545e-01 5.693310422946274985e-01 1.967046002293628693e-01 2.568701080697913253e-01 4.115667246812538815e-01 9.101569833491903738e-01 7.851203337288322759e-01 1.298823280876482411e-01 1.865919689200391807e-01 1.144105554493391741e-01 4.543369511002466887e-01 6.793618391041530424e-01 8.701455335552387149e-01 4.438964275081034860e-01 1.548210873757825679e-01 2.083141846577651890e-01 5.712618321678383237e-01 2.093691612565372617e-01 2.442000164134928430e-01 7.387683401893979651e-01 5.004566297788237694e-01 3.422181359658357791e-01
4.999726476880232973e-01 4.989179948125290198e-01 4.695233754868018972e-01 5.121136881393166806e-01 3.183318315108662477e-01 2.505527289505383171e-01 1.517040325360816400e-01 0.000000000000000000e+00 5.715640753592687862e-01 3.236658876784990757e-01 2.555890648598680981e-01 5.826635593579696515e-01 6.025147708535619762e-01 5.083862623609343157e-01 6.283003383936852648e-01 2.925560290811027309e-01 4.990313154897058068e-01 1.913473611266299224e-01 7.921992364416969856e-01 4.228215441304586375e-01 2.936004904564243900e-01 1.963124909914481797e-01 4.132644755780321977e-01 8.339183924013902072e-01 8.859625488067800481e-01 2.556136513734623694e-01 1.397687162533541860e-01 2.120688246036737390e-01 3.191549499198175766e-01 5.276578458204492783e-01 7.939922225109415921e-01 5.098517899641605844e-01 3.032409377459631128e-01 1.446014788278698060e-01 4.238305095410082046e-01 2.287955254888877910e-01 2.231262948427018278e-01 7.814630567882741019e-01 3.563608764531852047e-01 2.141756606699238008e-01
6.920050770079259062e-01 2.141752944302817707e-01 8.540854212875477192e-01 4.576822819366043182e-01 2.777178798106608726e-01 5.995232331592514896e-01 5.895647570584717778e-01 5.715640753592687862e-01 0.000000000000000000e+00 2.494481457974289385e-01 7.933534394858766658e-01 1.602974731889788562e-01 1.663047953212298535e-01 2.216974079052940194e-01 3.164562138410127456e-01 4.909292233976128017e-01 9.804746934230805511e-02 7.628784487175731543e-01 5.016064523605493486e-01 8.102241211900145235e-01 7.840166340100744868e-01 3.763709955855574774e-01 1.816979416641255896e-01 4.106781230071117061e-01 6.263058760899208322e-01 7.085729812317778098e-01 7.091889170715286461e-01 7.039702006937812451e-01 4.853491425790145142e-01 7.829112730213212412e-01 3.777831899854366404e-01 3.131511569918111193e-01 6.823368952818098521e-01 4.269625981495751565e-01 8.027790004123054324e-01 3.802465292955030107e-01 3.545320453449014586e-01 3.221312784475409696e-01 5.545964232605818944e-01 4.590139909945701868e-01
5.657260190858124371e-01 2.158820934140993630e-01 6.683463522859781625e-01 4.109327404265121220e-01 6.544082815138826947e-02 4.012113629633934919e-01 3.645751763541864032e-01 3.236658876784990757e-01 2.494481457974289385e-01 0.000000000000000000e+00 5.571910796879431249e-01 2.983197048143346741e-01 3.171680270319634509e-01 2.617869323472536425e-01 3.677738594534930572e-01 3.225871209560950414e-01 1.769631016061973539e-01 5.149015091784790998e-01 5.967741164716980906e-01 5.933738917215988229e-01 5.610648593647583615e-01 1.274747126115711449e-01 1.274167898971995116e-01 5.498894345932773264e-01 7.136010068672991036e-01 4.921157045332986701e-01 4.625975037910660115e-01 4.768332898632138273e-01 2.936892509965909337e-01 6.046306348629231220e-01 5.102262327573533485e-01 3.165862248332718676e-01 4.855824910689962026e-01 1.796059737360937436e-01 5.877809856142425238e-01 1.698739437878297176e-01 1.205440435473821292e-01 5.060702245511452535e-01 3.678280463663144428e-01 2.290211956456059128e-01
4.517153107258485289e-01 7.495357472322606851e-01 2.965557794067286701e-01 5.909904090865141235e-01 5.650519819542857425e-01 2.544966488755595613e-01 2.095402788593945520e-01 2.555890648598680981e-01 7.933534394858766658e-01 5.571910796879431249e-01 0.000000000000000000e+00 7.680452069253821401e-01 7.870195132058692700e-01 6.782217085305559667e-01 8.830390738765407921e-01 3.718419113573726009e-01 7.337451329228332764e-01 1.458043292344945174e-01 8.940350761636887134e-01 5.558082236022469091e-01 9.110538625987787964e-02 4.360704773583596316e-01 6.183590530369966753e-01 1.086987808436159275e+00 9.621853006699461197e-01 1.418446252350038794e-01 1.407910103138169666e-01 1.047050686809777170e-01 5.639244659468179988e-01 7.057721627032982337e-01 1.046950341986141009e+00 6.480426864428699973e-01 2.251639613188322064e-01 3.824930984203882556e-01 5.619747527595679859e-01 4.154978453144742567e-01 4.405625086790221356e-01 9.461450271559160852e-01 5.869632670513591499e-01 4.667876224048877476e-01
5.797209291651612695e-01 3.581155038061332174e-01 7.729505997557822861e-01 3.241294494846614360e-01 3.518897209385424274e-01 5.414298751952140165e-01 5.585051704366427172e-01 5.826635593579696515e-01 1.602974731889788562e-01 2.983197048143346741e-01 7.680452069253821401e-01 0.000000000000000000e+00 1.986735159995021288e-02 9.846001197899609259e-02 4.754073772176045654e-01 4.205227028979656723e-01 2.307899024820598555e-01 7.675740384406668504e-01 3.441734082039967224e-01 8.914862894074072619e-01 7.405995312590220037e-01 4.053472901822473551e-01 1.755905588151849828e-01 5.631231773037113086e-01 4.688437265502344853e-01 6.610527795715706034e-01 7.099184116566414904e-01 6.690675977062529034e-01 5.820644355105586421e-01 8.912565663849976172e-01 5.326295707787577216e-01 1.777830211663209148e-01 6.175643552825459404e-01 4.453918660913285810e-01 8.856959108892890065e-01 3.599849181060071346e-01 3.611455917958867334e-01 2.078036016796776797e-01 6.554788220672513877e-01 5.273388570302197653e-01
5.918088050822239987e-01 3.695849889357651907e-01 7.883494127106666083e-01 3.334710881858491405e-01 3.698956791552208134e-01 5.590861068836400216e-01 5.774904740179584994e-01 6.025147708535619762e-01 1.663047953212298535e-01 3.171680270319634509e-01 7.870195132058692700e-01 1.986735159995021288e-02 0.000000000000000000e+00 1.143773244878064366e-01 4.826598336514209553e-01 4.377014742600676134e-01 2.426375868558115212e-01 7.873143541960988534e-01 3.355043754119828581e-01 9.100901314014718801e-01 7.587832009991142268e-01 4.250484073683006292e-01 1.951619976850009486e-01 5.631122464664428673e-01 4.602469783062680397e-01 6.791168560696663192e-01 7.296203984154429056e-01 6.877480221127832971e-01 5.994428809477623243e-01 9.081293795397933355e-01 5.335820731142116857e-01 1.885314937687384562e-01 6.346010198333753571e-01 4.652370707112351567e-01 9.042156822885198952e-01 3.796241485896229562e-01 3.810101214548241577e-01 1.889316920392182519e-01 6.726832141841325718e-01 5.461441458397190418e-01
4.843893665841001450e-01 3.813834874638899475e-01 6.744938853582416183e-01 2.370180110115339689e-01 3.241531025262951449e-01 4.457333635289559282e-01 4.691766736577404617e-01 5.083862623609343157e-01 2.216974079052940194e-01 2.617869323472536425e-01 6.782217085305559667e-01 9.846001197899609259e-02 1.143773244878064366e-01 0.000000000000000000e+00 5.171082856608469891e-01 3.237340682629277766e-01 2.593520516077161830e-01 6.876443984635793871e-01 3.364915786416051713e-01 8.479070074645101984e-01 6.465358737391941890e-01 3.467918522222944167e-01 1.361899279769883397e-01 6.322528420307141905e-01 4.562804192724810859e-01 5.665901328508243795e-01 6.291986673859166768e-01 5.774573136764765691e-01 5.553738361432406512e-01 8.663994598480677656e-01 5.987894756254059647e-01 9.145750570376055821e-02 5.204371527896695104e-01 3.791720374340200594e-01 8.432366844484130430e-01 2.803994855742797943e-01 2.941319712991103397e-01 2.736929972336503702e-01 6.295378289687979523e-01 4.844485558188440510e-01
9.285966609909805936e-01 1.529963004594191989e-01 1.032949457529357185e+00 7.362121066301955397e-01 3.305494434218056998e-01 7.655460962413815906e-01 7.151198403251394220e-01 6.283003383936852648e-01 3.164562138410127456e-01 3.677738594534930572e-01 8.830390738765407921e-01 4.754073772176045654e-01 4.826598336514209553e-01 5.171082856608469891e-01 0.000000000000000000e+00 6.898602668187931997e-01 2.582385550044951628e-01 8.011950889427704725e-01 8.180619553453870596e-01 6.811122553922401845e-01 9.059537491364764161e-01 4.582546876266633817e-01 4.141224413307341146e-01 2.107405179016536567e-01 9.427607798718542487e-01 8.450016637161011923e-01 7.618752735400684539e-01 8.200457361512116794e-01 3.773084771722950426e-01 5.899345084826943530e-01 1.725664025014238545e-01 6.044597791554859878e-01 8.489780304974522407e-01 5.084036219221554909e-01 6.705585190080708413e-01 5.367536009349782589e-01 4.814043253201360506e-01 6.243802824869294499e-01 4.160679973892343897e-01 4.305939584012151711e-01
2.497307653073946032e-01 5.371754345505544981e-01 3.631773949149669223e-01 2.289200389034835581e-01 3.705779732894639578e-01 1.235640910150168220e-01 1.783638685036549321e-01 2.925560290811027309e-01 4.909292233976128017e-01 3.225871209560950414e-01 3.718419113573726009e-01 4.205227028979656723e-01 4.377014742600676134e-01 3.237340682629277766e-01 6.898602668187931997e-01 0.000000000000000000e+00 4.659976431714909495e-01 4.212623429374169892e-01 5.270954016487370275e-01 7.112012330412210703e-01 3.267746448921470814e-01 2.721407762932445684e-01 3.109286050814593083e-01 8.625607214756670915e-01 6.070743142881254162e-01 2.465184828971631326e-01 3.640837318680248957e-01 2.672829857322804314e-01 5.224791428150060701e-01 7.944984238219784389e-01 8.238406758874039504e-01 2.788604676279868855e-01 1.971148512180336820e-01 2.513558013123629586e-01 7.110496510086158350e-01 1.597351601853612690e-01 2.217519041970871518e-01 5.801657021812373083e-01 5.843507440253723484e-01 4.120562066226342024e-01
6.891257996182527101e-01 1.273712345336878160e-01 8.257101487287080710e-01 4.800919522667028705e-01 1.896408739377155872e-01 5.625366946612011532e-01 5.374772455910278302e-01 4.990313154897058068e-01 9.804746934230805511e-02 1.769631016061973539e-01 7.337451329228332764e-01 2.307899024820598555e-01 2.426375868558115212e-01 2.593520516077161830e-01 2.582385550044951628e-01 4.659976431714909495e-01 0.000000000000000000e+00 6.896572621116860979e-01 5.738472232499822745e-01 7.135942174829117413e-01 7.341286807698370609e-01 3.029400559536295501e-01 1.633674242722153447e-01 3.990954914205798176e-01 6.981591278073857598e-01 6.624660590438308239e-01 6.385174449511009653e-01 6.509985561397545473e-01 3.877588838933103133e-01 6.850731448117187705e-01 3.615307795101329047e-01 3.462273262117949724e-01 6.470173034228121622e-01 3.559765589289128340e-01 7.059476923609039334e-01 3.327565905783794187e-01 2.941863318831686724e-01 4.147539559987841185e-01 4.566222825862198409e-01 3.672684246103385397e-01
5.614909029565827714e-01 6.814346351181593819e-01 4.386531287476980734e-01 6.501408395078998037e-01 5.060492001061733802e-01 3.277154179696692426e-01 2.430840503339317393e-01 1.913473611266299224e-01 7.628784487175731543e-01 5.149015091784790998e-01 1.458043292344945174e-01 7.675740384406668504e-01 7.873143541960988534e-01 6.876443984635793871e-01 8.011950889427704725e-01 4.212623429374169892e-01 6.896572621116860979e-01 0.000000000000000000e+00 9.461875338486789300e-01 4.100602848899908559e-01 2.309717057985453403e-01 3.874541105539864860e-01 6.018607940866202988e-01 1.010313887779096031e+00 1.028199063388305801e+00 2.513438797195314267e-01 5.889832535915698331e-02 1.965096082907010488e-01 4.530876456175275124e-01 5.627995330444451882e-01 9.708204575758375698e-01 6.766135186435354720e-01 3.322506424428622318e-01 3.359301153074208957e-01 4.163491663664646847e-01 4.081640527668183860e-01 4.123112470366036009e-01 9.612491130245024440e-01 4.639375912625916532e-01 3.714564973220166322e-01
5.291831830289795979e-01 7.011231152892305474e-01 7.763547830947598039e-01 3.032905336586501632e-01 6.601813750005002257e-01 6.395387937437269077e-01 7.047725787840054545e-01 7.921992364416969856e-01 5.016064523605493486e-01 5.967741164716980906e-01 8.940350761636887134e-01 3.441734082039967224e-01 3.355043754119828581e-01 3.364915786416051713e-01 8.180619553453870596e-01 5.270954016487370275e-01 5.738472232499822745e-01 9.461875338486789300e-01 0.000000000000000000e+00 1.170557594104953747e+00 8.344530731692852976e-01 6.653270451384865058e-01 4.726399483496410703e-01 8.811929430846227040e-01 1.247484171523266933e-01 7.580228604025162076e-01 8.879863563501979584e-01 7.897061788521563264e-01 8.902899720616765933e-01 1.200743646786084362e+00 8.558910995099724417e-01 2.902591831955679824e-01 6.853622708912414652e-01 6.861057641176406818e-01 1.166963498314873782e+00 5.713427007405488256e-01 6.057785876653967172e-01 2.470073329875696333e-01 9.643326570161347977e-01 8.123972210888089629e-01
9.203608520773649548e-01 6.337367582066066873e-01 8.437065187717692760e-01 9.176018982185233375e-01 5.417240067394878400e-01 6.698203969800485824e-01 5.693310422946274985e-01 4.228215441304586375e-01 8.102241211900145235e-01 5.933738917215988229e-01 5.558082236022469091e-01 8.914862894074072619e-01 9.100901314014718801e-01 8.479070074645101984e-01 6.811122553922401845e-01 7.112012330412210703e-01 7.135942174829117413e-01 4.100602848899908559e-01 1.170557594104953747e+00 0.000000000000000000e+00 6.378114785563409050e-01 5.053139188255983960e-01 7.194264313078030382e-01 8.792009528267977769e-01 1.277081649038722233e+00 6.394533403871022204e-01 4.288467981859601652e-01 5.844094198373275262e-01 3.281139690380552865e-01 1.776176865095254742e-01 8.460603324137097037e-01 8.803156763380852734e-01 7.079821022997055957e-01 4.877236927045180970e-01 1.214915357186728551e-02 6.056205033515495995e-01 5.650078050442021160e-01 1.098988069488631369e+00 2.689063317887200322e-01 3.646521954986117753e-01
3.677558581484702827e-01 7.651584392403305568e-01 2.076993200181854460e-01 5.316902446611601052e-01 5.792049858522718697e-01 2.033251930704004784e-01 1.967046002293628693e-01 2.936004904564243900e-01 7.840166340100744868e-01 5.610648593647583615e-01 9.110538625987787964e-02 7.405995312590220037e-01 7.587832009991142268e-01 6.465358737391941890e-01 9.059537491364764161e-01 3.267746448921470814e-01 7.341286807698370609e-01 2.309717057985453403e-01 8.344530731692852976e-01 6.378114785563409050e-01 0.000000000000000000e+00 4.491753593062990935e-01 6.041543589221687327e-01 1.104322249797168087e+00 8.948126794472072154e-01 8.028634173981259725e-02 2.111572284130333876e-01 8.590840431822351075e-02 6.121674171636862782e-01 7.808724517808601773e-01 1.064249738026647796e+00 6.054837053873122210e-01 1.506181858551467467e-01 3.977088576404400611e-01 6.432570932739511971e-01 4.041943933262572841e-01 4.408315448560434224e-01 9.069403470137069601e-01 6.437400009567085801e-01 5.074067678717112395e-01
5.213280048009444334e-01 3.160942880947167910e-01 5.799810817717834244e-01 4.291823090455587630e-01 1.301593118149439732e-01 3.154392429035089429e-01 2.568701080697913253e-01 1.963124909914481797e-01 3.763709955855574774e-01 1.274747126115711449e-01 4.360704773583596316e-01 4.053472901822473551e-01 4.250484073683006292e-01 3.467918522222944167e-01 4.582546876266633817e-01 2.721407762932445684e-01 3.029400559536295501e-01 3.874541105539864860e-01 6.653270451384865058e-01 5.053139188255983960e-01 4.491753593062990935e-01 0.000000000000000000e+00 2.301389684069179986e-01 6.552160696358640957e-01 7.736303442839731481e-01 3.867522734969014997e-01 3.355968935184495683e-01 3.634612215155842430e-01 2.552733237335979566e-01 5.492933359010333527e-01 6.151338282375072852e-01 3.751693815671506282e-01 3.959316499848512527e-01 5.372388428347453504e-02 5.016366250000896532e-01 1.187803147486067024e-01 6.242273983577949908e-02 6.111669310953811163e-01 3.228618458361910970e-01 1.535113437597381836e-01
5.261577432804711574e-01 2.665698147213087510e-01 6.739034437461833837e-01 3.230998143105120457e-01 1.882075832881819621e-01 4.178252916598075850e-01 4.115667246812538815e-01 4.132644755780321977e-01 1.816979416641255896e-01 1.274167898971995116e-01 6.183590530369966753e-01 1.755905588151849828e-01 1.951619976850009486e-01 1.361899279769883397e-01 4.141224413307341146e-01 3.109286050814593083e-01 1.633674242722153447e-01 6.018607940866202988e-01 4.726399483496410703e-01 7.194264313078030382e-01 6.041543589221687327e-01 2.301389684069179986e-01 0.000000000000000000e+00 5.618142608154017559e-01 5.917382269758761915e-01 5.278180290563719845e-01 5.455576833849632434e-01 5.256584757200345459e-01 4.199691142494526019e-01 7.310800437873883340e-01 5.246309497407002365e-01 2.035657458028220235e-01 5.007312298958274122e-01 2.723881106607726754e-01 7.141263395446061368e-01 2.028731434539855216e-01 1.901381945467628121e-01 3.827055169224710673e-01 4.941332954858185800e-01 3.547782381678304953e-01
1.087968660801826637e+00 3.391645736099600517e-01 1.217436344507100143e+00 8.670345665199092888e-01 5.251200271540023001e-01 9.508450709392958222e-01 9.101569833491903738e-01 8.339183924013902072e-01 4.106781230071117061e-01 5.498894345932773264e-01 1.086987808436159275e+00 5.631231773037113086e-01 5.631122464664428673e-01 6.322528420307141905e-01 2.107405179016536567e-01 8.625607214756670915e-01 3.990954914205798176e-01 1.010313887779096031e+00 8.811929430846227040e-01 8.792009528267977769e-01 1.104322249797168087e+00 6.552160696358640957e-01 5.618142608154017559e-01 0.000000000000000000e+00 1.002043265289080276e+00 1.039448204111560248e+00 9.694623401840954946e-01 1.018668855354451619e+00 5.864753218590443851e-01 7.694511140285174022e-01 4.009188443023767312e-02 7.237000702270243169e-01 1.035342291166052364e+00 7.073891014825710588e-01 8.681261307637273550e-01 7.189458229918711529e-01 6.692469661984267182e-01 6.526545737810629522e-01 6.200013503234836909e-01 6.406747004359052422e-01
5.593111018453230665e-01 8.253413425487228228e-01 8.095161924135114706e-01 3.781711991625843483e-01 7.778918429844436933e-01 7.098256891898360177e-01 7.851203337288322759e-01 8.859625488067800481e-01 6.263058760899208322e-01 7.136010068672991036e-01 9.621853006699461197e-01 4.688437265502344853e-01 4.602469783062680397e-01 4.562804192724810859e-01 9.427607798718542487e-01 6.070743142881254162e-01 6.981591278073857598e-01 1.028199063388305801e+00 1.247484171523266933e-01 1.277081649038722233e+00 8.948126794472072154e-01 7.736303442839731481e-01 5.917382269758761915e-01 1.002043265289080276e+00 0.000000000000000000e+00 8.222466080013209888e-01 9.711571455606822223e-01 8.596453175965623750e-01 1.006054215422162335e+00 1.315320420405994728e+00 9.777224652815785788e-01 4.002894849975164315e-01 7.441951323194481160e-01 7.898549146323831094e-01 1.274104545977969405e+00 6.728012274277049842e-01 7.126131635178268864e-01 3.570042584573930866e-01 1.079804605736596868e+00 9.235898245775426840e-01
3.138398339496922262e-01 7.007356335980575723e-01 2.143483303053061728e-01 4.547984159379921953e-01 5.154740829533041024e-01 1.231698888275306880e-01 1.298823280876482411e-01 2.556136513734623694e-01 7.085729812317778098e-01 4.921157045332986701e-01 1.418446252350038794e-01 6.610527795715706034e-01 6.791168560696663192e-01 5.665901328508243795e-01 8.450016637161011923e-01 2.465184828971631326e-01 6.624660590438308239e-01 2.513438797195314267e-01 7.580228604025162076e-01 6.394533403871022204e-01 8.028634173981259725e-02 3.867522734969014997e-01 5.278180290563719845e-01 1.039448204111560248e+00 8.222466080013209888e-01 0.000000000000000000e+00 2.135713517630307146e-01 5.585289191105077128e-02 5.726896252733639781e-01 7.696157157864643716e-01 9.994725120960519238e-01 5.252888682519951669e-01 8.426137952929556307e-02 3.377855550081808045e-01 6.434987326753268677e-01 3.303735570636541774e-01 3.715888049437460205e-01 8.266790142430336941e-01 6.119466940027895596e-01 4.632209880460060880e-01
5.159530037127293411e-01 6.368408022540640312e-01 4.150483114078957203e-01 5.929929473481291291e-01 4.578449818675038863e-01 2.756480299671442147e-01 1.865919689200391807e-01 1.397687162533541860e-01 7.091889170715286461e-01 4.625975037910660115e-01 1.407910103138169666e-01 7.099184116566414904e-01 7.296203984154429056e-01 6.291986673859166768e-01 7.618752735400684539e-01 3.640837318680248957e-01 6.385174449511009653e-01 5.889832535915698331e-02 8.879863563501979584e-01 4.288467981859601652e-01 2.111572284130333876e-01 3.355968935184495683e-01 5.455576833849632434e-01 9.694623401840954946e-01 9.711571455606822223e-01 2.135713517630307146e-01 0.000000000000000000e+00 1.577450300357835511e-01 4.270819899620424409e-01 5.698562397262604273e-01 9.297054942150266843e-01 6.177220382559431844e-01 2.896722569849204953e-01 2.830140532350456928e-01 4.337028943345940246e-01 3.501597734760874547e-01 3.567411691674241547e-01 9.027304947516839873e-01 4.468151531075076344e-01 3.360982542327803357e-01
3.659489218061932059e-01 6.795205599672308194e-01 2.643181556834400814e-01 4.868767207164772515e-01 4.935570151807390227e-01 1.503753494377756683e-01 1.144105554493391741e-01 2.120688246036737390e-01 7.039702006937812451e-01 4.768332898632138273e-01 1.047050686809777170e-01 6.690675977062529034e-01 6.877480221127832971e-01 5.774573136764765691e-01 8.200457361512116794e-01 2.672829857322804314e-01 6.509985561397545473e-01 1.965096082907010488e-01 7.897061788521563264e-01 5.844094198373275262e-01 8.590840431822351075e-02 3.634612215155842430e-01 5.256584757200345459e-01 1.018668855354451619e+00 8.596453175965623750e-01 5.585289191105077128e-02 1.577450300357835511e-01 0.000000000000000000e+00 5.311961062878872708e-01 7.171091488005283399e-01 9.785892746021814803e-01 5.442815700068949214e-01 1.360137802716582522e-01 3.118321013705114275e-01 5.886407324972561250e-01 3.237506256155802120e-01 3.570359607139197977e-01 8.434165053598636774e-01 5.665165039442063843e-01 4.244068127720168060e-01
7.679791783088594226e-01 3.068821082290275060e-01 7.844621467321377661e-01 6.806437258033213311e-01 2.321057441718200609e-01 5.392050255353459942e-01 4.543369511002466887e-01 3.191549499198175766e-01 4.853491425790145142e-01 2.936892509965909337e-01 5.639244659468179988e-01 5.820644355105586421e-01 5.994428809477623243e-01 5.553738361432406512e-01 3.773084771722950426e-01 5.224791428150060701e-01 3.877588838933103133e-01 4.530876456175275124e-01 8.902899720616765933e-01 3.281139690380552865e-01 6.121674171636862782e-01 2.552733237335979566e-01 4.199691142494526019e-01 5.864753218590443851e-01 1.006054215422162335e+00 5.726896252733639781e-01 4.270819899620424409e-01 5.311961062878872708e-01 0.000000000000000000e+00 3.111110142396872336e-01 5.494127793711919283e-01 6.067057854402113648e-01 6.086320675765550803e-01 2.719125411437198214e-01 3.197382191001361673e-01 3.740286640769804882e-01 3.156492971619000998e-01 7.864469659769228738e-01 7.417142830110216856e-02 1.134731829692717103e-01
1.024389521614310405e+00 5.819200878309152003e-01 9.811615593152962500e-01 9.781236671279281980e-01 5.431237062063357657e-01 7.774909457901775234e-01 6.793618391041530424e-01 5.276578458204492783e-01 7.829112730213212412e-01 6.046306348629231220e-01 7.057721627032982337e-01 8.912565663849976172e-01 9.081293795397933355e-01 8.663994598480677656e-01 5.899345084826943530e-01 7.944984238219784389e-01 6.850731448117187705e-01 5.627995330444451882e-01 1.200743646786084362e+00 1.776176865095254742e-01 7.808724517808601773e-01 5.492933359010333527e-01 7.310800437873883340e-01 7.694511140285174022e-01 1.315320420405994728e+00 7.696157157864643716e-01 5.698562397262604273e-01 7.171091488005283399e-01 3.111110142396872336e-01 0.000000000000000000e+00 7.407564241198092425e-01 9.151942214145798449e-01 8.287669227363712032e-01 5.489048816489456861e-01 1.665034442906814516e-01 6.637769749228454863e-01 6.117107611037254644e-01 1.093405732528038410e+00 2.369493903551067038e-01 3.958169661826977936e-01
1.050649308052085784e+00 2.990963809899490067e-01 1.178020712724219266e+00 8.325156352318313635e-01 4.850453630792329607e-01 9.112927195710235351e-01 8.701455335552387149e-01 7.939922225109415921e-01 3.777831899854366404e-01 5.102262327573533485e-01 1.046950341986141009e+00 5.326295707787577216e-01 5.335820731142116857e-01 5.987894756254059647e-01 1.725664025014238545e-01 8.238406758874039504e-01 3.615307795101329047e-01 9.708204575758375698e-01 8.558910995099724417e-01 8.460603324137097037e-01 1.064249738026647796e+00 6.151338282375072852e-01 5.246309497407002365e-01 4.009188443023767312e-02 9.777224652815785788e-01 9.994725120960519238e-01 9.297054942150266843e-01 9.785892746021814803e-01 5.494127793711919283e-01 7.407564241198092425e-01 0.000000000000000000e+00 6.901400270571376172e-01 9.957555756744090880e-01 6.672973422905459362e-01 8.351214621540349325e-01 6.794473920092107821e-01 6.294276763089670101e-01 6.316753275404798362e-01 5.848866617948724755e-01 6.015682223903268122e-01
4.036347907034480431e-01 4.642507276971014618e-01 6.092724004749089373e-01 1.471171997817464772e-01 3.818144391717819830e-01 4.021585123368647818e-01 4.438964275081034860e-01 5.098517899641605844e-01 3.131511569918111193e-01 3.165862248332718676e-01 6.480426864428699973e-01 1.777830211663209148e-01 1.885314937687384562e-01 9.145750570376055821e-02 6.044597791554859878e-01 2.788604676279868855e-01 3.462273262117949724e-01 6.766135186435354720e-01 2.902591831955679824e-01 8.803156763380852734e-01 6.054837053873122210e-01 3.751693815671506282e-01 2.035657458028220235e-01 7.237000702270243169e-01 4.002894849975164315e-01 5.252888682519951669e-01 6.177220382559431844e-01 5.442815700068949214e-01 6.067057854402113648e-01 9.151942214145798449e-01 6.901400270571376172e-01 0.000000000000000000e+00 4.690013289100870009e-01 3.965653341075797145e-01 8.767769279296376839e-01 2.839012296085767773e-01 3.155452672860504792e-01 3.018444334731427703e-01 6.801778493538443993e-01 5.235703209546104242e-01
2.301140607396939541e-01 7.000110969172300690e-01 1.842570447858488947e-01 3.836132975257199318e-01 5.188196376176325009e-01 8.463914726407735512e-02 1.548210873757825679e-01 3.032409377459631128e-01 6.823368952818098521e-01 4.855824910689962026e-01 2.251639613188322064e-01 6.175643552825459404e-01 6.346010198333753571e-01 5.204371527896695104e-01 8.489780304974522407e-01 1.971148512180336820e-01 6.470173034228121622e-01 3.322506424428622318e-01 6.853622708912414652e-01 7.079821022997055957e-01 1.506181858551467467e-01 3.959316499848512527e-01 5.007312298958274122e-01 1.035342291166052364e+00 7.441951323194481160e-01 8.426137952929556307e-02 2.896722569849204953e-01 1.360137802716582522e-01 6.086320675765550803e-01 8.287669227363712032e-01 9.957555756744090880e-01 4.690013289100870009e-01 0.000000000000000000e+00 3.532026905744500844e-01 7.111746495700077553e-01 3.165548624645476705e-01 3.678150117531657215e-01 7.705415210424455541e-01 6.552364018805298951e-01 4.959982524449250696e-01
4.961463907330267986e-01 3.685148071122431590e-01 5.361949059112536276e-01 4.326439399401805774e-01 1.829430274910518739e-01 2.758571764311283925e-01 2.083141846577651890e-01 1.446014788278698060e-01 4.269625981495751565e-01 1.796059737360937436e-01 3.824930984203882556e-01 4.453918660913285810e-01 4.652370707112351567e-01 3.791720374340200594e-01 5.084036219221554909e-01 2.513558013123629586e-01 3.559765589289128340e-01 3.359301153074208957e-01 6.861057641176406818e-01 4.877236927045180970e-01 3.977088576404400611e-01 5.372388428347453504e-02 2.723881106607726754e-01 7.073891014825710588e-01 7.898549146323831094e-01 3.377855550081808045e-01 2.830140532350456928e-01 3.118321013705114275e-01 2.719125411437198214e-01 5.489048816489456861e-01 6.672973422905459362e-01 3.965653341075797145e-01 3.532026905744500844e-01 0.000000000000000000e+00 4.852568040728870158e-01 1.181008348760944765e-01 8.515580824582351382e-02 6.486213155988624912e-01 3.330580387011993215e-01 1.607006134442171830e-01
9.222286525313776462e-01 6.247831264214146474e-01 8.487224556497732220e-01 9.159414965751949689e-01 5.353862340363664263e-01 6.717178570112677383e-01 5.712618321678383237e-01 4.238305095410082046e-01 8.027790004123054324e-01 5.877809856142425238e-01 5.619747527595679859e-01 8.856959108892890065e-01 9.042156822885198952e-01 8.432366844484130430e-01 6.705585190080708413e-01 7.110496510086158350e-01 7.059476923609039334e-01 4.163491663664646847e-01 1.166963498314873782e+00 1.214915357186728551e-02 6.432570932739511971e-01 5.016366250000896532e-01 7.141263395446061368e-01 8.681261307637273550e-01 1.274104545977969405e+00 6.434987326753268677e-01 4.337028943345940246e-01 5.886407324972561250e-01 3.197382191001361673e-01 1.665034442906814516e-01 8.351214621540349325e-01 8.767769279296376839e-01 7.111746495700077553e-01 4.852568040728870158e-01 0.000000000000000000e+00 6.032775618080981062e-01 5.617151598316516559e-01 1.093064866171168381e+00 2.593090280576363926e-01 3.593977690400776970e-01
4.090445891193378314e-01 3.855908744831099133e-01 4.986497451951403814e-01 3.151976844202209471e-01 2.118439216648449475e-01 2.319647637978153598e-01 2.093691612565372617e-01 2.287955254888877910e-01 3.802465292955030107e-01 1.698739437878297176e-01 4.154978453144742567e-01 3.599849181060071346e-01 3.796241485896229562e-01 2.803994855742797943e-01 5.367536009349782589e-01 1.597351601853612690e-01 3.327565905783794187e-01 4.081640527668183860e-01 5.713427007405488256e-01 6.056205033515495995e-01 4.041943933262572841e-01 1.187803147486067024e-01 2.028731434539855216e-01 7.189458229918711529e-01 6.728012274277049842e-01 3.303735570636541774e-01 3.501597734760874547e-01 3.237506256155802120e-01 3.740286640769804882e-01 6.637769749228454863e-01 6.794473920092107821e-01 2.839012296085767773e-01 3.165548624645476705e-01 1.181008348760944765e-01 6.032775618080981062e-01 0.000000000000000000e+00 6.235101069452558820e-02 5.540201272800365784e-01 4.408943145545471398e-01 2.696873695213247712e-01
4.712799563142056058e-01 3.323213022272669126e-01 5.515891901974199207e-01 3.669274881450308445e-01 1.526705565038245227e-01 2.841482821880238485e-01 2.442000164134928430e-01 2.231262948427018278e-01 3.545320453449014586e-01 1.205440435473821292e-01 4.405625086790221356e-01 3.611455917958867334e-01 3.810101214548241577e-01 2.941319712991103397e-01 4.814043253201360506e-01 2.217519041970871518e-01 2.941863318831686724e-01 4.123112470366036009e-01 6.057785876653967172e-01 5.650078050442021160e-01 4.408315448560434224e-01 6.242273983577949908e-02 1.901381945467628121e-01 6.692469661984267182e-01 7.126131635178268864e-01 3.715888049437460205e-01 3.567411691674241547e-01 3.570359607139197977e-01 3.156492971619000998e-01 6.117107611037254644e-01 6.294276763089670101e-01 3.155452672860504792e-01 3.678150117531657215e-01 8.515580824582351382e-02 5.617151598316516559e-01 6.235101069452558820e-02 0.000000000000000000e+00 5.635925826355887569e-01 3.844409942158296123e-01 2.159115180088527763e-01
6.776008471461542060e-01 5.362859050403159245e-01 9.031350437041377743e-01 4.119615751589889019e-01 5.583108307265376435e-01 7.036709185376530673e-01 7.387683401893979651e-01 7.814630567882741019e-01 3.221312784475409696e-01 5.060702245511452535e-01 9.461450271559160852e-01 2.078036016796776797e-01 1.889316920392182519e-01 2.736929972336503702e-01 6.243802824869294499e-01 5.801657021812373083e-01 4.147539559987841185e-01 9.612491130245024440e-01 2.470073329875696333e-01 1.098988069488631369e+00 9.069403470137069601e-01 6.111669310953811163e-01 3.827055169224710673e-01 6.526545737810629522e-01 3.570042584573930866e-01 8.266790142430336941e-01 9.027304947516839873e-01 8.434165053598636774e-01 7.864469659769228738e-01 1.093405732528038410e+00 6.316753275404798362e-01 3.018444334731427703e-01 7.705415210424455541e-01 6.486213155988624912e-01 1.093064866171168381e+00 5.540201272800365784e-01 5.635925826355887569e-01 0.000000000000000000e+00 8.591658038552190124e-01 7.350667108658363036e-01
8.263348978616650298e-01 3.667005926525346293e-01 8.258428172465771544e-01 7.508906603126598300e-01 3.062023293836870219e-01 5.906175043892086807e-01 5.004566297788237694e-01 3.563608764531852047e-01 5.545964232605818944e-01 3.678280463663144428e-01 5.869632670513591499e-01 6.554788220672513877e-01 6.726832141841325718e-01 6.295378289687979523e-01 4.160679973892343897e-01 5.843507440253723484e-01 4.566222825862198409e-01 4.639375912625916532e-01 9.643326570161347977e-01 2.689063317887200322e-01 6.437400009567085801e-01 3.228618458361910970e-01 4.941332954858185800e-01 6.200013503234836909e-01 1.079804605736596868e+00 6.119466940027895596e-01 4.468151531075076344e-01 5.665165039442063843e-01 7.417142830110216856e-02 2.369493903551067038e-01 5.848866617948724755e-01 6.801778493538443993e-01 6.552364018805298951e-01 3.330580387011993215e-01 2.593090280576363926e-01 4.408943145545471398e-01 3.844409942158296123e-01 8.591658038552190124e-01 0.000000000000000000e+00 1.725137757066508015e-01
