0.000000000000000000e+00 8.711798102316366255e-02 8.453175846177876096e-01 4.916646515740527024e-01 2.680322381581008995e-01 6.932927122417367194e-01 6.386900891005623526e-01 5.296023549665378471e-01 2.931833432364932546e-01 4.019281077879504616e-01 5.396565502941516046e-01 4.432525822392943127e-01 1.604566817890973052e-01 2.660755387448293097e-01 6.248051935629702625e-01 3.311241988568554007e-01 3.479341774224279926e-01 6.302964733447596890e-01 6.663500042712822147e-01 6.930185739331141681e-01 3.243528807929569324e-01 2.034979364546275760e-01 2.245850587081372751e-01 1.120938479789053283e-01 3.402195536225624539e-01 3.144263310218825547e-01 7.766589815825422072e-01 3.305099804901352467e-01 4.597397662328741585e-01 6.113220638864887979e-01 2.963249326697901531e-01 2.739364996262896312e-01 5.646292721684488258e-01 1.238283860030360700e-01 6.115443839352562305e-01 3.790315277592701260e-01 3.149118450009552039e-01 6.837625274181067248e-01 7.498857896719457461e-01 9.632280409054533310e-01
8.711798102316366255e-02 0.000000000000000000e+00 8.464942702670457120e-01 4.171459893196949875e-01 2.059529220055181520e-01 6.300989761704816061e-01 7.027406264449669315e-01 4.517603117531935331e-01 3.503796729928903564e-01 3.972982041273494525e-01 6.093333126412580070e-01 4.485742269401714055e-01 1.454316427635718167e-01 1.904140586134870916e-01 7.044382393988583013e-01 2.487832436979459938e-01 4.254130726497047932e-01 6.313024470180239600e-01 6.500156322139838405e-01 6.744184614586369308e-01 2.420248510364438888e-01 2.353343355806775117e-01 1.514819508601523701e-01 1.327629295725813730e-01 4.257333758382822464e-01 2.273298726883238863e-01 7.281639397969061900e-01 2.692029554613428743e-01 4.959777991538092956e-01 6.835292459934180220e-01 2.093505572823755045e-01 2.280436838655918730e-01 5.387702825120141981e-01 2.077003092015434205e-01 6.099488882923195243e-01 2.963418450120108849e-01 2.604890152214482946e-01 6.768860195702975924e-01 7.709608943518915236e-01 9.814913621078519279e-01
8.453175846177876096e-01 8.464942702670457120e-01 0.000000000000000000e+00 7.298529046873911685e-01 1.024140190623568314e+00 6.274958116729031365e-01 6.204332797323580673e-01 7.702706783828754400e-01 6.364122756668240122e-01 4.492249790069997029e-01 6.720124773971062337e-01 4.020656680951828488e-01 7.013130191432286331e-01 7.630142031775278832e-01 8.287529883584617840e-01 9.807946901866645417e-01 7.470916187471930980e-01 2.154946563794460368e-01 2.408850979068506704e-01 2.376948883812862734e-01 8.032287777463908984e-01 6.481886757540225030e-01 7.641800379270585752e-01 9.560194640924082332e-01 8.537464733304197528e-01 8.849761633970160135e-01 4.835622580244229307e-01 6.718206437074190074e-01 4.525595765644744861e-01 7.137280728547029662e-01 8.986087860618497958e-01 6.506575293148376682e-01 3.643901985810014676e-01 9.002350670319247961e-01 2.366998871933188864e-01 8.104050597040013404e-01 6.513234726034516919e-01 1.800850200860529271e-01 2.035898502984123948e-01 2.192471785459550737e-01
4.916646515740527024e-01 4.171459893196949875e-01 7.298529046873911685e-01 0.000000000000000000e+00 4.544357121884287087e-01 2.383635000311092045e-01 9.086857937176365807e-01 5.191668833072909939e-02 5.999814494192592385e-01 4.017255149055949937e-01 8.552138542961607026e-01 4.653278025290557562e-01 3.732936155736977790e-01 2.268533039856124867e-01 9.968089669240057793e-01 3.473815995112208288e-01 7.349207372792649906e-01 5.592668889660267206e-01 4.890022813036206117e-01 4.957695852354777055e-01 1.872114958251595296e-01 4.701112849417097839e-01 2.673741021276823671e-01 5.420688789738814517e-01 7.815066606925663573e-01 2.569874255688727183e-01 3.908739083263603198e-01 1.792214846933858075e-01 6.200724752993270750e-01 9.339906630109485741e-01 2.834931461599431990e-01 2.576077100836636213e-01 3.677082207475330655e-01 6.145257736300359097e-01 5.319529788738139864e-01 1.458111826022031043e-01 2.093183327179846676e-01 5.550050713325236362e-01 7.617427039496152963e-01 9.289942752809783322e-01
2.680322381581008995e-01 2.059529220055181520e-01 1.024140190623568314e+00 4.544357121884287087e-01 0.000000000000000000e+00 6.918219022113544225e-01 9.050235730590540095e-01 4.682586867444205048e-01 5.546694939138823166e-01 5.792395611755489782e-01 8.075786642948504790e-01 6.373144250228184315e-01 3.392317018167906872e-01 2.760630398533606145e-01 8.886763848660022003e-01 1.262388135711626502e-01 6.147552058819509835e-01 8.120275396240251853e-01 8.098073475205727068e-01 8.303493366714000956e-01 2.733965310152919881e-01 4.407329616572351338e-01 2.631667561402362687e-01 2.047148398329951546e-01 5.937691632053503366e-01 1.976859617686112791e-01 8.261677216856460060e-01 3.765822440240506053e-01 7.004297369534390194e-01 8.793039610027000297e-01 1.709470655589260812e-01 3.753348205152125527e-01 6.886467699787564012e-01 3.497633678716704497e-01 7.884566120374948417e-01 3.086609506986114915e-01 3.856544202716415959e-01 8.481044751234836365e-01 9.667499692140578693e-01 1.173974131160475221e+00
6.932927122417367194e-01 6.300989761704816061e-01 6.274958116729031365e-01 2.383635000311092045e-01 6.918219022113544225e-01 0.000000000000000000e+00 9.731026865823086958e-01 2.386791409670800390e-01 7.236132834880940612e-01 4.623733332094826509e-01 9.459527434347865249e-01 5.073516756214808687e-01 5.494571417132627644e-01 4.442148033253791040e-01 1.103215956424656641e+00 5.855174770922884075e-01 8.697737613445244431e-01 5.176581345482558216e-01 4.043205107554807554e-01 3.956622725886702607e-01 4.205406667670430476e-01 6.151913171764118449e-01 4.794071919367001167e-01 7.609582257907583358e-01 9.372045744343729945e-01 4.949201985078476862e-01 1.802119598964375957e-01 3.629548441866654596e-01 6.791023362555383969e-01 1.020849286666443811e+00 5.210964375601596643e-01 4.250449727969627389e-01 3.240296384116653217e-01 8.104291037433156708e-01 4.936307210624593655e-01 3.837800902976417072e-01 3.797020340918329517e-01 4.807729570092997284e-01 7.213988107517891324e-01 8.443635216851589353e-01
6.386900891005623526e-01 7.027406264449669315e-01 6.204332797323580673e-01 9.086857937176365807e-01 9.050235730590540095e-01 9.731026865823086958e-01 0.000000000000000000e+00 9.605500335198847717e-01 3.534038154184473979e-01 5.175071569029474627e-01 1.148512947024188102e-01 4.660051953686943360e-01 6.045829285961800137e-01 7.715878197340804157e-01 2.172838015413985635e-01 9.423847030475144271e-01 3.155259198216787131e-01 5.165899166690098854e-01 6.455604717451216557e-01 6.736337818607786021e-01 8.425491104793744190e-01 4.845394052737760360e-01 7.410254314582001012e-01 7.310201222866929971e-01 3.986100191765410417e-01 8.854686006494594253e-01 9.277292179813898532e-01 7.448528492629712394e-01 2.950911126789527716e-01 1.020089891638377988e-01 8.802420154531153118e-01 6.711005160546673620e-01 6.607619647783875561e-01 5.984806105390273467e-01 5.277108169421148576e-01 8.850451491136691606e-01 7.115945106308042556e-01 5.905956314462802448e-01 4.190989091821930024e-01 5.743003880280205253e-01
5.296023549665378471e-01 4.517603117531935331e-01 7.702706783828754400e-01 5.191668833072909939e-02 4.682586867444205048e-01 2.386791409670800390e-01 9.605500335198847717e-01 0.000000000000000000e+00 6.500380476151991216e-01 4.532773730210836738e-01 9.064927236250434062e-01 5.165312563723367667e-01 4.188348779277946687e-01 2.635297867700230889e-01 1.047125174684683468e+00 3.536056493460020267e-01 7.835505817710383125e-01 6.054757854082496449e-01 5.295392302474616342e-01 5.342929933288932398e-01 2.134221136928320384e-01 5.189773767094347789e-01 3.052132727118527233e-01 5.725718789336462500e-01 8.274809162978805643e-01 2.714495187973311463e-01 4.050318090795583803e-01 2.275848410597225979e-01 6.719586011351917909e-01 9.853285976976933203e-01 2.987297690851717924e-01 3.063595850724628589e-01 4.110017241736861338e-01 6.531818189107060357e-01 5.782378988247122154e-01 1.640451251850315317e-01 2.587217242449726395e-01 5.976593335664633910e-01 8.092220577844336793e-01 9.725881941024941968e-01
2.931833432364932546e-01 3.503796729928903564e-01 6.364122756668240122e-01 5.999814494192592385e-01 5.546694939138823166e-01 7.236132834880940612e-01 3.534038154184473979e-01 6.500380476151991216e-01 0.000000000000000000e+00 2.800902877606770702e-01 2.688840331352474466e-01 2.736022048434666454e-01 2.563243861446869443e-01 4.294568841711826068e-01 3.972779358344256662e-01 5.892010822437714346e-01 1.476189085649786126e-01 4.390307857548582104e-01 5.250832832525732519e-01 5.560506780751991451e-01 5.015183900556179353e-01 1.371362074484586413e-01 3.950601423651893263e-01 3.960412482646564203e-01 2.350984764649270420e-01 5.361006659108246142e-01 7.376434939972108529e-01 4.233216187068728487e-01 1.926683985963062173e-01 3.470957643189258035e-01 5.290685751459598407e-01 3.448218086587849784e-01 4.708497809831739822e-01 2.884026030550057573e-01 4.305266332905356985e-01 5.486712750213506018e-01 3.914228172337845257e-01 5.104763669576658502e-01 4.968929732066446059e-01 7.093539028395192680e-01
4.019281077879504616e-01 3.972982041273494525e-01 4.492249790069997029e-01 4.017255149055949937e-01 5.792395611755489782e-01 4.623733332094826509e-01 5.175071569029474627e-01 4.532773730210836738e-01 2.800902877606770702e-01 0.000000000000000000e+00 4.836094903810255752e-01 6.702181209824187302e-02 2.523098272343958226e-01 3.360042309234033686e-01 6.415991381486386702e-01 5.516363676517942460e-01 4.268029144013414933e-01 2.343233689014116161e-01 2.686115706763604338e-01 2.973548359849420564e-01 3.922103442891750058e-01 2.211260508233366673e-01 3.270441960957762295e-01 5.103045895395603715e-01 5.125494626973052803e-01 4.636329645784206810e-01 4.580051352931160391e-01 2.656524255204139595e-01 2.229481652342340525e-01 5.589659668405234649e-01 4.715274086384422803e-01 2.170812932643633453e-01 1.919112124626494997e-01 4.756364900358983072e-01 2.126562014440242510e-01 4.176205553759632649e-01 2.358096944570941822e-01 2.820140079514083520e-01 3.970821027795362612e-01 5.971700693049931674e-01
5.396565502941516046e-01 6.093333126412580070e-01 6.720124773971062337e-01 8.552138542961607026e-01 8.075786642948504790e-01 9.459527434347865249e-01 1.148512947024188102e-01 9.064927236250434062e-01 2.688840331352474466e-01 4.836094903810255752e-01 0.000000000000000000e+00 4.434541551311635965e-01 5.252012586181146192e-01 6.976934094808083797e-01 1.659160417373549412e-01 8.540852299962573557e-01 2.040813657646113888e-01 5.347241420867951955e-01 6.561242482925685460e-01 6.861030951146460666e-01 7.696452789021202001e-01 4.055993045537049091e-01 6.638735913838286207e-01 6.263436913412812057e-01 2.837588319426786465e-01 8.046816213636864834e-01 9.219137331468961749e-01 6.835750464587230235e-01 2.754435945717929601e-01 7.910444083822888717e-02 7.969169420288018113e-01 6.066283190221657406e-01 6.490826504646270978e-01 4.896840109867248159e-01 5.402523016408455891e-01 8.156364580064838776e-01 6.507068476431620008e-01 6.117270300614049416e-01 4.797685261398677015e-01 6.576561707214433339e-01
4.432525822392943127e-01 4.485742269401714055e-01 4.020656680951828488e-01 4.653278025290557562e-01 6.373144250228184315e-01 5.073516756214808687e-01 4.660051953686943360e-01 5.165312563723367667e-01 2.736022048434666454e-01 6.702181209824187302e-02 4.434541551311635965e-01 0.000000000000000000e+00 3.033153311881875980e-01 4.012323477093405200e-01 6.058089723972817087e-01 6.153768517356406065e-01 4.143779936749729664e-01 1.873653679678488893e-01 2.521014181874237647e-01 2.828791440980431560e-01 4.587537984757604215e-01 2.484829653923004145e-01 3.901226983575760698e-01 5.541054289960953838e-01 5.086082032725197655e-01 5.289718033377529549e-01 4.814205711592112191e-01 3.326698463069054368e-01 1.718370333236757530e-01 5.158626038455228491e-01 5.359887522866280118e-01 2.822150856724209289e-01 2.079508800800790591e-01 5.038957770072478581e-01 1.705226036143573098e-01 4.846397153353462772e-01 3.026981117874273930e-01 2.474685883160838706e-01 3.328734965008547375e-01 5.367333517339917259e-01
1.604566817890973052e-01 1.454316427635718167e-01 7.013130191432286331e-01 3.732936155736977790e-01 3.392317018167906872e-01 5.494571417132627644e-01 6.045829285961800137e-01 4.188348779277946687e-01 2.563243861446869443e-01 2.523098272343958226e-01 5.252012586181146192e-01 3.033153311881875980e-01 0.000000000000000000e+00 1.750578718460504557e-01 6.460134075085768313e-01 3.435172624044942058e-01 3.715851912975058347e-01 4.860057034370472984e-01 5.099947495286039079e-01 5.357044753987856289e-01 2.469740028746999772e-01 1.202693313965462057e-01 1.388710347112153409e-01 2.615046080490096569e-01 4.086474439040548301e-01 2.809301641087882939e-01 6.197077478990142829e-01 1.962036788877053461e-01 3.658261041076150688e-01 6.033609129621588796e-01 2.761948046416549118e-01 1.245691759350029820e-01 4.048026510842282488e-01 2.641999975840447212e-01 4.649242395551779761e-01 2.967191211990382049e-01 1.718888018029662290e-01 5.330974621378803402e-01 6.284554458968567570e-01 8.376440251785342017e-01
2.660755387448293097e-01 1.904140586134870916e-01 7.630142031775278832e-01 2.268533039856124867e-01 2.760630398533606145e-01 4.442148033253791040e-01 7.715878197340804157e-01 2.635297867700230889e-01 4.294568841711826068e-01 3.360042309234033686e-01 6.976934094808083797e-01 4.012323477093405200e-01 1.750578718460504557e-01 0.000000000000000000e+00 8.210709184091344870e-01 2.182760279738723830e-01 5.459559633370822951e-01 5.574559545497932422e-01 5.392475251891883925e-01 5.579870987707892249e-01 7.209198843479440455e-02 2.923267854036463165e-01 4.206633347243243087e-02 3.178559250982521678e-01 5.754351728646849296e-01 1.277422364479317007e-01 5.583768736288228229e-01 1.005354726795711640e-01 5.109714279540958914e-01 7.763154772833017470e-01 1.365678536890843897e-01 1.190238859841366847e-01 4.155615015777098242e-01 3.896740197163157116e-01 5.319936639529621036e-01 1.224231374892861823e-01 1.125348979797509696e-01 5.839181246702646044e-01 7.330738354175546645e-01 9.301307467760263625e-01
6.248051935629702625e-01 7.044382393988583013e-01 8.287529883584617840e-01 9.968089669240057793e-01 8.886763848660022003e-01 1.103215956424656641e+00 2.172838015413985635e-01 1.047125174684683468e+00 3.972779358344256662e-01 6.415991381486386702e-01 1.659160417373549412e-01 6.058089723972817087e-01 6.460134075085768313e-01 8.210709184091344870e-01 0.000000000000000000e+00 9.532182751654874053e-01 2.796433274434592664e-01 7.000748244257859465e-01 8.220354906620712665e-01 8.519889582028951081e-01 8.929445124162040948e-01 5.318008044082148666e-01 7.838377621031601405e-01 6.921716831042242779e-01 3.035702841688820430e-01 9.168607571121814015e-01 1.086038655917786810e+00 8.205993318020656790e-01 4.403469320040122592e-01 1.165160177280809839e-01 9.053842541396536214e-01 7.420745570299689398e-01 8.127323248330350358e-01 5.459930812201612138e-01 7.060416240636743224e-01 9.423400991787465042e-01 7.886409700423255842e-01 7.768955741167946627e-01 6.309765644070414181e-01 7.915284523164096697e-01
3.311241988568554007e-01 2.487832436979459938e-01 9.807946901866645417e-01 3.473815995112208288e-01 1.262388135711626502e-01 5.855174770922884075e-01 9.423847030475144271e-01 3.536056493460020267e-01 5.892010822437714346e-01 5.516363676517942460e-01 8.540852299962573557e-01 6.153768517356406065e-01 3.435172624044942058e-01 2.182760279738723830e-01 9.532182751654874053e-01 0.000000000000000000e+00 6.740716399068943376e-01 7.756912383424878765e-01 7.539184320286940189e-01 7.709311735337684990e-01 1.852393873149806025e-01 4.602182309873961152e-01 2.254174130432412548e-01 3.036074676750949997e-01 6.709165635801404015e-01 9.961668544139974657e-02 7.320912798230246876e-01 3.108603579977430864e-01 7.075509393563650384e-01 9.296396151326146162e-01 8.222391847502870388e-02 3.352102851487405721e-01 6.285645171451070823e-01 4.365577636650604942e-01 7.502681301643017164e-01 2.043785051072062042e-01 3.294773921692508711e-01 8.013242659470429796e-01 9.482007156853130558e-01 1.147655006073822870e+00
3.479341774224279926e-01 4.254130726497047932e-01 7.470916187471930980e-01 7.349207372792649906e-01 6.147552058819509835e-01 8.697737613445244431e-01 3.155259198216787131e-01 7.835505817710383125e-01 1.476189085649786126e-01 4.268029144013414933e-01 2.040813657646113888e-01 4.143779936749729664e-01 3.715851912975058347e-01 5.459559633370822951e-01 2.796433274434592664e-01 6.740716399068943376e-01 0.000000000000000000e+00 5.648383099716079991e-01 6.623647096366973575e-01 6.935281251432611205e-01 6.172733625797798274e-01 2.648433740291009086e-01 5.074244733014950937e-01 4.259006721065764500e-01 1.078538757485948824e-01 6.377027808278653564e-01 8.847396881526632395e-01 5.560165028109547158e-01 2.952094083032222871e-01 2.676555100988101676e-01 6.258378479228452473e-01 4.773530446085785250e-01 6.163398144664795630e-01 2.861703681748333783e-01 5.602971474552398412e-01 6.681171296110205438e-01 5.256692579860705594e-01 6.397045512624991437e-01 5.833112222201676245e-01 7.866962006384353723e-01
6.302964733447596890e-01 6.313024470180239600e-01 2.154946563794460368e-01 5.592668889660267206e-01 8.120275396240251853e-01 5.176581345482558216e-01 5.165899166690098854e-01 6.054757854082496449e-01 4.390307857548582104e-01 2.343233689014116161e-01 5.347241420867951955e-01 1.873653679678488893e-01 4.860057034370472984e-01 5.574559545497932422e-01 7.000748244257859465e-01 7.756912383424878765e-01 5.648383099716079991e-01 0.000000000000000000e+00 1.316479245615736760e-01 1.577454522796270242e-01 6.039384984117600608e-01 4.352253747660469463e-01 5.548773900685416427e-01 7.407219646057591200e-01 6.675827975072133880e-01 6.825330670778700926e-01 4.261531357652258989e-01 4.719887829113104116e-01 2.743760768392721761e-01 5.932409544737321516e-01 6.939728895469460257e-01 4.417539852099079956e-01 2.002113740854092050e-01 6.895347822687748485e-01 2.734313363530920318e-02 6.179582488746266922e-01 4.480786394398050820e-01 7.733606735027456769e-02 2.067428473249758314e-01 3.760134388857606647e-01
6.663500042712822147e-01 6.500156322139838405e-01 2.408850979068506704e-01 4.890022813036206117e-01 8.098073475205727068e-01 4.043205107554807554e-01 6.455604717451216557e-01 5.295392302474616342e-01 5.250832832525732519e-01 2.686115706763604338e-01 6.561242482925685460e-01 2.521014181874237647e-01 5.099947495286039079e-01 5.392475251891883925e-01 8.220354906620712665e-01 7.539184320286940189e-01 6.623647096366973575e-01 1.316479245615736760e-01 0.000000000000000000e+00 3.117383344074614940e-02 5.720619502607865448e-01 4.892861114923308108e-01 5.466788549789424190e-01 7.714569834190569964e-01 7.595968845781463363e-01 6.559274723437252819e-01 2.961807689982619007e-01 4.430605013382334367e-01 3.858637946100121341e-01 7.184079060769239522e-01 6.718897684774886025e-01 4.350787302767908926e-01 1.265100065618564029e-01 7.442480571953398183e-01 1.178560336594975805e-01 5.745582962749573586e-01 4.267605442872573485e-01 7.658381876570094504e-02 3.207045151365310320e-01 4.471457257102262606e-01
6.930185739331141681e-01 6.744184614586369308e-01 2.376948883812862734e-01 4.957695852354777055e-01 8.303493366714000956e-01 3.956622725886702607e-01 6.736337818607786021e-01 5.342929933288932398e-01 5.560506780751991451e-01 2.973548359849420564e-01 6.861030951146460666e-01 2.828791440980431560e-01 5.357044753987856289e-01 5.579870987707892249e-01 8.519889582028951081e-01 7.709311735337684990e-01 6.935281251432611205e-01 1.577454522796270242e-01 3.117383344074614940e-02 0.000000000000000000e+00 5.878140828704578880e-01 5.183604031581932059e-01 5.672235590005120232e-01 7.971972830088449591e-01 7.906433353659234609e-01 6.723445018475080470e-01 2.761629110974160861e-01 4.604329045623954952e-01 4.165792211413161250e-01 7.477136837207821740e-01 6.891607995720175905e-01 4.567005117942354309e-01 1.425194334307314514e-01 7.728229196129509093e-01 1.465467132915910520e-01 5.877090978084855699e-01 4.458110273782084354e-01 9.284052789205954337e-02 3.372846719940360005e-01 4.500872471571296662e-01
3.243528807929569324e-01 2.420248510364438888e-01 8.032287777463908984e-01 1.872114958251595296e-01 2.733965310152919881e-01 4.205406667670430476e-01 8.425491104793744190e-01 2.134221136928320384e-01 5.015183900556179353e-01 3.922103442891750058e-01 7.696452789021202001e-01 4.587537984757604215e-01 2.469740028746999772e-01 7.209198843479440455e-02 8.929445124162040948e-01 1.852393873149806025e-01 6.172733625797798274e-01 6.039384984117600608e-01 5.720619502607865448e-01 5.878140828704578880e-01 0.000000000000000000e+00 3.643831920049815376e-01 1.101245680663642396e-01 3.592768726230600174e-01 6.438182330321816638e-01 8.562321776649302330e-02 5.535593820981979940e-01 1.320231799586242261e-01 5.778974458648131751e-01 8.483125605301060634e-01 1.068865204172620015e-01 1.799952938688841042e-01 4.459472563600319073e-01 4.479566115186509045e-01 5.776245503888763899e-01 5.469845360777506743e-02 1.573862060596186996e-01 6.231706601113553567e-01 7.874640673833630533e-01 9.792562135081710473e-01
2.034979364546275760e-01 2.353343355806775117e-01 6.481886757540225030e-01 4.701112849417097839e-01 4.407329616572351338e-01 6.151913171764118449e-01 4.845394052737760360e-01 5.189773767094347789e-01 1.371362074484586413e-01 2.211260508233366673e-01 4.055993045537049091e-01 2.484829653923004145e-01 1.202693313965462057e-01 2.923267854036463165e-01 5.318008044082148666e-01 4.602182309873961152e-01 2.648433740291009086e-01 4.352253747660469463e-01 4.892861114923308108e-01 5.183604031581932059e-01 3.643831920049815376e-01 0.000000000000000000e+00 2.583890225400382601e-01 3.154973118860763259e-01 3.220520056211301774e-01 4.011527486526333952e-01 6.547196711724473372e-01 2.913927236523770614e-01 2.610608640828840921e-01 4.840694949420352167e-01 3.957560660598966606e-01 2.126342280770955606e-01 4.063782899920128644e-01 2.560507100112991985e-01 4.189975847537182330e-01 4.117597146788499751e-01 2.608307954558554687e-01 4.950815438669686208e-01 5.463954532564844202e-01 7.597545941858269147e-01
2.245850587081372751e-01 1.514819508601523701e-01 7.641800379270585752e-01 2.673741021276823671e-01 2.631667561402362687e-01 4.794071919367001167e-01 7.410254314582001012e-01 3.052132727118527233e-01 3.950601423651893263e-01 3.270441960957762295e-01 6.638735913838286207e-01 3.901226983575760698e-01 1.388710347112153409e-01 4.206633347243243087e-02 7.838377621031601405e-01 2.254174130432412548e-01 5.074244733014950937e-01 5.548773900685416427e-01 5.466788549789424190e-01 5.672235590005120232e-01 1.101245680663642396e-01 2.583890225400382601e-01 0.000000000000000000e+00 2.815626700019404072e-01 5.343817828323548236e-01 1.467219505326683437e-01 5.858876871595113389e-01 1.233608328040843027e-01 4.880457149183302090e-01 7.421482748594770973e-01 1.480011418592307726e-01 1.135235065643187824e-01 4.257368753648300141e-01 3.479971268109209315e-01 5.302609232342405665e-01 1.628448413462798283e-01 1.245176943237386868e-01 5.866219094406807111e-01 7.229948079717521958e-01 9.240074045957914484e-01
1.120938479789053283e-01 1.327629295725813730e-01 9.560194640924082332e-01 5.420688789738814517e-01 2.047148398329951546e-01 7.609582257907583358e-01 7.310201222866929971e-01 5.725718789336462500e-01 3.960412482646564203e-01 5.103045895395603715e-01 6.263436913412812057e-01 5.541054289960953838e-01 2.615046080490096569e-01 3.178559250982521678e-01 6.921716831042242779e-01 3.036074676750949997e-01 4.259006721065764500e-01 7.407219646057591200e-01 7.714569834190569964e-01 7.971972830088449591e-01 3.592768726230600174e-01 3.154973118860763259e-01 2.815626700019404072e-01 0.000000000000000000e+00 3.925789790663877232e-01 3.219090700143227290e-01 8.608492249391738182e-01 4.015837738535796286e-01 5.697636518872357669e-01 6.934913982312813641e-01 2.976660629754129817e-01 3.594585527738555220e-01 6.649091921299055130e-01 1.471433944807589433e-01 7.213623814233820486e-01 4.112105554645588135e-01 3.932160490801028252e-01 7.922933655773373163e-01 8.618127645833918438e-01 1.075251852952958442e+00
3.402195536225624539e-01 4.257333758382822464e-01 8.537464733304197528e-01 7.815066606925663573e-01 5.937691632053503366e-01 9.372045744343729945e-01 3.986100191765410417e-01 8.274809162978805643e-01 2.350984764649270420e-01 5.125494626973052803e-01 2.837588319426786465e-01 5.086082032725197655e-01 4.086474439040548301e-01 5.754351728646849296e-01 3.035702841688820430e-01 6.709165635801404015e-01 1.078538757485948824e-01 6.675827975072133880e-01 7.595968845781463363e-01 7.906433353659234609e-01 6.438182330321816638e-01 3.220520056211301774e-01 5.343817828323548236e-01 3.925789790663877232e-01 0.000000000000000000e+00 6.501700092691967692e-01 9.672693263051064250e-01 6.029683129744604075e-01 4.012852615123652655e-01 3.304249680560906732e-01 6.343364425647972649e-01 5.263976862020020020e-01 7.042895836587392822e-01 2.454425757821446508e-01 6.615041171673370357e-01 6.972145553504512927e-01 5.753818638992352907e-01 7.413159090651225691e-01 6.911392659254733672e-01 8.938379554004287630e-01
3.144263310218825547e-01 2.273298726883238863e-01 8.849761633970160135e-01 2.569874255688727183e-01 1.976859617686112791e-01 4.949201985078476862e-01 8.854686006494594253e-01 2.714495187973311463e-01 5.361006659108246142e-01 4.636329645784206810e-01 8.046816213636864834e-01 5.289718033377529549e-01 2.809301641087882939e-01 1.277422364479317007e-01 9.168607571121814015e-01 9.961668544139974657e-02 6.377027808278653564e-01 6.825330670778700926e-01 6.559274723437252819e-01 6.723445018475080470e-01 8.562321776649302330e-02 4.011527486526333952e-01 1.467219505326683437e-01 3.219090700143227290e-01 6.501700092691967692e-01 0.000000000000000000e+00 6.355468546704018395e-01 2.133868325317660186e-01 6.345631732398909763e-01 8.822059355291378413e-01 2.734470048162102387e-02 2.467578119932337388e-01 5.301686101290061792e-01 4.332014400355902461e-01 6.566517280100711007e-01 1.111928873911694482e-01 2.345316995117885106e-01 7.051244319816551975e-01 8.606462880788436909e-01 1.056485593468359019e+00
7.766589815825422072e-01 7.281639397969061900e-01 4.835622580244229307e-01 3.908739083263603198e-01 8.261677216856460060e-01 1.802119598964375957e-01 9.277292179813898532e-01 4.050318090795583803e-01 7.376434939972108529e-01 4.580051352931160391e-01 9.219137331468961749e-01 4.814205711592112191e-01 6.197077478990142829e-01 5.583768736288228229e-01 1.086038655917786810e+00 7.320912798230246876e-01 8.847396881526632395e-01 4.261531357652258989e-01 2.961807689982619007e-01 2.761629110974160861e-01 5.535593820981979940e-01 6.547196711724473372e-01 5.858876871595113389e-01 8.608492249391738182e-01 9.672693263051064250e-01 6.355468546704018395e-01 0.000000000000000000e+00 4.625459566433343661e-01 6.465473130017969083e-01 9.908841040128948396e-01 6.596419998459287504e-01 5.034572796374849890e-01 2.735504417275251288e-01 8.830713662034613831e-01 4.079245650611704743e-01 5.278427903602846971e-01 4.676899815254899617e-01 3.689343778207424540e-01 6.132235507921436346e-01 7.027586456929707515e-01
3.305099804901352467e-01 2.692029554613428743e-01 6.718206437074190074e-01 1.792214846933858075e-01 3.765822440240506053e-01 3.629548441866654596e-01 7.448528492629712394e-01 2.275848410597225979e-01 4.233216187068728487e-01 2.656524255204139595e-01 6.835750464587230235e-01 3.326698463069054368e-01 1.962036788877053461e-01 1.005354726795711640e-01 8.205993318020656790e-01 3.108603579977430864e-01 5.560165028109547158e-01 4.719887829113104116e-01 4.430605013382334367e-01 4.604329045623954952e-01 1.320231799586242261e-01 2.913927236523770614e-01 1.233608328040843027e-01 4.015837738535796286e-01 6.029683129744604075e-01 2.133868325317660186e-01 4.625459566433343661e-01 0.000000000000000000e+00 4.660426994896468833e-01 7.626523184419909951e-01 2.288513852628020762e-01 7.880025757263435515e-02 3.179420222566204934e-01 4.493105305529784266e-01 4.456258366540732374e-01 1.519719302886649581e-01 3.326173314876600812e-02 4.918659558323537073e-01 6.576605106026265357e-01 8.475005113232559895e-01
4.597397662328741585e-01 4.959777991538092956e-01 4.525595765644744861e-01 6.200724752993270750e-01 7.004297369534390194e-01 6.791023362555383969e-01 2.950911126789527716e-01 6.719586011351917909e-01 1.926683985963062173e-01 2.229481652342340525e-01 2.754435945717929601e-01 1.718370333236757530e-01 3.658261041076150688e-01 5.109714279540958914e-01 4.403469320040122592e-01 7.075509393563650384e-01 2.952094083032222871e-01 2.743760768392721761e-01 3.858637946100121341e-01 4.165792211413161250e-01 5.778974458648131751e-01 2.610608640828840921e-01 4.880457149183302090e-01 5.697636518872357669e-01 4.012852615123652655e-01 6.345631732398909763e-01 6.465473130017969083e-01 4.660426994896468833e-01 0.000000000000000000e+00 3.452932151670959904e-01 6.351543502728504986e-01 3.989051323727025866e-01 3.741329281433724563e-01 4.776088189935980277e-01 2.741880552075580124e-01 6.138559508792602593e-01 4.331844947521257816e-01 3.511546421405838947e-01 3.042399670621677710e-01 5.170768304152157935e-01
6.113220638864887979e-01 6.835292459934180220e-01 7.137280728547029662e-01 9.339906630109485741e-01 8.793039610027000297e-01 1.020849286666443811e+00 1.020089891638377988e-01 9.853285976976933203e-01 3.470957643189258035e-01 5.589659668405234649e-01 7.910444083822888717e-02 5.158626038455228491e-01 6.033609129621588796e-01 7.763154772833017470e-01 1.165160177280809839e-01 9.296396151326146162e-01 2.676555100988101676e-01 5.932409544737321516e-01 7.184079060769239522e-01 7.477136837207821740e-01 8.483125605301060634e-01 4.840694949420352167e-01 7.421482748594770973e-01 6.934913982312813641e-01 3.304249680560906732e-01 8.822059355291378413e-01 9.908841040128948396e-01 7.626523184419909951e-01 3.452932151670959904e-01 0.000000000000000000e+00 8.739132403600559096e-01 6.857327008240580168e-01 7.192711139523317865e-01 5.530765036538147772e-01 6.011939095220686369e-01 8.945484518045655475e-01 7.297672644669008779e-01 6.692939321353756910e-01 5.149371704225083057e-01 6.759786692073127545e-01
2.963249326697901531e-01 2.093505572823755045e-01 8.986087860618497958e-01 2.834931461599431990e-01 1.709470655589260812e-01 5.210964375601596643e-01 8.802420154531153118e-01 2.987297690851717924e-01 5.290685751459598407e-01 4.715274086384422803e-01 7.969169420288018113e-01 5.359887522866280118e-01 2.761948046416549118e-01 1.365678536890843897e-01 9.053842541396536214e-01 8.222391847502870388e-02 6.258378479228452473e-01 6.939728895469460257e-01 6.718897684774886025e-01 6.891607995720175905e-01 1.068865204172620015e-01 3.957560660598966606e-01 1.480011418592307726e-01 2.976660629754129817e-01 6.343364425647972649e-01 2.734470048162102387e-02 6.596419998459287504e-01 2.288513852628020762e-01 6.351543502728504986e-01 8.739132403600559096e-01 0.000000000000000000e+00 2.545640016917479764e-01 5.467220896782725159e-01 4.130252483608385927e-01 6.684322912969008490e-01 1.377155757532482760e-01 2.472853363974558683e-01 7.191073219721294540e-01 8.685083268579203430e-01 1.066608157038680282e+00
2.739364996262896312e-01 2.280436838655918730e-01 6.506575293148376682e-01 2.576077100836636213e-01 3.753348205152125527e-01 4.250449727969627389e-01 6.711005160546673620e-01 3.063595850724628589e-01 3.448218086587849784e-01 2.170812932643633453e-01 6.066283190221657406e-01 2.822150856724209289e-01 1.245691759350029820e-01 1.190238859841366847e-01 7.420745570299689398e-01 3.352102851487405721e-01 4.773530446085785250e-01 4.417539852099079956e-01 4.350787302767908926e-01 4.567005117942354309e-01 1.799952938688841042e-01 2.126342280770955606e-01 1.135235065643187824e-01 3.594585527738555220e-01 5.263976862020020020e-01 2.467578119932337388e-01 5.034572796374849890e-01 7.880025757263435515e-02 3.989051323727025866e-01 6.857327008240580168e-01 2.545640016917479764e-01 0.000000000000000000e+00 3.166621945787135850e-01 3.864456035893235608e-01 4.169399546970773418e-01 2.154524161274919414e-01 4.899101732722888070e-02 4.732657608172001762e-01 6.141604965377494008e-01 8.124576633517388569e-01
5.646292721684488258e-01 5.387702825120141981e-01 3.643901985810014676e-01 3.677082207475330655e-01 6.886467699787564012e-01 3.240296384116653217e-01 6.607619647783875561e-01 4.110017241736861338e-01 4.708497809831739822e-01 1.919112124626494997e-01 6.490826504646270978e-01 2.079508800800790591e-01 4.048026510842282488e-01 4.155615015777098242e-01 8.127323248330350358e-01 6.285645171451070823e-01 6.163398144664795630e-01 2.002113740854092050e-01 1.265100065618564029e-01 1.425194334307314514e-01 4.459472563600319073e-01 4.063782899920128644e-01 4.257368753648300141e-01 6.649091921299055130e-01 7.042895836587392822e-01 5.301686101290061792e-01 2.735504417275251288e-01 3.179420222566204934e-01 3.741329281433724563e-01 7.192711139523317865e-01 5.467220896782725159e-01 3.166621945787135850e-01 0.000000000000000000e+00 6.539732425611248789e-01 1.741201776891581066e-01 4.481012292785228612e-01 3.035462228930383977e-01 1.873538923326504291e-01 4.069542103964104429e-01 5.616264985284313838e-01
1.238283860030360700e-01 2.077003092015434205e-01 9.002350670319247961e-01 6.145257736300359097e-01 3.497633678716704497e-01 8.104291037433156708e-01 5.984806105390273467e-01 6.531818189107060357e-01 2.884026030550057573e-01 4.756364900358983072e-01 4.896840109867248159e-01 5.038957770072478581e-01 2.641999975840447212e-01 3.896740197163157116e-01 5.459930812201612138e-01 4.365577636650604942e-01 2.861703681748333783e-01 6.895347822687748485e-01 7.442480571953398183e-01 7.728229196129509093e-01 4.479566115186509045e-01 2.560507100112991985e-01 3.479971268109209315e-01 1.471433944807589433e-01 2.454425757821446508e-01 4.332014400355902461e-01 8.830713662034613831e-01 4.493105305529784266e-01 4.776088189935980277e-01 5.530765036538147772e-01 4.130252483608385927e-01 3.864456035893235608e-01 6.539732425611248789e-01 0.000000000000000000e+00 6.743240314173771788e-01 5.025973804441880022e-01 4.307294698561642265e-01 7.509871138007994107e-01 7.802583796552660100e-01 9.940363250183305022e-01
6.115443839352562305e-01 6.099488882923195243e-01 2.366998871933188864e-01 5.319529788738139864e-01 7.884566120374948417e-01 4.936307210624593655e-01 5.277108169421148576e-01 5.782378988247122154e-01 4.305266332905356985e-01 2.126562014440242510e-01 5.402523016408455891e-01 1.705226036143573098e-01 4.649242395551779761e-01 5.319936639529621036e-01 7.060416240636743224e-01 7.502681301643017164e-01 5.602971474552398412e-01 2.734313363530920318e-02 1.178560336594975805e-01 1.465467132915910520e-01 5.776245503888763899e-01 4.189975847537182330e-01 5.302609232342405665e-01 7.213623814233820486e-01 6.615041171673370357e-01 6.566517280100711007e-01 4.079245650611704743e-01 4.456258366540732374e-01 2.741880552075580124e-01 6.011939095220686369e-01 6.684322912969008490e-01 4.169399546970773418e-01 1.741201776891581066e-01 6.743240314173771788e-01 0.000000000000000000e+00 5.910897499592574489e-01 4.221306278977773330e-01 7.996021449929457958e-02 2.331227114309751269e-01 4.028902352114854257e-01
3.790315277592701260e-01 2.963418450120108849e-01 8.104050597040013404e-01 1.458111826022031043e-01 3.086609506986114915e-01 3.837800902976417072e-01 8.850451491136691606e-01 1.640451251850315317e-01 5.486712750213506018e-01 4.176205553759632649e-01 8.156364580064838776e-01 4.846397153353462772e-01 2.967191211990382049e-01 1.224231374892861823e-01 9.423400991787465042e-01 2.043785051072062042e-01 6.681171296110205438e-01 6.179582488746266922e-01 5.745582962749573586e-01 5.877090978084855699e-01 5.469845360777506743e-02 4.117597146788499751e-01 1.628448413462798283e-01 4.112105554645588135e-01 6.972145553504512927e-01 1.111928873911694482e-01 5.278427903602846971e-01 1.519719302886649581e-01 6.138559508792602593e-01 8.945484518045655475e-01 1.377155757532482760e-01 2.154524161274919414e-01 4.481012292785228612e-01 5.025973804441880022e-01 5.910897499592574489e-01 0.000000000000000000e+00 1.828460332441293745e-01 6.306329011448307265e-01 8.080463347401442009e-01 9.939620550441061742e-01
3.149118450009552039e-01 2.604890152214482946e-01 6.513234726034516919e-01 2.093183327179846676e-01 3.856544202716415959e-01 3.797020340918329517e-01 7.115945106308042556e-01 2.587217242449726395e-01 3.914228172337845257e-01 2.358096944570941822e-01 6.507068476431620008e-01 3.026981117874273930e-01 1.718888018029662290e-01 1.125348979797509696e-01 7.886409700423255842e-01 3.294773921692508711e-01 5.256692579860705594e-01 4.480786394398050820e-01 4.267605442872573485e-01 4.458110273782084354e-01 1.573862060596186996e-01 2.608307954558554687e-01 1.245176943237386868e-01 3.932160490801028252e-01 5.753818638992352907e-01 2.345316995117885106e-01 4.676899815254899617e-01 3.326173314876600812e-02 4.331844947521257816e-01 7.297672644669008779e-01 2.472853363974558683e-01 4.899101732722888070e-02 3.035462228930383977e-01 4.307294698561642265e-01 4.221306278977773330e-01 1.828460332441293745e-01 0.000000000000000000e+00 4.718856905557386461e-01 6.301104731417640492e-01 8.226319879301258187e-01
6.837625274181067248e-01 6.768860195702975924e-01 1.800850200860529271e-01 5.550050713325236362e-01 8.481044751234836365e-01 4.807729570092997284e-01 5.905956314462802448e-01 5.976593335664633910e-01 5.104763669576658502e-01 2.820140079514083520e-01 6.117270300614049416e-01 2.474685883160838706e-01 5.330974621378803402e-01 5.839181246702646044e-01 7.768955741167946627e-01 8.013242659470429796e-01 6.397045512624991437e-01 7.733606735027456769e-02 7.658381876570094504e-02 9.284052789205954337e-02 6.231706601113553567e-01 4.950815438669686208e-01 5.866219094406807111e-01 7.922933655773373163e-01 7.413159090651225691e-01 7.051244319816551975e-01 3.689343778207424540e-01 4.918659558323537073e-01 3.511546421405838947e-01 6.692939321353756910e-01 7.191073219721294540e-01 4.732657608172001762e-01 1.873538923326504291e-01 7.509871138007994107e-01 7.996021449929457958e-02 6.306329011448307265e-01 4.718856905557386461e-01 0.000000000000000000e+00 2.450694713910945566e-01 3.753023515164057300e-01
7.498857896719457461e-01 7.709608943518915236e-01 2.035898502984123948e-01 7.617427039496152963e-01 9.667499692140578693e-01 7.213988107517891324e-01 4.190989091821930024e-01 8.092220577844336793e-01 4.968929732066446059e-01 3.970821027795362612e-01 4.797685261398677015e-01 3.328734965008547375e-01 6.284554458968567570e-01 7.330738354175546645e-01 6.309765644070414181e-01 9.482007156853130558e-01 5.833112222201676245e-01 2.067428473249758314e-01 3.207045151365310320e-01 3.372846719940360005e-01 7.874640673833630533e-01 5.463954532564844202e-01 7.229948079717521958e-01 8.618127645833918438e-01 6.911392659254733672e-01 8.606462880788436909e-01 6.132235507921436346e-01 6.576605106026265357e-01 3.042399670621677710e-01 5.149371704225083057e-01 8.685083268579203430e-01 6.141604965377494008e-01 4.069542103964104429e-01 7.802583796552660100e-01 2.331227114309751269e-01 8.080463347401442009e-01 6.301104731417640492e-01 2.450694713910945566e-01 0.000000000000000000e+00 2.140985404274703408e-01
