0.000000000000000000e+00 5.936445267814912663e-01 1.577158479571951488e-01 1.862355363351083093e-01 2.967891476197202505e-01 4.133552887203745252e-01 5.519143415406698727e-01 2.418718254775709953e-01 6.122457896536844801e-01 5.142998911429008668e-01 1.591751929214836048e-01 3.990593067785466741e-01 1.311279072645442079e-01 5.372611499679958991e-01 4.996689638146666335e-01 5.071008915474574108e-01 3.513237762856539215e-01 2.755725489809910389e-01 5.867934795067106801e-01 5.738617458389938530e-01 5.129512088363163969e-01 2.771233322258068177e-01 2.199074786308606311e-01 4.995334761716784255e-01 4.799928933090256700e-01 4.641550490427397979e-01 2.478119668291433597e-01 2.243162396514043755e-01 5.618126616607889146e-01 5.222859869137509436e-01 3.843048876490634536e-01 5.320240249480031602e-01 5.067840177626699028e-01 3.827395330857590316e-01 3.468504118772314793e-01 3.735169456572411395e-01 3.183856006869480448e-01 5.539889753498706826e-01 5.378933716132191512e-01 3.841035097684705746e-01 3.188455309910211977e-01 2.992909726322643404e-01 2.799940175394790010e-01 3.523473611658032301e-01 2.136816585171578686e-01 5.202141811781056946e-01 1.982644043443474169e-01 1.785957324207238239e-01 2.987364017218313017e-01 5.929197132094398137e-01
5.936445267814912663e-01 0.000000000000000000e+00 7.486728796602430958e-01 6.728869671943068509e-01 8.482929852845032537e-01 4.180961274358476198e-01 1.082068381080843800e+00 7.548627960129046244e-01 5.997449560593848261e-01 2.060711421900579543e-01 5.246690199877412919e-01 6.631811407815692005e-01 6.318335629666961273e-01 8.875910021988501208e-01 9.530570289496909098e-02 9.701947888579186274e-02 3.340455319944705681e-01 3.181669591313209811e-01 6.186368605816017219e-01 3.216412117517152836e-01 2.147808972514069215e-01 8.705657428927318087e-01 7.796411953619922786e-01 6.355532013040160466e-01 1.042594778067884587e+00 1.027425450061416390e+00 8.298309694907497480e-01 7.774803462594980230e-01 8.013643752199252068e-01 1.658041570174928203e-01 9.715389669381702120e-01 1.101607689082682917e+00 1.100176978638310210e+00 5.007303798351647739e-01 2.479614030726121909e-01 2.549861398992894768e-01 3.602970820992114631e-01 1.012394205317570739e+00 4.935036584596273479e-01 9.730912912168060425e-01 6.178752086690109113e-01 8.016450732037095905e-01 4.526714529378455532e-01 6.569974389004642479e-01 7.636572093118031423e-01 8.299304077564269022e-01 5.381062396104194789e-01 7.670991695015033640e-01 7.261893335928386595e-01 1.181818195976082730e+00
1.577158479571951488e-01 7.486728796602430958e-01 0.000000000000000000e+00 2.325102122086441514e-01 2.284691411757197865e-01 5.525141914348986605e-01 4.166658566300545097e-01 1.701570464991607745e-01 6.788837166404574353e-01 6.537264523991135334e-01 2.924996501499725898e-01 4.208597764885136927e-01 2.067689791371510322e-01 4.912607114066554481e-01 6.554721614722471834e-01 6.638329071072049947e-01 5.041196834047260156e-01 4.315049744689767874e-01 6.455498297950884590e-01 6.962484129118934328e-01 6.512788958698336739e-01 1.240859350798539651e-01 1.033703610696424940e-01 5.433513314182953913e-01 3.311111352893895687e-01 3.153683322396296229e-01 9.531905080810890163e-02 1.149546086680909435e-01 5.573907989746876845e-01 6.797711515831234008e-01 2.510302679191149799e-01 3.790641886417165929e-01 3.521634297957363935e-01 5.067047427532586079e-01 5.032663287209206970e-01 5.184432298590898602e-01 4.469685699822837921e-01 4.547013065692108169e-01 6.247720920809785028e-01 2.473609674746950760e-01 3.534947889649245889e-01 2.799484139171203867e-01 3.855149825552365850e-01 3.713410723966598104e-01 1.786901813521856730e-01 4.947042636012663475e-01 2.812705528376426289e-01 8.278120307792474764e-02 2.701292106687209760e-01 4.352938014313436632e-01
1.862355363351083093e-01 6.728869671943068509e-01 2.325102122086441514e-01 0.000000000000000000e+00 1.797884501057518680e-01 3.667401795185901703e-01 6.428225874471854562e-01 3.873408799872226638e-01 7.947593234495506920e-01 6.440010746387397900e-01 1.483299492364685279e-01 5.838796724889719902e-01 5.773608695864616835e-02 7.039989374360973162e-01 5.783031541261342001e-01 5.773707543784203366e-01 3.621759541462387655e-01 3.731263840583263214e-01 7.710830653775585519e-01 7.251337337362064872e-01 6.446619389919134857e-01 2.922518458146333709e-01 3.337487926551142570e-01 6.856667647048184655e-01 5.455869204393143379e-01 5.305764912058108518e-01 3.193509465287954208e-01 3.439260929004374634e-01 7.432302313539991268e-01 5.600793726511953396e-01 3.305294448665689888e-01 5.832132128531036797e-01 4.931794592790212373e-01 3.004444018379636150e-01 4.321791471104985405e-01 4.999458716438007766e-01 4.739094686931984435e-01 6.865146855111520230e-01 7.146225357643934961e-01 3.368054789109648506e-01 5.043776965286648206e-01 1.330739333196938323e-01 4.551804632122681271e-01 5.362922210757804509e-01 1.054576187434821538e-01 6.950883915071542907e-01 3.834579107720141877e-01 1.742605981976284302e-01 4.680199895353565620e-01 5.993491346517348939e-01
2.967891476197202505e-01 8.482929852845032537e-01 2.284691411757197865e-01 1.797884501057518680e-01 0.000000000000000000e+00 5.398813781796208966e-01 5.597451791939884735e-01 3.958071965582015683e-01 8.943555775343803305e-01 8.020279708538923247e-01 3.248650624617612226e-01 6.470770346385059657e-01 2.165842812223513769e-01 7.127908441907819803e-01 7.531929016555487522e-01 7.538000326610337920e-01 5.419644008541680824e-01 5.400390196291058320e-01 8.640360845822910862e-01 8.696846039759603686e-01 8.016370298230518499e-01 1.984276354592738878e-01 3.209094436684478691e-01 7.659285198437048026e-01 4.470882191346526313e-01 4.343537946512434633e-01 2.697558335576743516e-01 3.340286116432729657e-01 7.857314553305374538e-01 7.396935412647366315e-01 1.663543920927005593e-01 4.689643750682770951e-01 3.387367895183815980e-01 4.654802361541880429e-01 6.038039530291874346e-01 6.582489285772447074e-01 6.141542704550913001e-01 6.458077300783293673e-01 8.291387005920599629e-01 1.760347345573846367e-01 5.760061014540683866e-01 9.328431312766952144e-02 5.747738393069917739e-01 5.974540341452090342e-01 8.658217867537046364e-02 7.211766990471427663e-01 4.822544317701856764e-01 1.470796247670138890e-01 4.984291694116030902e-01 4.511817145117121841e-01
4.133552887203745252e-01 4.180961274358476198e-01 5.525141914348986605e-01 3.667401795185901703e-01 5.398813781796208966e-01 0.000000000000000000e+00 9.637934614857683879e-01 6.520800567784875712e-01 8.194305976127914670e-01 5.028552291704910804e-01 2.601521285401411365e-01 7.240193725126021773e-01 3.574261873374120491e-01 9.145683215730640025e-01 3.447823081491128705e-01 3.282064820171549657e-01 1.206146639566591100e-01 2.863342117881537696e-01 8.153852937987101646e-01 6.252458643418177253e-01 5.083375844534979704e-01 6.462338967645068211e-01 6.321188196373715984e-01 7.723994040699811992e-01 8.836144888423329569e-01 8.678802453417941987e-01 6.478330193389317815e-01 6.373162330241749496e-01 8.947133067215277125e-01 2.591468108965399586e-01 6.971102259170014470e-01 9.298156246317512696e-01 8.588106047175346758e-01 8.949908928669433883e-02 2.777786647197621472e-01 3.977143866867463573e-01 4.555886437358173668e-01 9.626068218213147398e-01 7.128286683410689495e-01 7.035405464448638568e-01 6.472779419643063248e-01 4.645904401311953258e-01 5.071020217555388676e-01 6.904567231692717577e-01 4.721947636075890520e-01 8.803996552914482576e-01 5.134585628966218396e-01 5.249234318215055817e-01 6.864585337864406167e-01 9.624651949787031979e-01
5.519143415406698727e-01 1.082068381080843800e+00 4.166658566300545097e-01 6.428225874471854562e-01 5.597451791939884735e-01 9.637934614857683879e-01 0.000000000000000000e+00 3.305478285968878605e-01 7.652519081802169332e-01 9.319165054020246419e-01 7.044616266589902587e-01 4.960380920587800779e-01 6.232191405880888047e-01 3.579459355394102316e-01 9.982837612121804316e-01 1.013428199564759380e+00 9.004747992887427444e-01 7.890908609704414545e-01 7.204712098427640266e-01 9.206765634989704239e-01 9.263830757537715455e-01 3.647086568906734994e-01 3.320452609070050354e-01 6.131640747139185388e-01 1.190400238153181689e-01 1.283431849431904970e-01 3.240693369276302360e-01 3.279291554636282191e-01 5.045336426402752261e-01 1.052820037772896233e+00 4.358332774791278674e-01 1.389975642371727438e-01 3.290770624519562260e-01 9.228477350269583823e-01 8.586616054133472398e-01 8.283067408440969448e-01 7.278669688535144289e-01 1.717974041875875435e-01 7.721290625776352501e-01 4.225499626512133067e-01 4.945736957731077799e-01 6.458373026310612053e-01 6.379566053881932097e-01 4.706879652085553256e-01 5.616259710508451075e-01 4.159151545712948539e-01 5.441043765024086154e-01 4.698891560857572092e-01 3.644324801142014847e-01 2.807999165645140294e-01
2.418718254775709953e-01 7.548627960129046244e-01 1.701570464991607745e-01 3.873408799872226638e-01 3.958071965582015683e-01 6.520800567784875712e-01 3.305478285968878605e-01 0.000000000000000000e+00 5.507979641346424371e-01 6.182656397914487734e-01 4.010385506329405270e-01 2.738845993193537165e-01 3.476988122528770764e-01 3.215428134681304062e-01 6.691238830595888087e-01 6.835746810957671338e-01 5.770861322390523629e-01 4.586127905121848980e-01 5.124109183993549310e-01 6.292156375563237036e-01 6.137267731152652450e-01 2.367215261672383775e-01 7.876867884374988416e-02 4.036677924845492593e-01 2.916769626261545567e-01 2.773565134495325490e-01 1.492528937281892565e-01 6.580396295791854366e-02 3.921227249495543021e-01 7.225562711178019626e-01 3.770086073455812259e-01 3.532900804411776008e-01 4.135786948973732557e-01 6.246058420208780992e-01 5.281271074750757410e-01 5.035042324862998298e-01 4.084179541180610329e-01 3.121191517035758478e-01 5.178372824595461887e-01 3.687953370016975874e-01 2.244012405101297736e-01 4.498591109455711279e-01 3.241246142260642560e-01 2.272078362675989116e-01 3.483022957331097791e-01 3.253899462421352973e-01 2.210685728782635917e-01 2.526939143913364827e-01 1.077939005463206812e-01 4.597377290169731845e-01
6.122457896536844801e-01 5.997449560593848261e-01 6.788837166404574353e-01 7.947593234495506920e-01 8.943555775343803305e-01 8.194305976127914670e-01 7.652519081802169332e-01 5.507979641346424371e-01 0.000000000000000000e+00 3.944109037954017238e-01 6.985929903301810739e-01 2.827118216453612942e-01 7.372084651888132223e-01 4.332209411625043693e-01 5.750164954704104492e-01 6.014989588452156477e-01 6.993985383063539008e-01 5.345899170403788370e-01 4.530538060771364256e-02 2.863658321718305921e-01 3.857016871513886946e-01 7.807091752555829212e-01 6.242448062102062822e-01 1.538819380968362849e-01 7.948728879601264508e-01 7.851180416762548742e-01 6.971396363263507867e-01 6.129183045897791393e-01 2.897070508742057293e-01 6.948962513258168938e-01 9.210502091402313907e-01 8.560415624038318905e-01 9.603173649641693066e-01 8.547649921697048070e-01 5.478065056454387571e-01 4.299990095251922662e-01 3.659983559213101922e-01 6.212315362232261329e-01 1.107234368739717090e-01 9.143606800702281934e-01 3.288889197552240518e-01 9.110461059488172975e-01 3.441377508699896004e-01 3.248020187474576215e-01 8.193963863502452538e-01 3.651238415490187794e-01 4.149463923719700076e-01 7.511713043671383039e-01 4.500411116653597055e-01 9.880115114360012996e-01
5.142998911429008668e-01 2.060711421900579543e-01 6.537264523991135334e-01 6.440010746387397900e-01 8.020279708538923247e-01 5.028552291704910804e-01 9.319165054020246419e-01 6.182656397914487734e-01 3.944109037954017238e-01 0.000000000000000000e+00 5.029581746246690743e-01 4.771025629581463479e-01 5.922203429396867280e-01 7.002976261452004136e-01 1.895774564299128051e-01 2.159616309157089409e-01 3.882736690940039592e-01 2.750949462306541138e-01 4.125658591263610675e-01 1.291302664339081530e-01 8.721250102993828579e-03 7.776311088118776915e-01 6.594794166861093210e-01 4.340848008304953320e-01 9.098375540481156154e-01 8.956148333843632070e-01 7.204126262950540927e-01 6.543522913828175858e-01 6.027206455984283062e-01 3.140946819053004879e-01 8.972420880003767474e-01 9.715500945958939205e-01 1.001850164204596716e+00 5.661669843322889584e-01 2.367427747207690447e-01 1.442519226852043701e-01 2.112234092393374119e-01 8.419003413665177016e-01 2.874548757995111781e-01 8.960616353846005966e-01 4.450659645358580607e-01 7.770187535432877546e-01 2.952075661876565338e-01 4.794501330765321701e-01 7.155341102629655392e-01 6.389972082916031138e-01 3.978099983647179205e-01 6.925535355545505700e-01 5.678832407559262219e-01 1.069506218155491073e+00
1.591751929214836048e-01 5.246690199877412919e-01 2.924996501499725898e-01 1.483299492364685279e-01 3.248650624617612226e-01 2.601521285401411365e-01 7.044616266589902587e-01 4.010385506329405270e-01 6.985929903301810739e-01 5.029581746246690743e-01 0.000000000000000000e+00 5.288175206718974675e-01 1.113563078163217618e-01 6.893323027298690064e-01 4.299973106394729960e-01 4.294193632904683144e-01 2.236441756741536224e-01 2.286933469319114010e-01 6.812630434167330495e-01 5.930884486189258453e-01 5.043335252522500589e-01 3.915951437458570772e-01 3.736727214261329477e-01 6.099451511232556467e-01 6.236017075776443264e-01 6.078478718232349642e-01 3.877990424256252955e-01 3.796800474585355634e-01 6.981231368340097276e-01 4.171464287324408993e-01 4.622265761840179676e-01 6.706676807406468654e-01 6.126821263249589977e-01 2.235672915187948417e-01 2.845028383350438617e-01 3.603244294302428430e-01 3.514089242842355354e-01 7.131476698773177025e-01 6.076684349940486563e-01 4.663140093324495417e-01 4.474419261683423299e-01 2.793021910796225082e-01 3.547355235689580999e-01 4.864764239705091087e-01 2.425252535479773541e-01 6.662427713109729810e-01 3.123628465126957465e-01 2.719957405672694950e-01 4.523056339091672262e-01 7.112193447753263342e-01
3.990593067785466741e-01 6.631811407815692005e-01 4.208597764885136927e-01 5.838796724889719902e-01 6.470770346385059657e-01 7.240193725126021773e-01 4.960380920587800779e-01 2.738845993193537165e-01 2.827118216453612942e-01 4.771025629581463479e-01 5.288175206718974675e-01 0.000000000000000000e+00 5.301118345378924568e-01 2.244756663301257227e-01 5.999562481033429151e-01 6.222261623417467691e-01 6.169190556479549059e-01 4.538924523711560521e-01 2.415354142967230111e-01 4.361333455048669872e-01 4.698407301529802793e-01 5.093553095194028879e-01 3.507776983220200484e-01 1.308926850245671070e-01 5.143379463332554691e-01 5.039600551633146575e-01 4.228577822933148878e-01 3.385368178909292647e-01 1.713814216922195377e-01 6.934247420511168158e-01 6.501145842447624279e-01 5.762376210522993647e-01 6.783919445225309319e-01 7.303236831368975501e-01 5.021124475232147111e-01 4.188879982160820248e-01 3.133201995890503300e-01 3.743437661507580949e-01 2.761003718036184051e-01 6.422839937140596422e-01 8.146921340336879536e-02 6.812812003234074432e-01 2.292710912987414862e-01 4.962300521256239605e-02 5.822891529348755979e-01 1.688640914997113496e-01 2.173302464776688814e-01 5.000868548109669298e-01 1.689380237199368806e-01 7.058103258436417837e-01
1.311279072645442079e-01 6.318335629666961273e-01 2.067689791371510322e-01 5.773608695864616835e-02 2.165842812223513769e-01 3.574261873374120491e-01 6.232191405880888047e-01 3.476988122528770764e-01 7.372084651888132223e-01 5.922203429396867280e-01 1.113563078163217618e-01 5.301118345378924568e-01 0.000000000000000000e+00 6.590130010722582421e-01 5.366787221678807063e-01 5.377058577970518227e-01 3.344364930823164328e-01 3.248253732662511606e-01 7.138455529713173542e-01 6.700264281242829245e-01 5.925264015412317065e-01 2.889389715132664738e-01 3.022326374595994403e-01 6.295081393528302316e-01 5.329291744559716548e-01 5.174674477473537593e-01 2.997742140013957002e-01 3.110346933809950420e-01 6.917049411630823430e-01 5.284573267999244095e-01 3.510627728717755081e-01 5.754808391682283419e-01 5.043512948638438909e-01 3.025848133092270964e-01 3.873566342693118281e-01 4.479704891185554150e-01 4.176257769536981801e-01 6.536887648141541662e-01 6.569049388949258494e-01 3.554083250383265891e-01 4.499734039317251910e-01 1.863947972138553233e-01 3.974525200907190192e-01 4.831402246211243257e-01 1.321156190150926113e-01 6.467104817829130159e-01 3.267774165399148778e-01 1.675454207047741839e-01 4.212786410706028661e-01 6.056589692394971358e-01
5.372611499679958991e-01 8.875910021988501208e-01 4.912607114066554481e-01 7.039989374360973162e-01 7.127908441907819803e-01 9.145683215730640025e-01 3.579459355394102316e-01 3.215428134681304062e-01 4.332209411625043693e-01 7.002976261452004136e-01 6.893323027298690064e-01 2.244756663301257227e-01 6.590130010722582421e-01 0.000000000000000000e+00 8.228061170556983939e-01 8.444573898740028728e-01 8.166573603611420040e-01 6.619965998156249753e-01 3.880981284619502980e-01 6.488735047973663850e-01 6.928336417760183608e-01 5.325530041705266449e-01 3.922024999266735534e-01 2.950033770496472418e-01 4.243914081755283951e-01 4.202559627029909817e-01 4.474785516755520609e-01 3.792470129448962668e-01 1.504090758323072818e-01 9.117816798652922383e-01 6.613227085966301155e-01 4.765317906206146814e-01 6.305439253779325792e-01 9.066893883233622109e-01 7.167852787049993069e-01 6.413331004463950213e-01 5.347156181425282151e-01 1.945990355603894328e-01 4.702541975873059665e-01 6.503028303788859210e-01 2.794444931283049383e-01 7.711999893074301671e-01 4.464048733905897626e-01 2.362863880898320446e-01 6.697618173749626536e-01 6.845685976349293045e-02 4.030502078780626718e-01 5.732266738208307011e-01 2.385721845541946828e-01 6.209777608739183163e-01
4.996689638146666335e-01 9.530570289496909098e-02 6.554721614722471834e-01 5.783031541261342001e-01 7.531929016555487522e-01 3.447823081491128705e-01 9.982837612121804316e-01 6.691238830595888087e-01 5.750164954704104492e-01 1.895774564299128051e-01 4.299973106394729960e-01 5.999562481033429151e-01 5.366787221678807063e-01 8.228061170556983939e-01 0.000000000000000000e+00 2.663170464683220495e-02 2.482962239401776960e-01 2.241266137555077143e-01 5.874004806147237190e-01 3.182644663815213937e-01 1.975484244849846360e-01 7.767661655496005402e-01 6.900303301410749546e-01 5.884798981927058525e-01 9.543460472619653689e-01 9.390215237216866795e-01 7.381421735905594472e-01 6.884659363682393840e-01 7.482555349577306725e-01 1.246137896218496716e-01 8.764314138717895775e-01 1.012580993373330962e+00 1.006429145829631722e+00 4.219329567406940318e-01 1.531402478967990033e-01 1.815232464322041606e-01 2.885239785862791506e-01 9.367996079549743005e-01 4.649961067376540136e-01 8.780813785301633256e-01 5.473649159870903613e-01 7.077179267270046203e-01 3.794572595655195668e-01 5.884092526086864838e-01 6.684352452250155174e-01 7.685482007706515573e-01 4.563143590955802131e-01 6.722364436156996748e-01 6.476488718502628750e-01 1.089547484603559324e+00
5.071008915474574108e-01 9.701947888579186274e-02 6.638329071072049947e-01 5.773707543784203366e-01 7.538000326610337920e-01 3.282064820171549657e-01 1.013428199564759380e+00 6.835746810957671338e-01 6.014989588452156477e-01 2.159616309157089409e-01 4.294193632904683144e-01 6.222261623417467691e-01 5.377058577970518227e-01 8.444573898740028728e-01 2.663170464683220495e-02 0.000000000000000000e+00 2.378133495518190144e-01 2.326381822833276380e-01 6.136050524577413290e-01 3.444572751558155344e-01 2.239898424228264906e-01 7.841225445736854649e-01 7.019082221794596954e-01 6.133606332931095251e-01 9.669451755508530200e-01 9.515263593030558464e-01 7.481440340486993357e-01 7.007943098673232729e-01 7.721609946742707953e-01 9.863090229308373036e-02 8.806152729772321885e-01 1.024595182910590596e+00 1.013710987415828990e+00 4.078681774722937581e-01 1.606493989036514858e-01 2.033400561814915630e-01 3.097617237265559154e-01 9.553422176545643962e-01 4.914072071213289039e-01 8.826590649771927088e-01 5.679743349601126257e-01 7.053845204538232716e-01 3.997939480203404061e-01 6.094480638052695021e-01 6.697645182667228969e-01 7.909820350246824505e-01 4.732182030961885610e-01 6.774568413399619793e-01 6.654630167336919033e-01 1.098681533145847933e+00
3.513237762856539215e-01 3.340455319944705681e-01 5.041196834047260156e-01 3.621759541462387655e-01 5.419644008541680824e-01 1.206146639566591100e-01 9.004747992887427444e-01 5.770861322390523629e-01 6.993985383063539008e-01 3.882736690940039592e-01 2.236441756741536224e-01 6.169190556479549059e-01 3.344364930823164328e-01 8.166573603611420040e-01 2.482962239401776960e-01 2.378133495518190144e-01 0.000000000000000000e+00 1.688115995228813560e-01 6.962755877266040283e-01 5.077294616732547228e-01 3.931766939620228718e-01 6.119411047168761275e-01 5.697903937236509231e-01 6.571430499832161543e-01 8.312579694426202037e-01 8.154173647080643628e-01 5.976403131499875565e-01 5.728393660971381474e-01 7.860660545926011489e-01 1.992237523159834933e-01 6.854805485300465850e-01 8.824120228639980024e-01 8.356867675231215431e-01 1.785791748299848380e-01 1.578618640005299556e-01 2.773752748531880252e-01 3.369539893497920935e-01 8.814495146315447505e-01 5.924076184920051835e-01 6.898073867862345443e-01 5.430252833325776018e-01 4.817958200327712159e-01 3.942193351048916550e-01 5.867709259124135324e-01 4.633741863890566415e-01 7.778971815694178948e-01 4.136329612870285333e-01 4.942376468477449047e-01 5.968308763796810190e-01 9.322635929706512004e-01
2.755725489809910389e-01 3.181669591313209811e-01 4.315049744689767874e-01 3.731263840583263214e-01 5.400390196291058320e-01 2.863342117881537696e-01 7.890908609704414545e-01 4.586127905121848980e-01 5.345899170403788370e-01 2.750949462306541138e-01 2.286933469319114010e-01 4.538924523711560521e-01 3.248253732662511606e-01 6.619965998156249753e-01 2.241266137555077143e-01 2.326381822833276380e-01 1.688115995228813560e-01 0.000000000000000000e+00 5.292149136246080410e-01 3.742755567934811789e-01 2.769777607900187344e-01 5.526453788831935388e-01 4.709800642476237309e-01 4.884228529445837075e-01 7.366889062724746307e-01 7.211395574579839707e-01 5.155836967721749708e-01 4.705766811372199543e-01 6.209000868511086457e-01 2.642782740229107086e-01 6.547158026810288023e-01 7.934465457119503906e-01 7.823065203436324611e-01 3.222609146693942717e-01 7.203731291930252911e-02 1.356056880538505649e-01 1.693727170327550546e-01 7.466023991948721461e-01 4.300152056289091029e-01 6.558269929197306780e-01 3.838737224667790882e-01 5.059865739881387325e-01 2.273075503151108789e-01 4.277297712869890245e-01 4.538281246807265856e-01 6.185118049696263220e-01 2.640542102895193088e-01 4.495171458220517113e-01 4.560990204110927371e-01 8.660943302199696214e-01
5.867934795067106801e-01 6.186368605816017219e-01 6.455498297950884590e-01 7.710830653775585519e-01 8.640360845822910862e-01 8.153852937987101646e-01 7.204712098427640266e-01 5.124109183993549310e-01 4.530538060771364256e-02 4.125658591263610675e-01 6.812630434167330495e-01 2.415354142967230111e-01 7.138455529713173542e-01 3.880981284619502980e-01 5.874004806147237190e-01 6.136050524577413290e-01 6.962755877266040283e-01 5.292149136246080410e-01 0.000000000000000000e+00 3.131828787831527627e-01 4.038561897858363725e-01 7.444035457806551515e-01 5.870392016868364315e-01 1.111272081708790105e-01 7.516503932107689856e-01 7.421235433739111764e-01 6.598431877032150394e-01 5.754273468268689129e-01 2.456026807672938017e-01 7.046535385741594659e-01 8.850538868282975535e-01 8.125695583755975226e-01 9.199032289722874900e-01 8.462453513732548505e-01 5.483134248192540472e-01 4.332411522751715705e-01 3.598455057140450553e-01 5.759295764283306474e-01 1.252622596821822976e-01 8.780183239347225665e-01 2.930839966347096870e-01 8.843477094786691417e-01 3.269251457738884814e-01 2.854383938141928367e-01 7.909144753208443568e-01 3.199357484976391164e-01 3.885811968182537046e-01 7.195896931754623971e-01 4.099547458144617851e-01 9.454951985168237316e-01
5.738617458389938530e-01 3.216412117517152836e-01 6.962484129118934328e-01 7.251337337362064872e-01 8.696846039759603686e-01 6.252458643418177253e-01 9.206765634989704239e-01 6.292156375563237036e-01 2.863658321718305921e-01 1.291302664339081530e-01 5.930884486189258453e-01 4.361333455048669872e-01 6.700264281242829245e-01 6.488735047973663850e-01 3.182644663815213937e-01 3.444572751558155344e-01 5.077294616732547228e-01 3.742755567934811789e-01 3.131828787831527627e-01 0.000000000000000000e+00 1.217066130675712038e-01 8.173116820797065030e-01 6.828370473593478041e-01 3.613848074059773929e-01 9.151999648367070694e-01 9.021126620747510483e-01 7.499560770260437215e-01 6.754824614859722409e-01 5.319820858111716788e-01 4.428759617314916852e-01 9.462173768088368853e-01 9.780042027694028084e-01 1.032554015662252578e+00 6.832198007763718994e-01 3.512394881577237116e-01 2.391580237093623995e-01 2.555662760234988506e-01 8.103692739536112466e-01 1.915963755321511419e-01 9.433240895346343136e-01 4.262630549897085674e-01 8.564076308443514529e-01 3.125698750441032736e-01 4.516617919179122254e-01 7.845605604689797064e-01 5.830448828226594271e-01 4.199947592655089434e-01 7.470145446714056003e-01 5.593983205252518465e-01 1.088654949010694040e+00
5.129512088363163969e-01 2.147808972514069215e-01 6.512788958698336739e-01 6.446619389919134857e-01 8.016370298230518499e-01 5.083375844534979704e-01 9.263830757537715455e-01 6.137267731152652450e-01 3.857016871513886946e-01 8.721250102993828579e-03 5.043335252522500589e-01 4.698407301529802793e-01 5.925264015412317065e-01 6.928336417760183608e-01 1.975484244849846360e-01 2.239898424228264906e-01 3.931766939620228718e-01 2.769777607900187344e-01 4.038561897858363725e-01 1.217066130675712038e-01 0.000000000000000000e+00 7.750962765728722781e-01 6.557470308359364397e-01 4.257857712276339468e-01 9.052066676722961835e-01 8.910418293685863356e-01 7.171409948846215743e-01 6.504736334530912822e-01 5.945788700632431700e-01 3.219804956294265996e-01 8.954539765139116758e-01 9.670140335706421952e-01 9.988390428854273528e-01 5.708064879497783961e-01 2.405998870986064131e-01 1.447161232801553732e-01 2.074934340801925514e-01 8.353314240344066333e-01 2.787385585224028683e-01 8.941474044429102985e-01 4.386922635378096014e-01 7.776220190788195596e-01 2.902638857802684047e-01 4.727312698792670576e-01 7.151938745860717539e-01 6.313356987208170734e-01 3.935476468158919938e-01 6.910268574557288934e-01 5.622080280670795904e-01 1.065779988539139911e+00
2.771233322258068177e-01 8.705657428927318087e-01 1.240859350798539651e-01 2.922518458146333709e-01 1.984276354592738878e-01 6.462338967645068211e-01 3.647086568906734994e-01 2.367215261672383775e-01 7.807091752555829212e-01 7.776311088118776915e-01 3.915951437458570772e-01 5.093553095194028879e-01 2.889389715132664738e-01 5.325530041705266449e-01 7.767661655496005402e-01 7.841225445736854649e-01 6.119411047168761275e-01 5.526453788831935388e-01 7.444035457806551515e-01 8.173116820797065030e-01 7.750962765728722781e-01 0.000000000000000000e+00 1.586333222558674316e-01 6.376545154206201271e-01 2.575668864507362210e-01 2.434217717645419110e-01 8.829916113936245314e-02 1.711291397669331693e-01 6.245823771356106002e-01 7.948998121387436111e-01 1.408286147450890091e-01 2.911763159271295032e-01 2.296641322286583631e-01 5.892633018292169345e-01 6.239702771279287408e-01 6.424924893637619094e-01 5.701181770352623523e-01 4.487779440753622562e-01 7.355509979552310451e-01 1.336557753547225891e-01 4.518367287481586669e-01 2.813154352516671342e-01 5.052426135506875582e-01 4.614254860346708731e-01 1.997189370570709721e-01 5.509119957424707392e-01 3.989603267374281503e-01 1.214197899972451339e-01 3.444573409730852798e-01 3.203370462208526281e-01
2.199074786308606311e-01 7.796411953619922786e-01 1.033703610696424940e-01 3.337487926551142570e-01 3.209094436684478691e-01 6.321188196373715984e-01 3.320452609070050354e-01 7.876867884374988416e-02 6.242448062102062822e-01 6.594794166861093210e-01 3.736727214261329477e-01 3.507776983220200484e-01 3.022326374595994403e-01 3.922024999266735534e-01 6.900303301410749546e-01 7.019082221794596954e-01 5.697903937236509231e-01 4.709800642476237309e-01 5.870392016868364315e-01 6.828370473593478041e-01 6.557470308359364397e-01 1.586333222558674316e-01 0.000000000000000000e+00 4.795016971522114146e-01 2.658756353800238448e-01 2.502544777545834265e-01 7.289911915352000060e-02 1.327083384000758183e-02 4.703123396126484002e-01 7.307565840071916785e-01 2.993388427505764282e-01 3.226870654440691655e-01 3.503706748838845697e-01 5.946872548235322409e-01 5.425846120130158878e-01 5.349792266870879720e-01 4.482801096949896036e-01 3.528126207860802221e-01 5.848176582279290825e-01 2.915863729577399810e-01 2.956650888542596833e-01 3.810026439859954261e-01 3.716048392109973508e-01 3.030763384936000504e-01 2.806944365583023959e-01 4.013630859037267684e-01 2.642542830937390508e-01 1.823039760241694507e-01 1.864575710302278089e-01 4.100349389378417087e-01
4.995334761716784255e-01 6.355532013040160466e-01 5.433513314182953913e-01 6.856667647048184655e-01 7.659285198437048026e-01 7.723994040699811992e-01 6.131640747139185388e-01 4.036677924845492593e-01 1.538819380968362849e-01 4.340848008304953320e-01 6.099451511232556467e-01 1.308926850245671070e-01 6.295081393528302316e-01 2.950033770496472418e-01 5.884798981927058525e-01 6.133606332931095251e-01 6.571430499832161543e-01 4.884228529445837075e-01 1.111272081708790105e-01 3.613848074059773929e-01 4.257857712276339468e-01 6.376545154206201271e-01 4.795016971522114146e-01 0.000000000000000000e+00 6.410030687905987623e-01 6.313062256223125335e-01 5.520389050769999306e-01 4.675703367814909583e-01 1.709364228257765905e-01 6.967023332167401328e-01 7.784773138483687127e-01 7.021636661116797962e-01 8.091885798543789754e-01 7.926166508429882684e-01 5.211493158602756859e-01 4.169859021621269424e-01 3.246342660887763243e-01 4.748449177303872837e-01 1.759542878327208792e-01 7.710260763104936910e-01 1.901087213360847794e-01 7.925286840260571397e-01 2.664882616233643642e-01 1.765296983877816528e-01 6.962871331927306118e-01 2.269512180758788966e-01 3.031968326622427878e-01 6.199198592719952217e-01 2.997597670458044261e-01 8.344600596581137619e-01
4.799928933090256700e-01 1.042594778067884587e+00 3.311111352893895687e-01 5.455869204393143379e-01 4.470882191346526313e-01 8.836144888423329569e-01 1.190400238153181689e-01 2.916769626261545567e-01 7.948728879601264508e-01 9.098375540481156154e-01 6.236017075776443264e-01 5.143379463332554691e-01 5.329291744559716548e-01 4.243914081755283951e-01 9.543460472619653689e-01 9.669451755508530200e-01 8.312579694426202037e-01 7.366889062724746307e-01 7.516503932107689856e-01 9.151999648367070694e-01 9.052066676722961835e-01 2.575668864507362210e-01 2.658756353800238448e-01 6.410030687905987623e-01 0.000000000000000000e+00 1.584165417270922901e-02 2.358026651760522230e-01 2.662090138756965096e-01 5.597566996619102175e-01 9.964876722147774091e-01 3.171657058847256461e-01 6.291286523892641869e-02 2.178758879098927348e-01 8.353907967104898802e-01 8.081401271607517867e-01 7.937562670646168828e-01 7.000748939092933387e-01 2.639842020017407198e-01 7.851118946406372423e-01 3.038638880409635923e-01 4.936962252903651649e-01 5.356915529126078379e-01 6.151994698309241061e-01 4.795029158797819435e-01 4.572001459714172822e-01 4.717318157225849906e-01 5.126991605367331450e-01 3.713405142049376884e-01 3.586408763274094302e-01 1.979519568082852288e-01
4.641550490427397979e-01 1.027425450061416390e+00 3.153683322396296229e-01 5.305764912058108518e-01 4.343537946512434633e-01 8.678802453417941987e-01 1.283431849431904970e-01 2.773565134495325490e-01 7.851180416762548742e-01 8.956148333843632070e-01 6.078478718232349642e-01 5.039600551633146575e-01 5.174674477473537593e-01 4.202559627029909817e-01 9.390215237216866795e-01 9.515263593030558464e-01 8.154173647080643628e-01 7.211395574579839707e-01 7.421235433739111764e-01 9.021126620747510483e-01 8.910418293685863356e-01 2.434217717645419110e-01 2.502544777545834265e-01 6.313062256223125335e-01 1.584165417270922901e-02 0.000000000000000000e+00 2.200527302237989813e-01 2.507437676490631429e-01 5.535330107912346254e-01 9.807898306748255024e-01 3.076099604108162300e-01 7.609484220941642452e-02 2.165149790247758999e-01 8.198814741350004542e-01 7.926276544459774920e-01 7.789016049075898618e-01 6.856478393492402290e-01 2.652245369048432111e-01 7.737043523154665259e-01 2.943426040560574442e-01 4.815656803815535070e-01 5.223964007033538026e-01 6.011677737488189122e-01 4.683006992895281106e-01 4.428906867859575547e-01 4.658987572274027600e-01 4.982652764898589659e-01 3.563160548015731899e-01 3.465905173487704993e-01 2.049848829761013180e-01
2.478119668291433597e-01 8.298309694907497480e-01 9.531905080810890163e-02 3.193509465287954208e-01 2.697558335576743516e-01 6.478330193389317815e-01 3.240693369276302360e-01 1.492528937281892565e-01 6.971396363263507867e-01 7.204126262950540927e-01 3.877990424256252955e-01 4.228577822933148878e-01 2.997742140013957002e-01 4.474785516755520609e-01 7.381421735905594472e-01 7.481440340486993357e-01 5.976403131499875565e-01 5.155836967721749708e-01 6.598431877032150394e-01 7.499560770260437215e-01 7.171409948846215743e-01 8.829916113936245314e-02 7.289911915352000060e-02 5.520389050769999306e-01 2.358026651760522230e-01 2.200527302237989813e-01 0.000000000000000000e+00 8.447368843386134085e-02 5.363707975849838494e-01 7.693260619982441595e-01 2.278209682502072286e-01 2.847783437963351538e-01 2.828771385649873071e-01 6.012032196913333904e-01 5.876209957985035759e-01 5.911485184177662777e-01 5.099314781250128270e-01 3.797374641425471653e-01 6.568884624940189987e-01 2.195457240785758657e-01 3.685504063982965040e-01 3.413358794700532828e-01 4.376029409862521868e-01 3.755319235058343086e-01 2.465531567938284152e-01 4.634468992400767040e-01 3.300210906539693956e-01 1.492750760314804637e-01 2.567090756510527205e-01 3.524140189445786886e-01
2.243162396514043755e-01 7.774803462594980230e-01 1.149546086680909435e-01 3.439260929004374634e-01 3.340286116432729657e-01 6.373162330241749496e-01 3.279291554636282191e-01 6.580396295791854366e-02 6.129183045897791393e-01 6.543522913828175858e-01 3.796800474585355634e-01 3.385368178909292647e-01 3.110346933809950420e-01 3.792470129448962668e-01 6.884659363682393840e-01 7.007943098673232729e-01 5.728393660971381474e-01 4.705766811372199543e-01 5.754273468268689129e-01 6.754824614859722409e-01 6.504736334530912822e-01 1.711291397669331693e-01 1.327083384000758183e-02 4.675703367814909583e-01 2.662090138756965096e-01 2.507437676490631429e-01 8.447368843386134085e-02 0.000000000000000000e+00 4.570915870632858979e-01 7.313853602830343581e-01 3.116815256852116800e-01 3.241821121232742464e-01 3.587690990143814207e-01 6.014537145382414796e-01 5.419496584065600642e-01 5.314234175590708542e-01 4.431348355169904552e-01 3.430634100917243079e-01 5.748542968434172673e-01 3.037472579492428437e-01 2.846256634623186565e-01 3.934558780616755347e-01 3.649808338225857263e-01 2.910728070122199362e-01 2.929101585923225004e-01 3.881052590705210137e-01 2.579828240569704279e-01 1.947881085927186395e-01 1.735811893615974155e-01 4.155509629600029897e-01
5.618126616607889146e-01 8.013643752199252068e-01 5.573907989746876845e-01 7.432302313539991268e-01 7.857314553305374538e-01 8.947133067215277125e-01 5.045336426402752261e-01 3.921227249495543021e-01 2.897070508742057293e-01 6.027206455984283062e-01 6.981231368340097276e-01 1.713814216922195377e-01 6.917049411630823430e-01 1.504090758323072818e-01 7.482555349577306725e-01 7.721609946742707953e-01 7.860660545926011489e-01 6.209000868511086457e-01 2.456026807672938017e-01 5.319820858111716788e-01 5.945788700632431700e-01 6.245823771356106002e-01 4.703123396126484002e-01 1.709364228257765905e-01 5.597566996619102175e-01 5.535330107912346254e-01 5.363707975849838494e-01 4.570915870632858979e-01 0.000000000000000000e+00 8.501002259802226124e-01 7.615134335451377856e-01 6.157195942732182070e-01 7.550620332376858368e-01 9.016676858355383573e-01 6.644295226608230021e-01 5.709151191833051753e-01 4.700179347313714340e-01 3.448179668005167398e-01 3.437826583555346760e-01 7.518115568969419016e-01 2.514758905733556205e-01 8.306100630586822353e-01 3.938314599227923929e-01 2.116889434360138267e-01 7.294935842506902191e-01 8.888848595909144834e-02 3.881294907109855696e-01 6.397590084112769748e-01 2.873022904370898800e-01 7.577043702035142214e-01
5.222859869137509436e-01 1.658041570174928203e-01 6.797711515831234008e-01 5.600793726511953396e-01 7.396935412647366315e-01 2.591468108965399586e-01 1.052820037772896233e+00 7.225562711178019626e-01 6.948962513258168938e-01 3.140946819053004879e-01 4.171464287324408993e-01 6.934247420511168158e-01 5.284573267999244095e-01 9.117816798652922383e-01 1.246137896218496716e-01 9.863090229308373036e-02 1.992237523159834933e-01 2.642782740229107086e-01 7.046535385741594659e-01 4.428759617314916852e-01 3.219804956294265996e-01 7.948998121387436111e-01 7.307565840071916785e-01 6.967023332167401328e-01 9.964876722147774091e-01 9.807898306748255024e-01 7.693260619982441595e-01 7.313853602830343581e-01 8.501002259802226124e-01 0.000000000000000000e+00 8.786107761835471042e-01 1.051529342775884945e+00 1.022467973242750627e+00 3.458565162818026950e-01 1.981053350061479368e-01 2.800072372012386013e-01 3.808716568677654180e-01 1.008891647759458943e+00 5.843214518925307077e-01 8.821121575001582560e-01 6.326150622575947846e-01 6.810186178661987721e-01 4.655779327645629406e-01 6.755013020067921481e-01 6.593580314978396695e-01 8.620143337269539074e-01 5.245458359894418221e-01 6.814231780119920368e-01 7.178759501531990495e-01 1.114064867930178115e+00
3.843048876490634536e-01 9.715389669381702120e-01 2.510302679191149799e-01 3.305294448665689888e-01 1.663543920927005593e-01 6.971102259170014470e-01 4.358332774791278674e-01 3.770086073455812259e-01 9.210502091402313907e-01 8.972420880003767474e-01 4.622265761840179676e-01 6.501145842447624279e-01 3.510627728717755081e-01 6.613227085966301155e-01 8.764314138717895775e-01 8.806152729772321885e-01 6.854805485300465850e-01 6.547158026810288023e-01 8.850538868282975535e-01 9.462173768088368853e-01 8.954539765139116758e-01 1.408286147450890091e-01 2.993388427505764282e-01 7.784773138483687127e-01 3.171657058847256461e-01 3.076099604108162300e-01 2.278209682502072286e-01 3.116815256852116800e-01 7.615134335451377856e-01 8.786107761835471042e-01 0.000000000000000000e+00 3.241545867209558174e-01 1.729196010869900046e-01 6.270224236385358862e-01 7.236312039314932720e-01 7.576735428323315702e-01 6.945151062605049441e-01 5.537661508705847835e-01 8.734233777235063112e-01 1.331350113103940865e-02 5.922786500159755718e-01 2.584598746361200239e-01 6.364113919995090241e-01 6.022497847442077612e-01 2.251624505680370480e-01 6.850741982168842004e-01 5.321993970820411146e-01 2.059690093673484101e-01 4.845282065557322548e-01 2.862398298178541745e-01
