0.000000000000000000e+00 1.897446133899071408e-01 3.896977776380515790e-01 1.549492672665524207e-01 6.739066098219337331e-01 1.744311689563936285e-01 3.596670394501808032e-01 7.168486356296865925e-01 3.771423281561995244e-01 5.899214329420644498e-01 6.038332732505006240e-01 3.235955209524445375e-01 4.792470680479468115e-01 4.179177094281488758e-01 5.446292734569365690e-01 6.678645107300697215e-02 2.175870771562464778e-01 1.621618145250818266e-01 2.946023590254523428e-01 2.957032408655532185e-01 4.374629879513012853e-01 3.756379524139414894e-01 3.610946483390841677e-01 4.565756853378141189e-01 1.382064405046511124e-01 4.504797097835886444e-01 3.446214563858768787e-01 1.722999302976088720e-01 5.210185406451950385e-01 3.194765351729716985e-01 2.907232623819958617e-01 1.617051082682731677e-01 4.072697767663880364e-01 3.435749733044224374e-01 4.688091006814367745e-01 5.393053131672155276e-01 4.718619263349013160e-01 2.541250934839748843e-01 3.136738414765490868e-01 6.154433672997542404e-01 3.314272811221187220e-01 2.982131865533634296e-01 3.433321055486395212e-01 1.062235482219015953e-01 5.424809312475776801e-01 3.808170082737667994e-01 5.625671345482695651e-01 3.664634362434286419e-01 2.829408785109462365e-01 5.691343508298210008e-01
1.897446133899071408e-01 0.000000000000000000e+00 3.572867530062045494e-01 3.431084270771474487e-01 5.086063493480391662e-01 1.591783751157431828e-02 4.639226994156255834e-01 5.275034784472508731e-01 3.770296267653969191e-01 4.362752980004455106e-01 4.180377989389597038e-01 5.133213443009241317e-01 2.895700251025033478e-01 2.460734578892528057e-01 5.271084409273536497e-01 1.277470555174368416e-01 4.449322774058495772e-02 2.181648663744214789e-01 3.010975573940761763e-01 3.117602250323879276e-01 5.395395021516694589e-01 5.650925871856746774e-01 4.089521791754384128e-01 4.794144691226345789e-01 5.206099443498619916e-02 4.102992423530376631e-01 2.376832731676484234e-01 3.563496282548267446e-01 3.744146972113756577e-01 3.783552071536112060e-01 4.256673398969713640e-01 3.348574278947210603e-01 5.958294703846171991e-01 1.785451756495906039e-01 5.572237016101564411e-01 4.612979609583665042e-01 3.161958740678905699e-01 2.703517061347366357e-01 3.269460871880828789e-01 4.598470162429714181e-01 5.131580141047701327e-01 1.460189469812646357e-01 5.319218390527944429e-01 2.945994974402206257e-01 5.434930819900242183e-01 2.455213492970501898e-01 4.892462553059879204e-01 2.196818173075990033e-01 2.891109548790957162e-01 4.844343873115606880e-01
3.896977776380515790e-01 3.572867530062045494e-01 0.000000000000000000e+00 4.952551503174007497e-01 7.851258298397251201e-01 3.521181970983769949e-01 7.491722342915683175e-01 6.404807580318164772e-01 7.236868415547165201e-01 3.567752276809191270e-01 6.325684071840524947e-01 5.959606742561552872e-01 4.863815473265603040e-01 3.239873671210251049e-01 8.811995931851691610e-01 3.488198779803677874e-01 3.968953259516692644e-01 2.318864558403347653e-01 6.423795362307014312e-01 1.126653937779157899e-01 8.270944471683651100e-01 6.557616671849894052e-01 1.609911325051736897e-01 8.197288482293823009e-01 3.502600628713619657e-01 6.083946039757236884e-02 5.918731587194407950e-01 4.360081223524291949e-01 6.936733225955927784e-01 1.759460722019291212e-01 3.380291219414259252e-01 5.353510810124462171e-01 6.377102535404863826e-01 2.868906672875196628e-01 8.572948664469096647e-01 8.161516533504148407e-01 2.935313647387652325e-01 1.416254123705927015e-01 6.667171841795244136e-01 3.808019360640910733e-01 5.250895166286781990e-01 4.894183831144235386e-01 5.866537268425091600e-01 4.255750645519508213e-01 8.930536950931717843e-01 2.166956423659787689e-01 1.847151015990004530e-01 5.560555267871801766e-01 1.130535869057161108e-01 2.024135512990644092e-01
1.549492672665524207e-01 3.431084270771474487e-01 4.952551503174007497e-01 0.000000000000000000e+00 8.041502616024636119e-01 3.282092565176870091e-01 3.058069727294419060e-01 8.705993127458293568e-01 4.165200164630161184e-01 7.381183049747218616e-01 7.507287775568168842e-01 1.750927624137091909e-01 6.315289596972870623e-01 5.718255881151346198e-01 5.773551903096335591e-01 2.214210772563558471e-01 3.665621548957089249e-01 2.672911286385868390e-01 3.461095840650442179e-01 3.867384538446303477e-01 3.745818423947146480e-01 2.227388043582193000e-01 4.185311206219055613e-01 4.660116873674769455e-01 2.923621164823499430e-01 5.548783729538626641e-01 4.561025144046653157e-01 9.018872475676005529e-02 6.426792388206519213e-01 3.754483232763796696e-01 2.726330429734005190e-01 6.728788820582695673e-02 2.653368200898945650e-01 4.970896693178610271e-01 4.164610643667693846e-01 6.161757678894546064e-01 6.219558580838636663e-01 3.536854402548458842e-01 3.554036739444867421e-01 7.640181880805463344e-01 2.161525572004507623e-01 4.345785183017687459e-01 2.030834156790445599e-01 6.992723233865394405e-02 5.608116565563137090e-01 5.274797343983181896e-01 6.778632018848171903e-01 4.956578840679631837e-01 3.822467143166236592e-01 6.898153873618476650e-01
6.739066098219337331e-01 5.086063493480391662e-01 7.851258298397251201e-01 8.041502616024636119e-01 0.000000000000000000e+00 5.236720886925980700e-01 7.429182916859344843e-01 3.431229654328817880e-01 5.208008792472603732e-01 5.908681207025504589e-01 1.852270917412097984e-01 9.781864660320942484e-01 3.059661050201433752e-01 4.728367930376309869e-01 5.231887426713591749e-01 6.266068918040461622e-01 4.676624790571542456e-01 7.234760604778113224e-01 5.253001808271031692e-01 7.886478731709466450e-01 7.866960786231640412e-01 1.018752669642297271e+00 8.911771829510514165e-01 5.957185574578967024e-01 5.553587785753655304e-01 8.156475912051243116e-01 3.559449721279672185e-01 8.457278749808287976e-01 1.693899623285858025e-01 8.691831061401935621e-01 9.342651411072987466e-01 7.662820532758808367e-01 1.069487069811412727e+00 4.982462151052309274e-01 7.708290683517795561e-01 3.489054054561737117e-01 5.403991245928866372e-01 7.549425207602695753e-01 5.378149924742571253e-01 5.940608613876940947e-01 1.004724334443015676e+00 3.758640382743695940e-01 1.006916390668251005e+00 7.775269267471458523e-01 5.743319642889184173e-01 5.752736431778069370e-01 8.248584881570732996e-01 3.089301834118041157e-01 7.644381849871890733e-01 8.007378285374072702e-01
1.744311689563936285e-01 1.591783751157431828e-02 3.521181970983769949e-01 3.282092565176870091e-01 5.236720886925980700e-01 0.000000000000000000e+00 4.565080031601688182e-01 5.425338369522653137e-01 3.775405336698688941e-01 4.449447326857567386e-01 4.339530035742028558e-01 4.979285911803151277e-01 3.050888086331075555e-01 2.569150032298744279e-01 5.301668232359629807e-01 1.119294714276791725e-01 5.744105041447892385e-02 2.046896304835709446e-01 3.000590515217443355e-01 3.022381548172484722e-01 5.326645439203194776e-01 5.499540891040619606e-01 3.982313467273031482e-01 4.787856589822093722e-01 3.637919724382115971e-02 4.062834221612415808e-01 2.465112248591739275e-01 3.405078775889301412e-01 3.879016441203937404e-01 3.667493521331362527e-01 4.107076427045464606e-01 3.213841743071461088e-01 5.801540220726878472e-01 1.875990524325729658e-01 5.515502596272308100e-01 4.692381055781899013e-01 3.246983727459639146e-01 2.602116041919019795e-01 3.257085236559398300e-01 4.688509477932569780e-01 4.972486288260800635e-01 1.585344607259077943e-01 5.162578996702960055e-01 2.789934397322017534e-01 5.450576490145675468e-01 2.504737253029739596e-01 4.888454325669397971e-01 2.324400163709132439e-01 2.799838325381757143e-01 4.851572276438044784e-01
3.596670394501808032e-01 4.639226994156255834e-01 7.491722342915683175e-01 3.058069727294419060e-01 7.429182916859344843e-01 4.565080031601688182e-01 0.000000000000000000e+00 9.262919649383014598e-01 2.284833044344581066e-01 8.997805762129562623e-01 7.629827471555857832e-01 3.910171129147885227e-01 6.915855461202864429e-01 7.058943123750587301e-01 3.350584799974342665e-01 4.051429793977896487e-01 4.563472765264862119e-01 5.208453108019732714e-01 2.223854399381490210e-01 6.538287420833173158e-01 7.819985124662044707e-02 3.936150931129367425e-01 7.077799374939535149e-01 2.081091873750500199e-01 4.346797266959914752e-01 8.098795566093445197e-01 4.048650772480794635e-01 3.959475016594865560e-01 5.750197859764915043e-01 6.645630819493201225e-01 5.783298591082965956e-01 2.409786748075912755e-01 4.753776854697641108e-01 6.421608281693720333e-01 1.120118437061124184e-01 4.464762021190114005e-01 7.799482133603224954e-01 6.132558783739430197e-01 2.059974985952069682e-01 9.228913474020599139e-01 4.869148918693582684e-01 4.579592513670540654e-01 4.351820732817327508e-01 3.570192997732802853e-01 2.996985138335820364e-01 7.057695207901981682e-01 9.185032701913421471e-01 4.800995277453398713e-01 6.422555013962875092e-01 9.222177987188312498e-01
7.168486356296865925e-01 5.275034784472508731e-01 6.404807580318164772e-01 8.705993127458293568e-01 3.431229654328817880e-01 5.425338369522653137e-01 9.262919649383014598e-01 0.000000000000000000e+00 7.410047912088097988e-01 3.282061970921393845e-01 1.861072648365243720e-01 1.039843919258948368e+00 2.417828876326154897e-01 3.339920615167206175e-01 8.035784404317306562e-01 6.524092970581605311e-01 5.071900878821757885e-01 6.871287295705212905e-01 7.084879829844858978e-01 6.923640361484592054e-01 9.888607186357601941e-01 1.092468330495937057e+00 7.865534940474444570e-01 8.387175512039255487e-01 5.786511161455636376e-01 6.463815473006093715e-01 5.292180903276557657e-01 8.774881829686552726e-01 4.201178834922995042e-01 7.808059483698173153e-01 8.988205044065826765e-01 8.579200043481992610e-01 1.119385287201375645e+00 4.018826156319211806e-01 9.877335360649456275e-01 6.404678431135110150e-01 3.471848175716444884e-01 6.747734668385741985e-01 7.299787596957835190e-01 3.186863471323956309e-01 1.028320016415562588e+00 4.706700276516097015e-01 1.055854038698436970e+00 8.200456997969785000e-01 8.480192384088397484e-01 4.321392626304544349e-01 6.046395971847947637e-01 4.492657420779968547e-01 6.707639109201356531e-01 5.730474403699772346e-01
3.771423281561995244e-01 3.770296267653969191e-01 7.236868415547165201e-01 4.165200164630161184e-01 5.208008792472603732e-01 3.775405336698688941e-01 2.284833044344581066e-01 7.410047912088097988e-01 0.000000000000000000e+00 7.804772137457378633e-01 5.650470719561169197e-01 5.591714029584415879e-01 5.229996530326880277e-01 5.832018798556175554e-01 1.675962685787588946e-01 3.865516902339765637e-01 3.489600781167698784e-01 5.254515321328482313e-01 8.343843666610643861e-02 6.529707438835327116e-01 2.658965944784162927e-01 5.796858308844804464e-01 7.325393133406731261e-01 1.062854457084248944e-01 3.737139527780885540e-01 7.805513036889273337e-01 2.139606838413267986e-01 4.964181610332148997e-01 3.565218892398337447e-01 6.927008926965217972e-01 6.590897479323986063e-01 3.534750839493229213e-01 6.518955001822220874e-01 5.354052758894365383e-01 2.526534303293245798e-01 2.215286630330829121e-01 6.670665506505661924e-01 6.089573840245033898e-01 6.390852127250008785e-02 8.001144356770766297e-01 6.303408155129628376e-01 3.028128311965906927e-01 5.992900750622102146e-01 4.344724367188032010e-01 1.696994588674470006e-01 6.160188038432735658e-01 8.661772251818060653e-01 2.951395656674236090e-01 6.347183913532166155e-01 8.612941652829849692e-01
5.899214329420644498e-01 4.362752980004455106e-01 3.567752276809191270e-01 7.381183049747218616e-01 5.908681207025504589e-01 4.449447326857567386e-01 8.997805762129562623e-01 3.282061970921393845e-01 7.804772137457378633e-01 0.000000000000000000e+00 4.067188986296057518e-01 8.829340243169021551e-01 3.074095631199945666e-01 1.977278071927464353e-01 8.989150717403597834e-01 5.248881046440744269e-01 4.454321010673255032e-01 4.915018453655271569e-01 7.178755944141111955e-01 4.412652208636754780e-01 9.745900344320822528e-01 9.416544948274491178e-01 5.167243631130077341e-01 8.867626593275002023e-01 4.716666213350635406e-01 3.439275396206546431e-01 5.805174432688872121e-01 7.120806372500755321e-01 5.778592453259021600e-01 5.242715441810283927e-01 6.723238925384292797e-01 7.510702444274801604e-01 9.451238272268828178e-01 2.577399961346467649e-01 9.894084251793048290e-01 7.726986096888509570e-01 1.202730810903030051e-01 4.410208618412998494e-01 7.436590895209965746e-01 2.634863212686489389e-02 8.389434965683985057e-01 4.787755836359214867e-01 8.860970105645010753e-01 6.730641953726780313e-01 9.299373347761070718e-01 2.108024456783082756e-01 2.790970953923895270e-01 5.079782580833027694e-01 4.255900919668633708e-01 2.463250507067475115e-01
6.038332732505006240e-01 4.180377989389597038e-01 6.325684071840524947e-01 7.507287775568168842e-01 1.852270917412097984e-01 4.339530035742028558e-01 7.629827471555857832e-01 1.861072648365243720e-01 5.650470719561169197e-01 4.067188986296057518e-01 0.000000000000000000e+00 9.250017177023103221e-01 1.480496340570898739e-01 3.097120756261832475e-01 6.183711702926849574e-01 5.454184894119943339e-01 3.862465537537084770e-01 6.139058269933924672e-01 5.413931211140202704e-01 6.544537248493648152e-01 8.207051006446272057e-01 9.729549596691423607e-01 7.558144195261756737e-01 6.591537590569337413e-01 4.697356077288650789e-01 6.555455576277363638e-01 3.588652690935560385e-01 7.738160880676313580e-01 2.340233271040688401e-01 7.400524272523665292e-01 8.300134053367158593e-01 7.269164338161000494e-01 1.010960688355930337e+00 3.520106863165625710e-01 8.155408698060878647e-01 4.543606193533756277e-01 3.662092357549407429e-01 6.265761553055877453e-01 5.608473686993480367e-01 4.091101102952010571e-01 9.311746687692651347e-01 3.226468419374311503e-01 9.470529857494918158e-01 7.100133249391141765e-01 6.636748197653190573e-01 4.165832476894326675e-01 6.507622083001524116e-01 2.833734964057655903e-01 6.306911134332320312e-01 6.246441689542421294e-01
3.235955209524445375e-01 5.133213443009241317e-01 5.959606742561552872e-01 1.750927624137091909e-01 9.781864660320942484e-01 4.979285911803151277e-01 3.910171129147885227e-01 1.039843919258948368e+00 5.591714029584415879e-01 8.829340243169021551e-01 9.250017177023103221e-01 0.000000000000000000e+00 8.028417090879368390e-01 7.306001288991387232e-01 7.076503870603956248e-01 3.874417079477950887e-01 5.396549571189177552e-01 3.927799898427924985e-01 4.995344994237780889e-01 4.833375699913082246e-01 4.382450884869466545e-01 5.998031712964824874e-02 4.790748855083172275e-01 5.859471521373401659e-01 4.616087193528827237e-01 6.506196709414602264e-01 6.274220817469582379e-01 1.708679344134820532e-01 8.152267136705876327e-01 4.409626854182834843e-01 2.880924841721226870e-01 2.161449368194102438e-01 9.392825669366401675e-02 6.555131771427202825e-01 4.861258972631330999e-01 7.714836260822433012e-01 7.716401560590255837e-01 4.619292400613695393e-01 5.034868491140164215e-01 9.092268014845243940e-01 1.134536827980466150e-01 6.096694931270614237e-01 4.451756641464929554e-02 2.199928327009257334e-01 6.816516789629778472e-01 6.732182217851043760e-01 7.801381168480777673e-01 6.701641789550490946e-01 4.868760278484398074e-01 7.980373082009787344e-01
4.792470680479468115e-01 2.895700251025033478e-01 4.863815473265603040e-01 6.315289596972870623e-01 3.059661050201433752e-01 3.050888086331075555e-01 6.915855461202864429e-01 2.417828876326154897e-01 5.229996530326880277e-01 3.074095631199945666e-01 1.480496340570898739e-01 8.028417090879368390e-01 0.000000000000000000e+00 1.672313995735143777e-01 6.144310136618619245e-01 4.166210822949618087e-01 2.661129693219358994e-01 4.711425710702956127e-01 4.792847415628548324e-01 5.065076364389874408e-01 7.575894103406735081e-01 8.540591042380774045e-01 6.077756446036045590e-01 6.262269199021234245e-01 3.414657069411166646e-01 5.123609311745179751e-01 3.094511881964472910e-01 6.444684226812299466e-01 2.705677572618281346e-01 5.923919093882271669e-01 6.871889252548754046e-01 6.165754805474427114e-01 8.850714672580016762e-01 2.039793097166383296e-01 7.607582031138412360e-01 4.728709418692031985e-01 2.366166656886215525e-01 4.792449680901729181e-01 5.025504443394301912e-01 3.178989684624806689e-01 7.990905147504265837e-01 2.336265564916431559e-01 8.212158841188200720e-01 5.840664645467602556e-01 6.520696541522658096e-01 2.719495789380179107e-01 5.196021920477774669e-01 2.287089400909481096e-01 4.827971637445059305e-01 4.965410289190440030e-01
4.179177094281488758e-01 2.460734578892528057e-01 3.239873671210251049e-01 5.718255881151346198e-01 4.728367930376309869e-01 2.569150032298744279e-01 7.058943123750587301e-01 3.339920615167206175e-01 5.832018798556175554e-01 1.977278071927464353e-01 3.097120756261832475e-01 7.306001288991387232e-01 1.672313995735143777e-01 0.000000000000000000e+00 7.062302421585874290e-01 3.511465883476574956e-01 2.497360877128206313e-01 3.575150121797944780e-01 5.201794607339813581e-01 3.602920780166108949e-01 7.796521470241725149e-01 7.868355616498359240e-01 4.575981670251665356e-01 6.894695822670245944e-01 2.878202699725594949e-01 3.460378445768808597e-01 3.871704383486618828e-01 5.620804949626725389e-01 4.151472770221998343e-01 4.485559262747386144e-01 5.658073583257132722e-01 5.747211076357561232e-01 8.030818335843724620e-01 7.510651655384928405e-02 7.929983797510049559e-01 5.903805203865248874e-01 8.676859702823162823e-02 3.408907584608369956e-01 5.459450283525164593e-01 2.188056980163657073e-01 7.053271186174728813e-01 2.827550570200901836e-01 7.408637003236874241e-01 5.124220859887776980e-01 7.351315644659022208e-01 1.073090455017323280e-01 3.558075505894463531e-01 3.193026814435497851e-01 3.380156974698614314e-01 3.352479989596138243e-01
5.446292734569365690e-01 5.271084409273536497e-01 8.811995931851691610e-01 5.773551903096335591e-01 5.231887426713591749e-01 5.301668232359629807e-01 3.350584799974342665e-01 8.035784404317306562e-01 1.675962685787588946e-01 8.989150717403597834e-01 6.183711702926849574e-01 7.076503870603956248e-01 6.144310136618619245e-01 7.062302421585874290e-01 0.000000000000000000e+00 5.514044380207019369e-01 4.931240994083858076e-01 6.907365317012693628e-01 2.502007892253875765e-01 8.161206012158125356e-01 3.349751215455589182e-01 7.205443458600082618e-01 8.982802647467281743e-01 1.269838340478320338e-01 5.314671307608371809e-01 9.363598377459979583e-01 3.190639405358705605e-01 6.602635805177358153e-01 3.860971188483587335e-01 8.589561661446835084e-01 8.260328037505348941e-01 5.120950280902881735e-01 7.979438395646132332e-01 6.691659014436779351e-01 2.991659879781126130e-01 1.743080335949144521e-01 7.926102117155219284e-01 7.720860796275791360e-01 2.314111613809853307e-01 9.158742666655663722e-01 7.874793521440738298e-01 4.251543455002681493e-01 7.497440893720669353e-01 6.001557138804166636e-01 5.322842163784645420e-02 7.546925012943386246e-01 1.013971290739235975e+00 3.918059027146444384e-01 7.970118303412589977e-01 1.006110116496178319e+00
6.678645107300697215e-02 1.277470555174368416e-01 3.488198779803677874e-01 2.214210772563558471e-01 6.266068918040461622e-01 1.119294714276791725e-01 4.051429793977896487e-01 6.524092970581605311e-01 3.865516902339765637e-01 5.248881046440744269e-01 5.454184894119943339e-01 3.874417079477950887e-01 4.166210822949618087e-01 3.511465883476574956e-01 5.514044380207019369e-01 0.000000000000000000e+00 1.613248512951747649e-01 1.393908262626090411e-01 3.032147984504240945e-01 2.672451222012760530e-01 4.833343936504126415e-01 4.407798816918518381e-01 3.470817878929269851e-01 4.759194300352329043e-01 7.575205765961559590e-02 4.087247084115206985e-01 3.154515475021770765e-01 2.286115063342990805e-01 4.807452777644274922e-01 3.086478473642057518e-01 3.153713965833624955e-01 2.262271385445201455e-01 4.684505825431841686e-01 2.768833395511803297e-01 5.105977880552503567e-01 5.246498671510947398e-01 4.062328825989942049e-01 2.234420344762380328e-01 3.256202764319844345e-01 5.502310018706355610e-01 3.858636987563164866e-01 2.520353332366771504e-01 4.045991523194029105e-01 1.677185026381769473e-01 5.556628594577749380e-01 3.170095643183871714e-01 5.134487500355966461e-01 3.239970106497650493e-01 2.503426934775592749e-01 5.172463982728160437e-01
2.175870771562464778e-01 4.449322774058495772e-02 3.968953259516692644e-01 3.665621548957089249e-01 4.676624790571542456e-01 5.744105041447892385e-02 4.563472765264862119e-01 5.071900878821757885e-01 3.489600781167698784e-01 4.454321010673255032e-01 3.862465537537084770e-01 5.396549571189177552e-01 2.661129693219358994e-01 2.497360877128206313e-01 4.931240994083858076e-01 1.613248512951747649e-01 0.000000000000000000e+00 2.620816627074117333e-01 2.773561617918444133e-01 3.555478516096607922e-01 5.299186283387140595e-01 5.893008981916098010e-01 4.532488225304079354e-01 4.534158215945751080e-01 8.777712377977520131e-02 4.482114684607129695e-01 1.954962972581711089e-01 3.882496303763840473e-01 3.304672068924258688e-01 4.228397282429883219e-01 4.673369810151108972e-01 3.507412264091269161e-01 6.247666603241974759e-01 1.903288263702354044e-01 5.439822137712401195e-01 4.196979193318715606e-01 3.269339909314782355e-01 3.144767762333561811e-01 3.034110006232256795e-01 4.677581769669366674e-01 5.465430078229804867e-01 1.015376254013555940e-01 5.608444654032419541e-01 3.237793921195533109e-01 5.124404197572161035e-01 2.672462612095047318e-01 5.208919119381376639e-01 1.752760289483174527e-01 3.326813409663286203e-01 5.138813485771300815e-01
1.621618145250818266e-01 2.181648663744214789e-01 2.318864558403347653e-01 2.672911286385868390e-01 7.234760604778113224e-01 2.046896304835709446e-01 5.208453108019732714e-01 6.871287295705212905e-01 5.254515321328482313e-01 4.915018453655271569e-01 6.139058269933924672e-01 3.927799898427924985e-01 4.711425710702956127e-01 3.575150121797944780e-01 6.907365317012693628e-01 1.393908262626090411e-01 2.620816627074117333e-01 0.000000000000000000e+00 4.420287334512673638e-01 1.335462141915366718e-01 5.982464211992639669e-01 4.521728521269920975e-01 2.077063211082910421e-01 6.124110755210228074e-01 1.808898649526260449e-01 2.925814675590638902e-01 4.433984163715746218e-01 2.227269959514262543e-01 5.925194336446596433e-01 1.699285286145132134e-01 2.161809576431776847e-01 3.036454366419323314e-01 4.540151926585863085e-01 2.856472275936446370e-01 6.306643940987259889e-01 6.594536384722601285e-01 3.842931024836921949e-01 9.247421609665262832e-02 4.638804096250754294e-01 5.178469772368746726e-01 3.505222809128309969e-01 3.630999984314953188e-01 3.945955649049863179e-01 1.974353440714700925e-01 6.941359803068477552e-01 2.841874369692467539e-01 4.116140532424489296e-01 4.370488625693368379e-01 1.216028645324999380e-01 4.226226043690057277e-01
2.946023590254523428e-01 3.010975573940761763e-01 6.423795362307014312e-01 3.461095840650442179e-01 5.253001808271031692e-01 3.000590515217443355e-01 2.223854399381490210e-01 7.084879829844858978e-01 8.343843666610643861e-02 7.178755944141111955e-01 5.413931211140202704e-01 4.995344994237780889e-01 4.792847415628548324e-01 5.201794607339813581e-01 2.502007892253875765e-01 3.032147984504240945e-01 2.773561617918444133e-01 4.420287334512673638e-01 0.000000000000000000e+00 5.698815616984767018e-01 2.804242978716733337e-01 5.263033762708183572e-01 6.491039359596554315e-01 1.788285860392530013e-01 2.933493140894268270e-01 6.998287588082516830e-01 1.826955475864555645e-01 4.215288855348939823e-01 3.561456304762302683e-01 6.093112217003343600e-01 5.791530074810424811e-01 2.868622178352240315e-01 5.933072953536424610e-01 4.669575916542095251e-01 2.815005871484607125e-01 2.720911548097473820e-01 6.016972340561778099e-01 5.258929669184819744e-01 2.605484948106273971e-02 7.387522015162190092e-01 5.619970409258793209e-01 2.485913208850193123e-01 5.374226256679760505e-01 3.572771061039460849e-01 2.525615421082018086e-01 5.440753654763412772e-01 7.886925284775023748e-01 2.597259084484693226e-01 5.518623722618449801e-01 7.851673224019615205e-01
2.957032408655532185e-01 3.117602250323879276e-01 1.126653937779157899e-01 3.867384538446303477e-01 7.886478731709466450e-01 3.022381548172484722e-01 6.538287420833173158e-01 6.923640361484592054e-01 6.529707438835327116e-01 4.412652208636754780e-01 6.544537248493648152e-01 4.833375699913082246e-01 5.065076364389874408e-01 3.602920780166108949e-01 8.161206012158125356e-01 2.672451222012760530e-01 3.555478516096607922e-01 1.335462141915366718e-01 5.698815616984767018e-01 0.000000000000000000e+00 7.309686992717280285e-01 5.431663000187105794e-01 1.025392128979068090e-01 7.430771007795844429e-01 2.895362076879125501e-01 1.694927428952927861e-01 5.487474552888605972e-01 3.240025104384685051e-01 6.764934081803666288e-01 8.844193652106846493e-02 2.333585287791168084e-01 4.309993369061269064e-01 5.268173819316374074e-01 3.032082878929641678e-01 7.639818044042933076e-01 7.708383662855720075e-01 3.556857427271060135e-01 4.404188171928102857e-02 5.926968697238487183e-01 4.668417672569393218e-01 4.148179580275594414e-01 4.555921145176708431e-01 4.746612662866229737e-01 3.177327048994768588e-01 8.224428537471223377e-01 2.610103339592226290e-01 2.972431088529844390e-01 5.275298822788697661e-01 2.421127937001264774e-02 3.147762829906206039e-01
4.374629879513012853e-01 5.395395021516694589e-01 8.270944471683651100e-01 3.745818423947146480e-01 7.866960786231640412e-01 5.326645439203194776e-01 7.819985124662044707e-02 9.888607186357601941e-01 2.658965944784162927e-01 9.745900344320822528e-01 8.207051006446272057e-01 4.382450884869466545e-01 7.575894103406735081e-01 7.796521470241725149e-01 3.349751215455589182e-01 4.833343936504126415e-01 5.299186283387140595e-01 5.982464211992639669e-01 2.804242978716733337e-01 7.309686992717280285e-01 0.000000000000000000e+00 4.313235387929907350e-01 7.827729205405811186e-01 2.126721813772042557e-01 5.117782097828804666e-01 8.878313174094516480e-01 4.619633081140857023e-01 4.639835534371479775e-01 6.216593367215728083e-01 7.394706250051411578e-01 6.468180511881750361e-01 3.122272051414564098e-01 5.158569118024673994e-01 7.172900711133887164e-01 4.837153874184436930e-02 4.705277814671087744e-01 8.550584824134106476e-01 6.907041494437354823e-01 2.598894123219736008e-01 9.973829607514889117e-01 5.411466522140550017e-01 5.245059362106470058e-01 4.827562505502792090e-01 4.298797415990617266e-01 2.909046904088771757e-01 7.825019152930290378e-01 9.967031150427345665e-01 5.401013227567668107e-01 7.197577932407539514e-01 1.000366047268687053e+00
3.756379524139414894e-01 5.650925871856746774e-01 6.557616671849894052e-01 2.227388043582193000e-01 1.018752669642297271e+00 5.499540891040619606e-01 3.936150931129367425e-01 1.092468330495937057e+00 5.796858308844804464e-01 9.416544948274491178e-01 9.729549596691423607e-01 5.998031712964824874e-02 8.540591042380774045e-01 7.868355616498359240e-01 7.205443458600082618e-01 4.407798816918518381e-01 5.893008981916098010e-01 4.521728521269920975e-01 5.263033762708183572e-01 5.431663000187105794e-01 4.313235387929907350e-01 0.000000000000000000e+00 5.368445710829259365e-01 5.960603335027451211e-01 5.138190915790420421e-01 7.101778469793159632e-01 6.651275183510679812e-01 2.297378759425293959e-01 8.537076623678919729e-01 4.993799443283438166e-01 3.437392862255485015e-01 2.525085347965935201e-01 8.540608759275168660e-02 7.117304879065715628e-01 4.796913698118149272e-01 7.965129363091459913e-01 8.296404409504593014e-01 5.219085735996439324e-01 5.275154106925317166e-01 9.679221680086086410e-01 1.578748874004456959e-01 6.546588148130924045e-01 8.039078623943513024e-02 2.746668387705556436e-01 6.907287760109646069e-01 7.316201313640317005e-01 8.398300497144041143e-01 7.123872517827007922e-01 5.468382796204453999e-01 8.579026403156752023e-01
3.610946483390841677e-01 4.089521791754384128e-01 1.609911325051736897e-01 4.185311206219055613e-01 8.911771829510514165e-01 3.982313467273031482e-01 7.077799374939535149e-01 7.865534940474444570e-01 7.325393133406731261e-01 5.167243631130077341e-01 7.558144195261756737e-01 4.790748855083172275e-01 6.077756446036045590e-01 4.575981670251665356e-01 8.982802647467281743e-01 3.470817878929269851e-01 4.532488225304079354e-01 2.077063211082910421e-01 6.491039359596554315e-01 1.025392128979068090e-01 7.827729205405811186e-01 5.368445710829259365e-01 0.000000000000000000e+00 8.170520821646723997e-01 3.815411274692251942e-01 1.945722451689202159e-01 6.438336463560453415e-01 3.406316999117030564e-01 7.774489586576044386e-01 4.335309950238468157e-02 1.970679278302473747e-01 4.729804317839538252e-01 5.047425216386338676e-01 4.039751807706536968e-01 8.195609775757195514e-01 8.636949160545495108e-01 4.438394539070369404e-01 1.392333342160359533e-01 6.704509016576896130e-01 5.411363555006902804e-01 3.916559368514224704e-01 5.542184980142389472e-01 4.612539736291201287e-01 3.548546260803184804e-01 9.006559595391416817e-01 3.545683919598700551e-01 3.219583773218168132e-01 6.269180354682619694e-01 1.267438407898066055e-01 3.477397875069412891e-01
4.565756853378141189e-01 4.794144691226345789e-01 8.197288482293823009e-01 4.660116873674769455e-01 5.957185574578967024e-01 4.787856589822093722e-01 2.081091873750500199e-01 8.387175512039255487e-01 1.062854457084248944e-01 8.867626593275002023e-01 6.591537590569337413e-01 5.859471521373401659e-01 6.262269199021234245e-01 6.894695822670245944e-01 1.269838340478320338e-01 4.759194300352329043e-01 4.534158215945751080e-01 6.124110755210228074e-01 1.788285860392530013e-01 7.430771007795844429e-01 2.126721813772042557e-01 5.960603335027451211e-01 8.170520821646723997e-01 0.000000000000000000e+00 4.718406493257361056e-01 8.777058119287646232e-01 3.168143327631827710e-01 5.524343681861966227e-01 4.395414378001373246e-01 7.758819536349091939e-01 7.254266232222423838e-01 3.992314892864686215e-01 6.748619270629315769e-01 6.410139098870720753e-01 1.829322642319177739e-01 2.621111435683568525e-01 7.732105259888126803e-01 6.993481660236131603e-01 1.535525667997566512e-01 9.063768047836116004e-01 6.706967548779679822e-01 4.089216218142933679e-01 6.287898812094252499e-01 4.970177667199227600e-01 9.593886839474406736e-02 7.206620684861471116e-01 9.675086522567644121e-01 3.975933295390974842e-01 7.261612875467849948e-01 9.637604495474789701e-01
1.382064405046511124e-01 5.206099443498619916e-02 3.502600628713619657e-01 2.923621164823499430e-01 5.553587785753655304e-01 3.637919724382115971e-02 4.346797266959914752e-01 5.786511161455636376e-01 3.737139527780885540e-01 4.716666213350635406e-01 4.697356077288650789e-01 4.616087193528827237e-01 3.414657069411166646e-01 2.878202699725594949e-01 5.314671307608371809e-01 7.575205765961559590e-02 8.777712377977520131e-02 1.808898649526260449e-01 2.933493140894268270e-01 2.895362076879125501e-01 5.117782097828804666e-01 5.138190915790420421e-01 3.815411274692251942e-01 4.718406493257361056e-01 0.000000000000000000e+00 4.068381707435402839e-01 2.630852935944025806e-01 3.043595525718303385e-01 4.151316846513324887e-01 3.476450441683811010e-01 3.804162199557771795e-01 2.877383845230384596e-01 5.437917224035678787e-01 2.162038838753436443e-01 5.331944762295751650e-01 4.822691154475609587e-01 3.514974619637948328e-01 2.462054312182684890e-01 3.183000568149194631e-01 4.961152703581737655e-01 4.614583931906261483e-01 1.847886837781090585e-01 4.798909762012917302e-01 2.426144093417318959e-01 5.428663351021821848e-01 2.713629824862380246e-01 4.972720037109424340e-01 2.584659856647369414e-01 2.685906455346024901e-01 4.960475388702471622e-01
4.504797097835886444e-01 4.102992423530376631e-01 6.083946039757236884e-02 5.548783729538626641e-01 8.156475912051243116e-01 4.062834221612415808e-01 8.098795566093445197e-01 6.463815473006093715e-01 7.805513036889273337e-01 3.439275396206546431e-01 6.555455576277363638e-01 6.506196709414602264e-01 5.123609311745179751e-01 3.460378445768808597e-01 9.363598377459979583e-01 4.087247084115206985e-01 4.482114684607129695e-01 2.925814675590638902e-01 6.998287588082516830e-01 1.694927428952927861e-01 8.878313174094516480e-01 7.101778469793159632e-01 1.945722451689202159e-01 8.777058119287646232e-01 4.068381707435402839e-01 0.000000000000000000e+00 6.418227316002721450e-01 4.934392662236606331e-01 7.337165320724465811e-01 2.192284410085277024e-01 3.842910107798166996e-01 5.958770253073516487e-01 6.883574486016830196e-01 3.205044295080781702e-01 9.178210801788468931e-01 8.656846919509262328e-01 3.009874766785321509e-01 2.017099257320197625e-01 7.244240563442009284e-01 3.658662328478419767e-01 5.751989906129796326e-01 5.373123019593403216e-01 6.393057977323385321e-01 4.853590027717916144e-01 9.495768773913464411e-01 2.405829049679549525e-01 1.304853341634416020e-01 6.014819282015616553e-01 1.727839307396426549e-01 1.535920131121320531e-01
3.446214563858768787e-01 2.376832731676484234e-01 5.918731587194407950e-01 4.561025144046653157e-01 3.559449721279672185e-01 2.465112248591739275e-01 4.048650772480794635e-01 5.292180903276557657e-01 2.139606838413267986e-01 5.805174432688872121e-01 3.588652690935560385e-01 6.274220817469582379e-01 3.094511881964472910e-01 3.871704383486618828e-01 3.190639405358705605e-01 3.154515475021770765e-01 1.954962972581711089e-01 4.433984163715746218e-01 1.826955475864555645e-01 5.487474552888605972e-01 4.619633081140857023e-01 6.651275183510679812e-01 6.438336463560453415e-01 3.168143327631827710e-01 2.630852935944025806e-01 6.418227316002721450e-01 0.000000000000000000e+00 5.093009462404508580e-01 1.886867133104068728e-01 6.106770041488712719e-01 6.296908533533658314e-01 4.128578050901316465e-01 7.201597020962238194e-01 3.530652694983158479e-01 4.586437413107379291e-01 2.242999417978844279e-01 4.736042383232828556e-01 5.065497664578425541e-01 2.020755788236805184e-01 5.981543062905079200e-01 6.654026132009490668e-01 1.083616570447039351e-01 6.589276875802392297e-01 4.399832447157546733e-01 3.496922805451726513e-01 4.406297722374859505e-01 7.055651131038974677e-01 8.118107777987260132e-02 5.264456413645464128e-01 6.947043987396067655e-01
1.722999302976088720e-01 3.563496282548267446e-01 4.360081223524291949e-01 9.018872475676005529e-02 8.457278749808287976e-01 3.405078775889301412e-01 3.959475016594865560e-01 8.774881829686552726e-01 4.964181610332148997e-01 7.120806372500755321e-01 7.738160880676313580e-01 1.708679344134820532e-01 6.444684226812299466e-01 5.620804949626725389e-01 6.602635805177358153e-01 2.286115063342990805e-01 3.882496303763840473e-01 2.227269959514262543e-01 4.215288855348939823e-01 3.240025104384685051e-01 4.639835534371479775e-01 2.297378759425293959e-01 3.406316999117030564e-01 5.524343681861966227e-01 3.043595525718303385e-01 4.934392662236606331e-01 5.093009462404508580e-01 0.000000000000000000e+00 6.905570907355109700e-01 2.985418088776934931e-01 1.828360076723695438e-01 1.566850502055044114e-01 2.420784924328931997e-01 4.871608506555403229e-01 5.063761822257276668e-01 6.865526332142682930e-01 6.009801045054695701e-01 2.973968242606791490e-01 4.337106052335096273e-01 7.383689807925604143e-01 1.591433965247119053e-01 4.703276784948535738e-01 1.790391534817236396e-01 6.931871198716058058e-02 6.463972418116897822e-01 5.023796279175505308e-01 6.206624214453860811e-01 5.375410693523378081e-01 3.240802274140910377e-01 6.360650830735192773e-01
5.210185406451950385e-01 3.744146972113756577e-01 6.936733225955927784e-01 6.426792388206519213e-01 1.693899623285858025e-01 3.879016441203937404e-01 5.750197859764915043e-01 4.201178834922995042e-01 3.565218892398337447e-01 5.778592453259021600e-01 2.340233271040688401e-01 8.152267136705876327e-01 2.705677572618281346e-01 4.151472770221998343e-01 3.860971188483587335e-01 4.807452777644274922e-01 3.304672068924258688e-01 5.925194336446596433e-01 3.561456304762302683e-01 6.764934081803666288e-01 6.216593367215728083e-01 8.537076623678919729e-01 7.774489586576044386e-01 4.395414378001373246e-01 4.151316846513324887e-01 7.337165320724465811e-01 1.886867133104068728e-01 6.905570907355109700e-01 0.000000000000000000e+00 7.501115931687478700e-01 7.948715404487827207e-01 6.013188902776698264e-01 9.075352621258593322e-01 4.151806683195961023e-01 6.087036072933528219e-01 2.203906343525624811e-01 4.969688245151188677e-01 6.383523965151165491e-01 3.693463324656833247e-01 5.883676044679255757e-01 8.485094804799059309e-01 2.303434714817940432e-01 8.457568798890373607e-01 6.215062572145039210e-01 4.331821221353814311e-01 5.022280909249724479e-01 7.682450326142955532e-01 1.569273211213444430e-01 6.526137607997372081e-01 7.496852376315735755e-01
3.194765351729716985e-01 3.783552071536112060e-01 1.759460722019291212e-01 3.754483232763796696e-01 8.691831061401935621e-01 3.667493521331362527e-01 6.645630819493201225e-01 7.808059483698173153e-01 6.927008926965217972e-01 5.242715441810283927e-01 7.400524272523665292e-01 4.409626854182834843e-01 5.923919093882271669e-01 4.485559262747386144e-01 8.589561661446835084e-01 3.086478473642057518e-01 4.228397282429883219e-01 1.699285286145132134e-01 6.093112217003343600e-01 8.844193652106846493e-02 7.394706250051411578e-01 4.993799443283438166e-01 4.335309950238468157e-02 7.758819536349091939e-01 3.476450441683811010e-01 2.192284410085277024e-01 6.106770041488712719e-01 2.985418088776934931e-01 7.501115931687478700e-01 0.000000000000000000e+00 1.651907571347546733e-01 4.296341560678558769e-01 4.712096806512582892e-01 3.900167519098406421e-01 7.763781034599126496e-01 8.287550318924477022e-01 4.430836705294114442e-01 1.143981913521799482e-01 6.302600106677193059e-01 5.493981005883443736e-01 3.578752701859467811e-01 5.242890047690419442e-01 4.251869596317573441e-01 3.115249344880420823e-01 8.603001914055682375e-01 3.493250645179965530e-01 3.492271196055619087e-01 5.976259838184143636e-01 1.106600830376921890e-01 3.725771286901654045e-01
2.907232623819958617e-01 4.256673398969713640e-01 3.380291219414259252e-01 2.726330429734005190e-01 9.342651411072987466e-01 4.107076427045464606e-01 5.783298591082965956e-01 8.988205044065826765e-01 6.590897479323986063e-01 6.723238925384292797e-01 8.300134053367158593e-01 2.880924841721226870e-01 6.871889252548754046e-01 5.658073583257132722e-01 8.260328037505348941e-01 3.153713965833624955e-01 4.673369810151108972e-01 2.161809576431776847e-01 5.791530074810424811e-01 2.333585287791168084e-01 6.468180511881750361e-01 3.437392862255485015e-01 1.970679278302473747e-01 7.254266232222423838e-01 3.804162199557771795e-01 3.842910107798166996e-01 6.296908533533658314e-01 1.828360076723695438e-01 7.948715404487827207e-01 1.651907571347546733e-01 0.000000000000000000e+00 3.378264556340535019e-01 3.076849151037526209e-01 4.972023149859170488e-01 6.890864673820440434e-01 8.300211386865005148e-01 5.785086350194579285e-01 2.323192696341283559e-01 5.952252572258704966e-01 6.982173238349064226e-01 1.947104171143050622e-01 5.647982339972892341e-01 2.660807325464584205e-01 2.285641998710847278e-01 8.172204801134513863e-01 4.792236092441178874e-01 5.144104933498789833e-01 6.379478330485847115e-01 2.469098627429997805e-01 5.373793455149140641e-01
