0.000000000000000000e+00 6.440628867998912099e-01 4.235294960313346624e-01 5.097317848386642147e-01 4.761607676229079877e-01 7.546311518503567850e-01 4.043240145235458827e-01 6.298880929165338038e-01 3.472797560600862088e-01 5.574566394677590297e-01 5.448904189891079497e-01 5.177804545896061983e-01 2.207682055492589945e-01 3.466850023223158050e-01 4.907572409314863715e-01 3.838727639459435514e-01 2.490621720084674195e-01 3.946898207565357475e-01 4.632661092035783024e-01 2.825344849323493390e-01 2.671311596947552602e-01 1.881118172475802763e-01 5.496397365016795211e-01 5.314796483657945325e-01 8.053143695693555371e-01 7.158218663749015276e-01 4.688129580374603700e-01 8.872844856258291224e-02 3.467829877087436063e-01 7.143121260769423886e-01 1.403412619960474617e-01 5.964406772005320656e-01 2.396487520002875404e-01 2.094793591046655024e-01 3.931009445236868238e-01 5.118674955199269405e-01 1.417073553951290199e-01 3.738580406841764958e-01 6.798546282797499618e-01 2.994313537027307182e-01 2.220319321323812878e-01 2.555272664070528665e-01 3.242258467397959310e-01 5.448238063333378234e-01 2.661136510574255154e-01 4.771364990344243440e-01 2.176200697874671186e-01 4.412503332204645301e-01 1.102904672204507719e-01 3.919264617036650189e-01
6.440628867998912099e-01 0.000000000000000000e+00 5.088252192119744333e-01 7.296033672615390708e-01 2.062718226047242365e-01 1.555578269075637843e-01 6.001071788037464216e-01 6.813421788746825136e-01 6.073697710203421751e-01 1.995166234408395911e-01 6.967443978983782760e-01 2.078252364208955372e-01 4.273189654665995874e-01 4.982613830701730917e-01 2.262623634854431520e-01 9.676199466729578091e-01 4.488848399843249348e-01 7.805447407046185448e-01 6.743112781014578561e-01 4.339958134021810188e-01 4.608872803362155657e-01 8.172001861851931892e-01 1.060713399881502567e-01 1.415411766531724236e-01 7.720604930011993883e-01 4.194018415890474749e-01 9.574778655925558768e-01 5.860067191835910405e-01 3.437822109174366036e-01 3.597203730394453736e-01 5.948547152097417579e-01 4.211721580899836503e-01 8.040930467865100573e-01 8.286599791366093815e-01 3.321123636630919918e-01 9.662058658235807007e-01 6.742593135320227304e-01 3.887398944262434042e-01 4.798517173036661032e-01 4.427516975241494457e-01 4.224848269813069601e-01 5.463654357867165912e-01 6.595477331374495211e-01 9.069928119468256833e-01 5.694975000935423859e-01 9.967319455304827214e-01 4.311832725129569610e-01 2.365303146098166887e-01 6.868627286662637443e-01 8.256317508545175654e-01
4.235294960313346624e-01 5.088252192119744333e-01 0.000000000000000000e+00 8.450991266435893268e-01 3.091719277196633975e-01 6.631225190550725790e-01 7.071139508110617644e-01 9.034007800884166217e-01 6.693716943260771268e-01 5.687344341898170619e-01 8.541062084895492124e-01 3.017597121898393797e-01 3.706615096050108749e-01 7.803056990201585885e-02 5.214633502356380568e-01 8.035290286109212365e-01 2.114650164808151711e-01 7.834213028088938824e-01 7.869957463218080207e-01 4.872218520138520970e-01 1.787629458927837978e-01 5.983294866641807319e-01 4.754949892090437058e-01 3.690655111113245734e-01 1.058061585123819981e+00 8.157348040837546499e-01 8.889105319407575312e-01 4.448712302694103893e-01 4.630172686117440817e-01 7.796012734686486034e-01 5.003987788408902349e-01 7.407313474520433871e-01 6.628859698939492118e-01 4.904226634194724377e-01 1.936872236200789243e-01 9.274593301210914964e-01 3.365948680562426132e-01 1.403508104081611085e-01 8.285408220460367401e-01 5.143047156400077924e-01 3.249072557233109726e-01 1.699220251445477670e-01 6.799227311524215223e-01 9.383693524067422409e-01 5.847248242377114380e-01 9.003385933446494960e-01 3.738507918182616963e-01 4.660821444877397135e-01 3.737780676515414791e-01 3.514784380119299056e-01
5.097317848386642147e-01 7.296033672615390708e-01 8.450991266435893268e-01 0.000000000000000000e+00 6.969433731035836743e-01 7.396492139907020480e-01 1.431422737849000759e-01 1.745445075417887126e-01 1.762953942273692565e-01 5.370326291841657218e-01 6.766030860918662015e-02 7.509697912005391940e-01 4.757939174538560190e-01 7.715796840181676775e-01 5.039834424421275605e-01 4.706894844640923670e-01 6.339027980405560481e-01 1.748386899319192000e-01 6.016759960061614926e-02 3.677471735058860380e-01 6.673005362639636839e-01 5.001975771970837981e-01 6.296668566701246750e-01 7.095500635864897543e-01 3.356241996949246853e-01 4.799465555127129246e-01 3.398573974384009322e-01 4.364578077884959662e-01 4.296529592987707313e-01 5.258654068155727002e-01 3.750834412135420903e-01 3.695371261828895304e-01 3.877142900168389361e-01 6.740510866562268166e-01 7.076273330788888094e-01 3.108927866792552397e-01 6.507661358692437004e-01 7.304254423804118490e-01 3.935685283878834761e-01 3.430017910143332571e-01 5.211172028514347021e-01 7.113858217584840826e-01 1.855894365019621906e-01 2.007467144232181200e-01 2.632175081248462889e-01 3.973576512026546492e-01 4.722723840050294664e-01 5.098611933768565363e-01 6.195478333592312481e-01 9.016515987757400818e-01
4.761607676229079877e-01 2.062718226047242365e-01 3.091719277196633975e-01 6.969433731035836743e-01 0.000000000000000000e+00 3.566492338954376229e-01 5.548837400196371394e-01 6.995048936303781550e-01 5.414125758348883322e-01 2.760912882365231247e-01 6.825864975682383040e-01 5.422469008641246646e-02 2.821587914852051737e-01 2.923151526543866230e-01 2.461177818814591356e-01 8.340358580245188502e-01 2.525345310608615446e-01 7.007363679183622462e-01 6.371190476609666087e-01 3.415712193013674125e-01 2.593875941245672445e-01 6.604401233354866285e-01 1.687444260011352337e-01 6.558219509273888193e-02 8.277484971310739015e-01 5.307336677695242422e-01 8.574035788009866099e-01 4.364035905395673987e-01 2.674090689728620407e-01 4.857873677418272917e-01 4.625095027570272355e-01 4.815037840550460135e-01 6.712169926034167178e-01 6.420724157756206862e-01 1.258439417136176242e-01 8.778798442961218695e-01 4.818671857622794374e-01 1.827099691979472695e-01 5.620148708370694690e-01 3.612684978299258165e-01 2.597184674592019626e-01 3.424250522615238101e-01 5.792703856844676480e-01 8.449214047504256531e-01 4.787280988876360666e-01 8.877169290974982196e-01 2.866952302576771250e-01 2.055514708719380912e-01 4.997989544222328773e-01 6.195654679479420945e-01
7.546311518503567850e-01 1.555578269075637843e-01 6.631225190550725790e-01 7.396492139907020480e-01 3.566492338954376229e-01 0.000000000000000000e+00 6.275140760192400302e-01 6.556151535737768654e-01 6.490363159444447749e-01 2.181387650087282803e-01 6.947789189029875967e-01 3.631004713760326297e-01 5.338634510196048621e-01 6.485302242111007365e-01 2.772599792639128813e-01 1.044264561137927316e+00 5.856937443364735874e-01 8.228257124866266148e-01 6.908437091781189920e-01 5.087292152788603916e-01 6.018644187069270846e-01 9.149566507275914695e-01 2.107316418676435654e-01 2.941864518180350996e-01 7.123651697901283164e-01 3.382513380390119728e-01 1.008910033319827981e+00 6.859272095478213815e-01 4.217460355441163822e-01 2.724318284156879155e-01 6.827592299949261090e-01 3.863283665832398794e-01 8.842622470661355427e-01 9.505998064521161695e-01 4.816133933518441101e-01 1.008580297158901296e+00 8.035217785025979831e-01 5.390081205446980439e-01 4.182895744891135248e-01 5.096314003111103164e-01 5.393947395476749174e-01 6.891591758391463207e-01 7.080483298733046826e-01 9.315023626547741520e-01 6.310024336710510218e-01 1.053955573918324395e+00 5.370385552573128107e-01 3.160986631043771200e-01 8.112905560842209596e-01 9.717619667879742185e-01
4.043240145235458827e-01 6.001071788037464216e-01 7.071139508110617644e-01 1.431422737849000759e-01 5.548837400196371394e-01 6.275140760192400302e-01 0.000000000000000000e+00 2.256224118776064269e-01 6.013478610068918179e-02 4.153368851619417823e-01 1.487919938261992037e-01 6.090179093260351673e-01 3.365388273975602473e-01 6.351535430406036742e-01 3.740037964940964854e-01 4.742374678759642692e-01 4.969486529365180760e-01 2.011155119432938843e-01 8.297765648251485826e-02 2.251857386641178682e-01 5.307387610719507265e-01 4.419656989512188439e-01 4.972527472006868510e-01 5.700170453342511268e-01 4.014886304699308850e-01 4.166533563331125123e-01 3.912907105083758275e-01 3.218305865413307876e-01 2.874807880489465006e-01 4.483994415371468367e-01 2.640812583571383598e-01 2.913694215821429068e-01 3.485972458786665840e-01 5.912662343445207469e-01 5.649124315251871087e-01 3.831493015165131633e-01 5.405463443631183251e-01 5.890891791762686847e-01 3.450079611522048895e-01 2.000409964426665133e-01 3.822366690536924128e-01 5.809542638260052350e-01 1.147468608353887365e-01 3.073699635307503009e-01 1.395005997656638130e-01 4.425354670139603486e-01 3.332776636363183331e-01 3.729869210734856888e-01 5.140769807885613440e-01 7.920321543490473903e-01
6.298880929165338038e-01 6.813421788746825136e-01 9.034007800884166217e-01 1.745445075417887126e-01 6.995048936303781550e-01 6.556151535737768654e-01 2.256224118776064269e-01 0.000000000000000000e+00 2.840422806791818577e-01 4.818470381215088083e-01 1.081303941522514800e-01 7.508530924791747552e-01 5.375756622871525892e-01 8.363516555925176732e-01 4.700727430210596691e-01 6.441829793533238036e-01 6.993077478179750006e-01 3.473736450164103817e-01 1.841349490939971356e-01 4.178683338806410408e-01 7.333186043013542044e-01 6.550221244611672544e-01 5.938271412892579537e-01 6.958158661913002030e-01 1.763188648375118295e-01 3.495053110120444062e-01 5.126207485387656027e-01 5.465142873408159740e-01 4.479537368335937408e-01 4.067392121029899665e-01 4.895833509120892102e-01 2.694266102622954739e-01 5.495420947118692112e-01 8.146613093287274898e-01 7.402685896736446169e-01 4.790431368130316225e-01 7.651720945578412980e-01 7.745897873913046849e-01 2.575326692446374133e-01 3.906390929955003144e-01 5.827149410815499753e-01 7.928801947658014049e-01 3.238882454981093506e-01 3.571877449206470323e-01 3.642948842668078946e-01 5.704828572850698665e-01 5.351746411463810249e-01 4.957298204051716617e-01 7.394854605534268988e-01 1.016177059115779047e+00
3.472797560600862088e-01 6.073697710203421751e-01 6.693716943260771268e-01 1.762953942273692565e-01 5.414125758348883322e-01 6.490363159444447749e-01 6.013478610068918179e-02 2.840422806791818577e-01 0.000000000000000000e+00 4.325949109604003695e-01 1.989606346393532899e-01 5.955841464443027977e-01 3.015528966037853698e-01 5.954585330066377580e-01 3.840693309779559250e-01 4.257215057335318464e-01 4.580021685602895798e-01 1.744817107241696252e-01 1.208073012830536280e-01 2.014425864514477471e-01 4.912667963917755620e-01 3.825304964414647513e-01 5.023061777933874872e-01 5.632377910911662289e-01 4.602770666809551381e-01 4.633488192005861817e-01 3.603110851513868784e-01 2.671410499873087541e-01 2.772852491649108742e-01 4.897701724300295156e-01 2.077105636281510737e-01 3.360427847331865503e-01 2.924438162785190642e-01 5.314926297353627094e-01 5.384733644485849569e-01 3.608460864880280172e-01 4.852417226104900894e-01 5.576472120750246564e-01 3.968678177611456581e-01 1.801599965576505258e-01 3.463810941234347629e-01 5.355684929938764327e-01 6.352405238988827196e-02 3.048208248254580255e-01 8.760671571935824131e-02 4.077045492319560926e-01 2.978360832464787555e-01 3.737317004198433823e-01 4.574164472535598991e-01 7.369899721256557568e-01
5.574566394677590297e-01 1.995166234408395911e-01 5.687344341898170619e-01 5.370326291841657218e-01 2.760912882365231247e-01 2.181387650087282803e-01 4.153368851619417823e-01 4.818470381215088083e-01 4.325949109604003695e-01 0.000000000000000000e+00 5.000793662755960156e-01 3.138445948038571243e-01 3.405439503256013634e-01 5.308573391596362878e-01 6.673253088351696616e-02 8.272582463380129258e-01 4.329564772647904181e-01 6.069267385523077207e-01 4.842217987953022496e-01 2.948715695100550538e-01 4.575405046998493042e-01 7.061602456809706885e-01 1.217054011033125993e-01 2.431339788146368863e-01 5.790606716609871807e-01 2.547787970909962119e-01 7.916577158114718182e-01 4.816247162034228424e-01 2.126799576463031249e-01 2.114032078314452001e-01 4.714351887564838806e-01 2.254991750181830623e-01 6.684911296112804324e-01 7.616682880266752997e-01 3.751070399773300257e-01 7.931464462885685629e-01 6.274769037089866774e-01 4.295528590182920992e-01 2.946030314817233431e-01 2.932787826585274704e-01 3.574399947549190548e-01 5.444402241249274299e-01 4.906185579808428621e-01 7.221146600948461503e-01 4.130372506102267804e-01 8.360861395139819185e-01 3.428624213328826387e-01 1.216098397086014526e-01 6.281401779445822120e-01 8.272006206628051972e-01
5.448904189891079497e-01 6.967443978983782760e-01 8.541062084895492124e-01 6.766030860918662015e-02 6.825864975682383040e-01 6.947789189029875967e-01 1.487919938261992037e-01 1.081303941522514800e-01 1.989606346393532899e-01 5.000793662755960156e-01 0.000000000000000000e+00 7.359562450358575481e-01 4.835163754640015021e-01 7.829860972764597360e-01 4.740142024565359713e-01 5.360525925467004571e-01 6.447475799813799924e-01 2.392570788838336293e-01 8.310297146886681807e-02 3.684754100258095799e-01 6.786421992464872766e-01 5.534315581696647168e-01 6.004439895478023148e-01 6.890853381122664656e-01 2.762047490273829009e-01 4.198934745980691385e-01 4.074999866406347482e-01 4.660765033945682423e-01 4.182900820828950872e-01 4.690997706849580617e-01 4.062468418299108874e-01 3.159557407381238803e-01 4.447985534128495733e-01 7.201169032600522879e-01 7.052670616867001696e-01 3.775731243244286883e-01 6.838830715363636292e-01 7.329389175935617784e-01 3.314503337792178983e-01 3.420226153850176032e-01 5.293007264311464510e-01 7.297436815349234163e-01 2.266743665478712644e-01 2.627557580157585115e-01 2.854815437233183539e-01 4.650178101439200185e-01 4.804411903589952404e-01 4.872199755829491052e-01 6.551783591667156292e-01 9.356313586242532843e-01
5.177804545896061983e-01 2.078252364208955372e-01 3.017597121898393797e-01 7.509697912005391940e-01 5.422469008641246646e-02 3.631004713760326297e-01 6.090179093260351673e-01 7.508530924791747552e-01 5.955841464443027977e-01 3.138445948038571243e-01 7.359562450358575481e-01 0.000000000000000000e+00 3.319622288744202288e-01 2.988694155689390342e-01 2.914239152478625416e-01 8.817391562147900430e-01 2.834834869312122807e-01 7.543019515261624175e-01 6.911871843861749909e-01 3.955362136200745171e-01 2.845204262175919374e-01 7.039324502864737765e-01 1.978211506537594366e-01 7.467671974409945124e-02 8.757553281490983998e-01 5.680919492159325346e-01 9.093290744517210644e-01 4.832748075933382403e-01 3.215373221392549552e-01 5.195282670782820356e-01 5.122395952453880907e-01 5.267780692644969953e-01 7.196408860748987335e-01 6.744935905388284025e-01 1.416041031252306404e-01 9.306898333729725081e-01 5.119758889371646138e-01 1.922528204966635901e-01 6.048695368088696789e-01 4.154298321506523783e-01 3.062489160824681811e-01 3.618435092994769509e-01 6.330265932875003276e-01 8.989479940194419205e-01 5.322770339780109605e-01 9.386950980175107206e-01 3.365335391762296346e-01 2.554681077113824528e-01 5.330514011455247392e-01 6.301868267521941736e-01
2.207682055492589945e-01 4.273189654665995874e-01 3.706615096050108749e-01 4.757939174538560190e-01 2.821587914852051737e-01 5.338634510196048621e-01 3.365388273975602473e-01 5.375756622871525892e-01 3.015528966037853698e-01 3.405439503256013634e-01 4.835163754640015021e-01 3.319622288744202288e-01 0.000000000000000000e+00 2.999619627161476676e-01 2.739852855233116391e-01 5.528516381252486234e-01 1.620299768962418507e-01 4.367245558329748700e-01 4.170427643459584388e-01 1.200700164286115229e-01 1.960705470408120876e-01 3.900866073764809316e-01 3.298816751498216959e-01 3.273631950880274699e-01 6.999436541469344908e-01 5.276010778152692149e-01 5.794540181483239794e-01 1.593621800416231138e-01 1.389620362157963918e-01 5.148087160990516553e-01 1.803890005502528093e-01 4.215596568458810922e-01 3.894782150741963878e-01 4.212824415758508190e-01 2.431962582241348481e-01 6.045535816279418162e-01 2.917576375074832362e-01 2.565463731796338021e-01 5.104984056370697187e-01 1.471846907773409763e-01 4.578592945102624018e-02 2.590213896200030397e-01 3.215820441494129378e-01 5.885681676480978286e-01 2.211134271667097861e-01 6.070507118971336658e-01 4.584221360379714220e-03 2.216715769613252507e-01 2.884831999223463339e-01 5.165096359891899747e-01
3.466850023223158050e-01 4.982613830701730917e-01 7.803056990201585885e-02 7.715796840181676775e-01 2.923151526543866230e-01 6.485302242111007365e-01 6.351535430406036742e-01 8.363516555925176732e-01 5.954585330066377580e-01 5.308573391596362878e-01 7.829860972764597360e-01 2.988694155689390342e-01 2.999619627161476676e-01 0.000000000000000000e+00 4.779934881467952090e-01 7.282026258764510152e-01 1.382398753592771756e-01 7.060608979845977018e-01 7.140518755868835443e-01 4.186514402567541593e-01 1.044249566382943473e-01 5.241857407247679790e-01 4.495633966120257674e-01 3.567545248715416895e-01 9.946865907445570087e-01 7.703868310152933718e-01 8.110631571418672747e-01 3.669200197928719764e-01 4.032024651214952682e-01 7.390046269937143864e-01 4.228113062233506136e-01 6.873196022638287106e-01 5.856648493376622744e-01 4.281357832060715962e-01 1.669237909233060035e-01 8.494375717415590943e-01 2.687114852182620472e-01 1.096069824051911917e-01 7.762111040989937427e-01 4.458757252413678707e-01 2.542874702016362232e-01 9.713919002009401005e-02 6.039029796938516492e-01 8.610123731188461527e-01 5.099695696898173258e-01 8.230193163390546740e-01 3.028154174391893827e-01 4.204319912234335543e-01 3.036511532458928686e-01 3.315352360942649956e-01
4.907572409314863715e-01 2.262623634854431520e-01 5.214633502356380568e-01 5.039834424421275605e-01 2.461177818814591356e-01 2.772599792639128813e-01 3.740037964940964854e-01 4.700727430210596691e-01 3.840693309779559250e-01 6.673253088351696616e-02 4.740142024565359713e-01 2.914239152478625416e-01 2.739852855233116391e-01 4.779934881467952090e-01 0.000000000000000000e+00 7.672389152872083340e-01 3.728019351064596476e-01 5.583103949374269570e-01 4.481900417373301249e-01 2.316519607904189426e-01 3.990527147754995285e-01 6.410980368691503450e-01 1.264301235238453336e-01 2.284756649289858554e-01 5.851015460537626334e-01 2.942912547194040940e-01 7.396732259812974775e-01 4.154351292871664159e-01 1.468663504025576327e-01 2.613341069343594336e-01 4.070417956186981323e-01 2.355645431230726783e-01 6.070031973531105907e-01 6.950005284619317214e-01 3.295240378922592583e-01 7.446054992978067277e-01 5.619378100394689657e-01 3.811756630986619099e-01 3.164174999909865615e-01 2.326263505240246388e-01 2.921313180867126658e-01 4.848308880523097830e-01 4.391708647452383651e-01 6.811531785914592962e-01 3.559034750490928101e-01 7.821124796950240654e-01 2.762469888893347436e-01 5.882143502017118941e-02 5.618889408599097024e-01 7.659616479510900078e-01
3.838727639459435514e-01 9.676199466729578091e-01 8.035290286109212365e-01 4.706894844640923670e-01 8.340358580245188502e-01 1.044264561137927316e+00 4.742374678759642692e-01 6.441829793533238036e-01 4.257215057335318464e-01 8.272582463380129258e-01 5.360525925467004571e-01 8.817391562147900430e-01 5.528516381252486234e-01 7.282026258764510152e-01 7.672389152872083340e-01 0.000000000000000000e+00 6.306550136129264184e-01 2.968791375494349016e-01 4.673237583277207730e-01 5.373017424737235315e-01 6.507022177461544432e-01 2.075482823356098183e-01 8.632968779737165699e-01 8.799113228078805360e-01 8.035231922407135574e-01 8.889493684542739693e-01 1.783846750059854824e-01 3.986236028271828991e-01 6.269567621516456413e-01 9.144890215539874800e-01 3.746650708018259834e-01 7.617641149892612207e-01 1.639854100925546565e-01 3.803865398115340857e-01 7.695358108159020549e-01 2.385513809280874198e-01 4.788187681831899134e-01 7.560009183885780804e-01 8.192046117342191014e-01 5.346527569807609792e-01 5.755197244147874924e-01 6.336656548692466417e-01 3.625098716874611826e-01 3.522354380273559071e-01 4.159732397517132418e-01 1.418025757512502982e-01 5.484086355798755141e-01 7.358276101958208804e-01 4.380231512049034825e-01 6.645613590730672371e-01
2.490621720084674195e-01 4.488848399843249348e-01 2.114650164808151711e-01 6.339027980405560481e-01 2.525345310608615446e-01 5.856937443364735874e-01 4.969486529365180760e-01 6.993077478179750006e-01 4.580021685602895798e-01 4.329564772647904181e-01 6.447475799813799924e-01 2.834834869312122807e-01 1.620299768962418507e-01 1.382398753592771756e-01 3.728019351064596476e-01 6.306550136129264184e-01 0.000000000000000000e+00 5.755412149407175271e-01 5.761007867024759976e-01 2.814463629992264848e-01 3.404183296974076789e-02 4.368005717005749577e-01 3.759398730900250785e-01 3.160028627607976981e-01 8.598144673677075023e-01 6.566257896674894123e-01 6.938491632938352804e-01 2.448009613539221252e-01 2.752633593974805337e-01 6.323843754764846281e-01 2.950670223609782594e-01 5.637431088914973687e-01 4.773678740224127637e-01 3.910637272051166180e-01 1.476090119610581342e-01 7.278563984275845389e-01 2.294480437958336949e-01 1.253510967945742072e-01 6.532652504477706179e-01 3.086717031380177834e-01 1.166021882672872018e-01 1.121310681410379456e-01 4.691671189871184922e-01 7.302241530400731540e-01 3.732807174109357695e-01 7.115575645915453995e-01 1.647507561703670242e-01 3.139925865181377174e-01 2.496164838007979003e-01 3.944416838154851668e-01
3.946898207565357475e-01 7.805447407046185448e-01 7.834213028088938824e-01 1.748386899319192000e-01 7.007363679183622462e-01 8.228257124866266148e-01 2.011155119432938843e-01 3.473736450164103817e-01 1.744817107241696252e-01 6.069267385523077207e-01 2.392570788838336293e-01 7.543019515261624175e-01 4.367245558329748700e-01 7.060608979845977018e-01 5.583103949374269570e-01 2.968791375494349016e-01 5.755412149407175271e-01 0.000000000000000000e+00 1.728716415480894830e-01 3.602305550849653204e-01 6.060338877250338596e-01 3.404442961178775762e-01 6.750199422879359368e-01 7.286802400255616430e-01 5.100694505680710700e-01 6.136473589166808740e-01 1.901974476430887684e-01 3.421190941433540633e-01 4.443198011473887821e-01 6.486293324075057543e-01 2.835084156401264099e-01 4.907137239944850959e-01 2.222961468676084018e-01 5.265393647764657903e-01 6.799207985473313398e-01 1.863697083340555560e-01 5.346267445629999671e-01 6.892057119474371829e-01 5.360361733153529151e-01 3.439563395941265256e-01 4.768964459435021674e-01 6.303013142586467721e-01 1.224591577544011656e-01 1.549530296838896870e-01 2.220252175169190045e-01 2.424876581899489680e-01 4.323691442341542901e-01 5.454338741110099642e-01 4.982337230149451179e-01 7.776455639520971630e-01
4.632661092035783024e-01 6.743112781014578561e-01 7.869957463218080207e-01 6.016759960061614926e-02 6.371190476609666087e-01 6.908437091781189920e-01 8.297765648251485826e-02 1.841349490939971356e-01 1.208073012830536280e-01 4.842217987953022496e-01 8.310297146886681807e-02 6.911871843861749909e-01 4.170427643459584388e-01 7.140518755868835443e-01 4.481900417373301249e-01 4.673237583277207730e-01 5.761007867024759976e-01 1.728716415480894830e-01 0.000000000000000000e+00 3.077984658426490272e-01 6.096663685643418651e-01 4.717339790938248623e-01 5.732138007466925922e-01 6.506109737644975022e-01 3.574424300237474816e-01 4.484882861111377239e-01 3.558405062732505897e-01 3.862280321375726189e-01 3.697535854917285425e-01 4.893362492686864629e-01 3.256586188950813532e-01 3.310657374390088004e-01 3.654324280070904152e-01 6.370181631577584991e-01 6.476526568180832610e-01 3.361671246904146537e-01 6.030403686582233025e-01 6.709961478715911198e-01 3.667669841535568520e-01 2.829114654596913137e-01 4.625328503957009674e-01 6.561011066998401198e-01 1.435719906462594175e-01 2.413033009516743765e-01 2.084129197795712984e-01 4.113490875414826387e-01 4.136099293296660040e-01 4.517284726384950266e-01 5.735316819506346420e-01 8.546585040607665995e-01
2.825344849323493390e-01 4.339958134021810188e-01 4.872218520138520970e-01 3.677471735058860380e-01 3.415712193013674125e-01 5.087292152788603916e-01 2.251857386641178682e-01 4.178683338806410408e-01 2.014425864514477471e-01 2.948715695100550538e-01 3.684754100258095799e-01 3.955362136200745171e-01 1.200700164286115229e-01 4.186514402567541593e-01 2.316519607904189426e-01 5.373017424737235315e-01 2.814463629992264848e-01 3.602305550849653204e-01 3.077984658426490272e-01 0.000000000000000000e+00 3.154515627068747441e-01 4.126734338942947278e-01 3.283161122422695311e-01 3.687572831313833954e-01 5.800113055044430199e-01 4.338204728831688284e-01 5.265733820117164399e-01 1.972883238132678851e-01 9.032227598544408098e-02 4.322377116045621470e-01 1.772303816359737938e-01 3.176262701721674353e-01 3.758320660290231374e-01 4.920115993960397227e-01 3.398809308589857969e-01 5.410383047206697160e-01 3.875376173428385917e-01 3.646030095793131864e-01 4.041760263204484671e-01 2.723244539063515365e-02 1.648729780868463113e-01 3.783126768255389294e-01 2.381293343380194716e-01 5.034347977587384504e-01 1.393804611630042878e-01 5.634984273283174527e-01 1.179968889833147155e-01 1.990238981717282196e-01 3.747961697759817912e-01 6.259453513170416539e-01
2.671311596947552602e-01 4.608872803362155657e-01 1.787629458927837978e-01 6.673005362639636839e-01 2.593875941245672445e-01 6.018644187069270846e-01 5.307387610719507265e-01 7.333186043013542044e-01 4.912667963917755620e-01 4.575405046998493042e-01 6.786421992464872766e-01 2.845204262175919374e-01 1.960705470408120876e-01 1.044249566382943473e-01 3.990527147754995285e-01 6.507022177461544432e-01 3.404183296974076789e-02 6.060338877250338596e-01 6.096663685643418651e-01 3.154515627068747441e-01 0.000000000000000000e+00 4.531376680716421301e-01 3.937604599708069975e-01 3.243409460717204817e-01 8.935456610448414549e-01 6.856827026189121765e-01 7.200095091533343927e-01 2.715786633922198101e-01 3.072005377701335638e-01 6.596766838169370040e-01 3.241788356655385672e-01 5.950317812787011551e-01 5.003294378829642453e-01 3.926776896107597170e-01 1.439008307050090030e-01 7.554387250526874986e-01 2.288023408133682268e-01 1.092097108290420310e-01 6.844785440082227224e-01 3.426796603537364816e-01 1.506304382559068011e-01 8.802654020828236392e-02 5.012053646086523928e-01 7.608837206183182156e-01 4.061419452769495786e-01 7.359461071318109671e-01 1.987780931978044563e-01 3.402800259267029226e-01 2.538273530148499879e-01 3.724343046656042322e-01
1.881118172475802763e-01 8.172001861851931892e-01 5.983294866641807319e-01 5.001975771970837981e-01 6.604401233354866285e-01 9.149566507275914695e-01 4.419656989512188439e-01 6.550221244611672544e-01 3.825304964414647513e-01 7.061602456809706885e-01 5.534315581696647168e-01 7.039324502864737765e-01 3.900866073764809316e-01 5.241857407247679790e-01 6.410980368691503450e-01 2.075482823356098183e-01 4.368005717005749577e-01 3.404442961178775762e-01 4.717339790938248623e-01 4.126734338942947278e-01 4.531376680716421301e-01 0.000000000000000000e+00 7.177782214769853342e-01 7.129945092440984622e-01 8.291580013282769945e-01 8.223064368952160974e-01 3.355140502258283641e-01 2.312572791340400669e-01 4.943500090268141411e-01 8.336441066367210606e-01 2.354887238432490926e-01 6.956929966772495977e-01 1.198520855885602254e-01 1.949695407196526675e-01 5.811881060302550583e-01 3.899156276628074069e-01 2.713027032229766156e-01 5.610372550428758265e-01 7.690136504171132259e-01 4.197624412737911426e-01 4.018761672355457559e-01 4.284626938159116216e-01 3.320465052191107769e-01 4.626913941297259858e-01 3.311442195987828185e-01 3.258267510554210822e-01 3.861290117263947996e-01 5.989390526630768985e-01 2.304757614097649454e-01 4.716910982193474600e-01
5.496397365016795211e-01 1.060713399881502567e-01 4.754949892090437058e-01 6.296668566701246750e-01 1.687444260011352337e-01 2.107316418676435654e-01 4.972527472006868510e-01 5.938271412892579537e-01 5.023061777933874872e-01 1.217054011033125993e-01 6.004439895478023148e-01 1.978211506537594366e-01 3.298816751498216959e-01 4.495633966120257674e-01 1.264301235238453336e-01 8.632968779737165699e-01 3.759398730900250785e-01 6.750199422879359368e-01 5.732138007466925922e-01 3.283161122422695311e-01 3.937604599708069975e-01 7.177782214769853342e-01 0.000000000000000000e+00 1.242966131370635136e-01 6.993148671180928755e-01 3.720571791306424569e-01 8.514176801211660317e-01 4.866582761243156696e-01 2.380176065528278040e-01 3.218201471720872342e-01 4.919211896312018495e-01 3.456700304811476943e-01 7.001150654660730499e-01 7.415503327710024628e-01 2.845677868477702321e-01 8.604759005743876088e-01 5.929020163299216772e-01 3.419085824186971490e-01 4.162829610482279841e-01 3.366979938964168029e-01 3.308824093288026402e-01 4.816109558957349934e-01 5.537694939192976396e-01 8.033340783694424836e-01 4.634314921705282031e-01 8.907146713828263396e-01 3.334512128980148260e-01 1.304597645821085339e-01 6.014238147504127330e-01 7.655765319479040931e-01
5.314796483657945325e-01 1.415411766531724236e-01 3.690655111113245734e-01 7.095500635864897543e-01 6.558219509273888193e-02 2.941864518180350996e-01 5.700170453342511268e-01 6.958158661913002030e-01 5.632377910911662289e-01 2.431339788146368863e-01 6.890853381122664656e-01 7.467671974409945124e-02 3.273631950880274699e-01 3.567545248715416895e-01 2.284756649289858554e-01 8.799113228078805360e-01 3.160028627607976981e-01 7.286802400255616430e-01 6.506109737644975022e-01 3.687572831313833954e-01 3.243409460717204817e-01 7.129945092440984622e-01 1.242966131370635136e-01 0.000000000000000000e+00 8.132099459461334945e-01 4.960327428165559605e-01 8.927589688628713160e-01 4.853384992739237513e-01 2.859573714259250332e-01 4.460435866378065772e-01 5.058090918685816950e-01 4.614192397536907020e-01 7.162013814965487724e-01 7.035903900970535974e-01 1.909873089072273711e-01 9.095803909194892789e-01 5.447556327689168088e-01 2.472888894179937902e-01 5.366091073278864698e-01 3.850709003470084713e-01 3.111615981270572928e-01 4.079177851673566613e-01 6.063000456364401325e-01 8.680570616694831543e-01 5.080409561983317834e-01 9.260342413719443444e-01 3.317425235326734168e-01 2.020695364612741796e-01 5.611928271934707446e-01 6.849491155465756709e-01
8.053143695693555371e-01 7.720604930011993883e-01 1.058061585123819981e+00 3.356241996949246853e-01 8.277484971310739015e-01 7.123651697901283164e-01 4.014886304699308850e-01 1.763188648375118295e-01 4.602770666809551381e-01 5.790606716609871807e-01 2.762047490273829009e-01 8.757553281490983998e-01 6.999436541469344908e-01 9.946865907445570087e-01 5.851015460537626334e-01 8.035231922407135574e-01 8.598144673677075023e-01 5.100694505680710700e-01 3.574424300237474816e-01 5.800113055044430199e-01 8.935456610448414549e-01 8.291580013282769945e-01 6.993148671180928755e-01 8.132099459461334945e-01 0.000000000000000000e+00 3.755679013019787016e-01 6.566648681944513566e-01 7.210068408376844040e-01 5.957108966118990212e-01 4.413174791779684858e-01 6.649750383422370348e-01 3.536975709050167449e-01 7.209264747674180018e-01 9.909383708934913493e-01 8.849321212895414623e-01 6.141421858336291173e-01 9.393088866586818408e-01 9.244282946734012629e-01 2.955292886668016705e-01 5.531241778235985729e-01 7.439651833638406542e-01 9.581259653554775602e-01 4.993300927304640258e-01 4.840361804805936585e-01 5.393028399702723963e-01 7.146065962319415599e-01 6.979918453494751152e-01 6.225192461681035017e-01 9.145657728630653960e-01 1.189595705631239397e+00
7.158218663749015276e-01 4.194018415890474749e-01 8.157348040837546499e-01 4.799465555127129246e-01 5.307336677695242422e-01 3.382513380390119728e-01 4.166533563331125123e-01 3.495053110120444062e-01 4.633488192005861817e-01 2.547787970909962119e-01 4.198934745980691385e-01 5.680919492159325346e-01 5.276010778152692149e-01 7.703868310152933718e-01 2.942912547194040940e-01 8.889493684542739693e-01 6.566257896674894123e-01 6.136473589166808740e-01 4.484882861111377239e-01 4.338204728831688284e-01 6.856827026189121765e-01 8.223064368952160974e-01 3.720571791306424569e-01 4.960327428165559605e-01 3.755679013019787016e-01 0.000000000000000000e+00 8.023141211674320594e-01 6.288341820279359506e-01 3.895432919168691499e-01 6.592068475499507363e-02 5.956607273835504701e-01 1.279172485208338872e-01 7.506966753525300406e-01 9.250656632433331694e-01 6.236352293347467990e-01 7.846069062797726978e-01 8.168645078705032425e-01 6.754192904764793060e-01 9.204400513108251802e-02 4.165595339076907933e-01 5.590849554769016239e-01 7.681912395426357953e-01 5.264399312570148259e-01 6.806323061881793812e-01 4.921991920591998748e-01 8.560707218765863935e-01 5.281398181006646819e-01 3.503169919438303692e-01 8.074652915323654589e-01 1.041897248807540866e+00
4.688129580374603700e-01 9.574778655925558768e-01 8.889105319407575312e-01 3.398573974384009322e-01 8.574035788009866099e-01 1.008910033319827981e+00 3.912907105083758275e-01 5.126207485387656027e-01 3.603110851513868784e-01 7.916577158114718182e-01 4.074999866406347482e-01 9.093290744517210644e-01 5.794540181483239794e-01 8.110631571418672747e-01 7.396732259812974775e-01 1.783846750059854824e-01 6.938491632938352804e-01 1.901974476430887684e-01 3.558405062732505897e-01 5.265733820117164399e-01 7.200095091533343927e-01 3.355140502258283641e-01 8.514176801211660317e-01 8.927589688628713160e-01 6.566648681944513566e-01 8.023141211674320594e-01 0.000000000000000000e+00 4.490494499685908636e-01 6.152806063565467998e-01 8.385906223797998660e-01 4.034802764008771914e-01 6.804636071930414420e-01 2.323184227928389023e-01 5.282316921827386880e-01 8.173030401828000890e-01 6.030428033397738224e-02 5.915591113546468938e-01 8.160779628656875673e-01 7.224766587791325856e-01 5.150862795385375836e-01 6.129851272532448325e-01 7.235422418091288499e-01 3.010547769447595723e-01 1.813980292643579129e-01 3.883429467000180102e-01 5.810672367191774268e-02 5.748795805765737343e-01 7.209659029095184524e-01 5.508878432075702269e-01 8.071545709454421846e-01
8.872844856258291224e-02 5.860067191835910405e-01 4.448712302694103893e-01 4.364578077884959662e-01 4.364035905395673987e-01 6.859272095478213815e-01 3.218305865413307876e-01 5.465142873408159740e-01 2.671410499873087541e-01 4.816247162034228424e-01 4.660765033945682423e-01 4.832748075933382403e-01 1.593621800416231138e-01 3.669200197928719764e-01 4.154351292871664159e-01 3.986236028271828991e-01 2.448009613539221252e-01 3.421190941433540633e-01 3.862280321375726189e-01 1.972883238132678851e-01 2.715786633922198101e-01 2.312572791340400669e-01 4.866582761243156696e-01 4.853384992739237513e-01 7.210068408376844040e-01 6.288341820279359506e-01 4.490494499685908636e-01 0.000000000000000000e+00 2.690156467010131336e-01 6.294613280888224915e-01 6.169864968644758751e-02 5.084058636575371493e-01 2.380830841390125518e-01 2.964201356112765584e-01 3.738162898576712911e-01 4.838952779594890008e-01 2.187356188995389916e-01 3.676588324638300764e-01 5.913368417850656256e-01 2.123107205440901424e-01 1.770411876032469967e-01 2.881875999764330065e-01 2.535805891919916122e-01 4.965400116721347401e-01 1.823775310809068739e-01 4.679892206649369779e-01 1.552743041575554983e-01 3.699717018096412291e-01 1.941536436103273588e-01 4.702330335064506817e-01
3.467829877087436063e-01 3.437822109174366036e-01 4.630172686117440817e-01 4.296529592987707313e-01 2.674090689728620407e-01 4.217460355441163822e-01 2.874807880489465006e-01 4.479537368335937408e-01 2.772852491649108742e-01 2.126799576463031249e-01 4.182900820828950872e-01 3.215373221392549552e-01 1.389620362157963918e-01 4.032024651214952682e-01 1.468663504025576327e-01 6.269567621516456413e-01 2.752633593974805337e-01 4.443198011473887821e-01 3.697535854917285425e-01 9.032227598544408098e-02 3.072005377701335638e-01 4.943500090268141411e-01 2.380176065528278040e-01 2.859573714259250332e-01 5.957108966118990212e-01 3.895432919168691499e-01 6.152806063565467998e-01 2.690156467010131336e-01 0.000000000000000000e+00 3.759117754001827238e-01 2.610236891364157708e-01 2.889623890188626198e-01 4.647704820992367147e-01 5.537292525499099005e-01 2.923214193010967854e-01 6.275491286778964728e-01 4.305208553045628550e-01 3.288399626319003510e-01 3.785159532592722309e-01 1.006796907236369720e-01 1.699854815669848696e-01 3.839189222184394845e-01 3.218954257344741055e-01 5.821012282075211930e-01 2.269865789191060357e-01 6.532368824237325677e-01 1.399960944723768752e-01 1.088967599980962125e-01 4.254503786341157223e-01 6.526250282060261920e-01
7.143121260769423886e-01 3.597203730394453736e-01 7.796012734686486034e-01 5.258654068155727002e-01 4.857873677418272917e-01 2.724318284156879155e-01 4.483994415371468367e-01 4.067392121029899665e-01 4.897701724300295156e-01 2.114032078314452001e-01 4.690997706849580617e-01 5.195282670782820356e-01 5.148087160990516553e-01 7.390046269937143864e-01 2.613341069343594336e-01 9.144890215539874800e-01 6.323843754764846281e-01 6.486293324075057543e-01 4.893362492686864629e-01 4.322377116045621470e-01 6.596766838169370040e-01 8.336441066367210606e-01 3.218201471720872342e-01 4.460435866378065772e-01 4.413174791779684858e-01 6.592068475499507363e-02 8.385906223797998660e-01 6.294613280888224915e-01 3.759117754001827238e-01 0.000000000000000000e+00 6.020495725900590900e-01 1.585020877971246300e-01 7.700269236452962351e-01 9.236728439040452487e-01 5.861498713122369475e-01 8.247313919223684398e-01 8.064258682421731050e-01 6.399360900713184641e-01 1.525956072213740800e-01 4.184399876675420349e-01 5.420882277320908660e-01 7.445067048701555779e-01 5.532940746229270124e-01 7.263068539767333354e-01 5.078204387820385302e-01 8.907844378746999636e-01 5.159071327881511460e-01 3.197347809353252024e-01 8.002918821159212825e-01 1.022984912569648852e+00
1.403412619960474617e-01 5.948547152097417579e-01 5.003987788408902349e-01 3.750834412135420903e-01 4.625095027570272355e-01 6.827592299949261090e-01 2.640812583571383598e-01 4.895833509120892102e-01 2.077105636281510737e-01 4.714351887564838806e-01 4.062468418299108874e-01 5.122395952453880907e-01 1.803890005502528093e-01 4.228113062233506136e-01 4.070417956186981323e-01 3.746650708018259834e-01 2.950670223609782594e-01 2.835084156401264099e-01 3.256586188950813532e-01 1.772303816359737938e-01 3.241788356655385672e-01 2.354887238432490926e-01 4.919211896312018495e-01 5.058090918685816950e-01 6.649750383422370348e-01 5.956607273835504701e-01 4.034802764008771914e-01 6.169864968644758751e-02 2.610236891364157708e-01 6.020495725900590900e-01 0.000000000000000000e+00 4.717503193068640632e-01 2.106964928246534141e-01 3.374784438076567361e-01 4.138505029539054081e-01 4.338585421966634215e-01 2.776367664511910638e-01 4.141385349564492002e-01 5.512507636174968084e-01 1.849503789020119082e-01 2.100262623111961158e-01 3.476614693455590266e-01 1.918819395056146349e-01 4.383890735899671487e-01 1.258840998513339471e-01 4.278948010940959445e-01 1.758382058762317235e-01 3.680171083722331149e-01 2.500120957761446383e-01 5.293891577225913192e-01
