0.000000000000000000e+00 2.331755328014165352e-01 5.793796998537542597e-01 6.321821757126907526e-01 2.388020010334282739e-01 1.072455097504611682e-01
2.331755328014165352e-01 0.000000000000000000e+00 4.188054038259110823e-01 5.218420024930565670e-01 2.435835799880192165e-01 2.926349800131143319e-01
5.793796998537542597e-01 4.188054038259110823e-01 0.000000000000000000e+00 1.621547805008289878e-01 6.621905317725260698e-01 6.749272125674882217e-01
6.321821757126907526e-01 5.218420024930565670e-01 1.621547805008289878e-01 0.000000000000000000e+00 7.614895289138405854e-01 7.363901995396254785e-01
2.388020010334282739e-01 2.435835799880192165e-01 6.621905317725260698e-01 7.614895289138405854e-01 0.000000000000000000e+00 1.907782422546396295e-01
1.072455097504611682e-01 2.926349800131143319e-01 6.749272125674882217e-01 7.363901995396254785e-01 1.907782422546396295e-01 0.000000000000000000e+00
