0.000000000000000000e+00 7.841270695461800555e-01 4.059779261251241778e-01 6.409397199518219734e-01 2.746126178695383890e-01 2.967664266828942687e-01
7.841270695461800555e-01 0.000000000000000000e+00 4.899910518436036422e-01 3.750545522336955484e-01 6.648904332081678747e-01 5.356807212667642482e-01
4.059779261251241778e-01 4.899910518436036422e-01 0.000000000000000000e+00 5.641541729195530541e-01 1.860225137975923260e-01 3.573915201267686137e-01
6.409397199518219734e-01 3.750545522336955484e-01 5.641541729195530541e-01 0.000000000000000000e+00 6.663349757167370546e-01 3.444039229472130592e-01
2.746126178695383890e-01 6.648904332081678747e-01 1.860225137975923260e-01 6.663349757167370546e-01 0.000000000000000000e+00 3.731887452092373936e-01
2.967664266828942687e-01 5.356807212667642482e-01 3.573915201267686137e-01 3.444039229472130592e-01 3.731887452092373936e-01 0.000000000000000000e+00
