0.000000000000000000e+00 2.897563117540045696e-01 7.616725471366719846e-01 3.641934809907455550e-01 8.849094416977834054e-01 5.721274915308978137e-01
2.897563117540045696e-01 0.000000000000000000e+00 4.783384364260048205e-01 3.912928850791375646e-01 6.618377954846000888e-01 3.164006171696909786e-01
7.616725471366719846e-01 4.783384364260048205e-01 0.000000000000000000e+00 7.974241290016120809e-01 3.587856368238185878e-01 2.257169981488786059e-01
3.641934809907455550e-01 3.912928850791375646e-01 7.974241290016120809e-01 0.000000000000000000e+00 1.044176498052001856e+00 6.924548456330359425e-01
8.849094416977834054e-01 6.618377954846000888e-01 3.587856368238185878e-01 1.044176498052001856e+00 0.000000000000000000e+00 3.520078302376968282e-01
5.721274915308978137e-01 3.164006171696909786e-01 2.257169981488786059e-01 6.924548456330359425e-01 3.520078302376968282e-01 0.000000000000000000e+00
