0.000000000000000000e+00 1.122506918205548709e+00 1.399368956253148888e-01 5.480987346032847318e-01 8.301915210198701489e-01 6.719264192556824167e-01 4.544995007891424743e-01
1.122506918205548709e+00 0.000000000000000000e+00 9.890937628082655531e-01 6.231957243991702589e-01 7.912711125949496438e-01 7.129381639172475138e-01 6.766236802172370668e-01
1.399368956253148888e-01 9.890937628082655531e-01 0.000000000000000000e+00 4.394207926844947987e-01 7.726263056999556067e-01 5.994428893646703838e-01 3.331010062985772513e-01
5.480987346032847318e-01 6.231957243991702589e-01 4.394207926844947987e-01 0.000000000000000000e+00 4.231900025303833024e-01 2.387769129118339495e-01 1.225186741317898509e-01
8.301915210198701489e-01 7.912711125949496438e-01 7.726263056999556067e-01 4.231900025303833024e-01 0.000000000000000000e+00 1.872128293294740564e-01 5.350464528833380751e-01
6.719264192556824167e-01 7.129381639172475138e-01 5.994428893646703838e-01 2.387769129118339495e-01 1.872128293294740564e-01 0.000000000000000000e+00 3.479201337071953226e-01
4.544995007891424743e-01 6.766236802172370668e-01 3.331010062985772513e-01 1.225186741317898509e-01 5.350464528833380751e-01 3.479201337071953226e-01 0.000000000000000000e+00
