0.000000000000000000e+00 5.778426652448581669e-01 4.582126826328763447e-01 4.351543819940937863e-01 2.683067477846893811e-01 4.225797270536099104e-01 3.281301651816864173e-01
5.778426652448581669e-01 0.000000000000000000e+00 2.445516384332362125e-01 7.442909697652219103e-01 4.014535104675950872e-01 6.036282028176542802e-01 7.840001412640211775e-01
4.582126826328763447e-01 2.445516384332362125e-01 0.000000000000000000e+00 5.100635266060599138e-01 4.071716376042784913e-01 3.626733851297780920e-01 7.426884014258067213e-01
4.351543819940937863e-01 7.442909697652219103e-01 5.100635266060599138e-01 0.000000000000000000e+00 6.447701950030871876e-01 1.579343126621532700e-01 7.366739552622466602e-01
2.683067477846893811e-01 4.014535104675950872e-01 4.071716376042784913e-01 6.447701950030871876e-01 0.000000000000000000e+00 5.735668850782816852e-01 3.832483906271911822e-01
4.225797270536099104e-01 6.036282028176542802e-01 3.626733851297780920e-01 1.579343126621532700e-01 5.735668850782816852e-01 0.000000000000000000e+00 7.481710479046939088e-01
3.281301651816864173e-01 7.840001412640211775e-01 7.426884014258067213e-01 7.366739552622466602e-01 3.832483906271911822e-01 7.481710479046939088e-01 0.000000000000000000e+00
