0.000000000000000000e+00 2.264965724875213082e-01 4.339476903089332094e-01 7.063312191995788081e-02 5.806794456957157236e-01 6.672052677222941597e-01 4.710616602279651954e-01
2.264965724875213082e-01 0.000000000000000000e+00 2.074593693226463587e-01 2.186705053166574653e-01 7.340978596081823015e-01 5.062836226275990725e-01 5.064787404957029615e-01
4.339476903089332094e-01 2.074593693226463587e-01 0.000000000000000000e+00 4.212070480826326513e-01 9.006815068104033761e-01 4.188896037863414357e-01 6.130653224047993843e-01
7.063312191995788081e-02 2.186705053166574653e-01 4.212070480826326513e-01 0.000000000000000000e+00 6.476828154904255008e-01 6.124799958088625873e-01 5.380370971251767775e-01
5.806794456957157236e-01 7.340978596081823015e-01 9.006815068104033761e-01 6.476828154904255008e-01 0.000000000000000000e+00 1.233041099292670584e+00 3.689183788405582254e-01
6.672052677222941597e-01 5.062836226275990725e-01 4.188896037863414357e-01 6.124799958088625873e-01 1.233041099292670584e+00 0.000000000000000000e+00 1.004263852586770867e+00
4.710616602279651954e-01 5.064787404957029615e-01 6.130653224047993843e-01 5.380370971251767775e-01 3.689183788405582254e-01 1.004263852586770867e+00 0.000000000000000000e+00
