0.000000000000000000e+00 1.687588289054866297e-01 2.958710448221232858e-01 1.958022508219575686e-01 2.283604212667086630e-01 4.342690098594444437e-01 4.019190560350143215e-01
1.687588289054866297e-01 0.000000000000000000e+00 4.287821696534478977e-01 2.993411604239497037e-01 3.378556119162907656e-01 3.084971941379675564e-01 5.704052377850082900e-01
2.958710448221232858e-01 4.287821696534478977e-01 0.000000000000000000e+00 4.225579050852584784e-01 1.023210482183706249e-01 5.626567357350873433e-01 3.157629889023777503e-01
1.958022508219575686e-01 2.993411604239497037e-01 4.225579050852584784e-01 0.000000000000000000e+00 3.907266022652588489e-01 6.036038211128083031e-01 3.684177374970775687e-01
2.283604212667086630e-01 3.378556119162907656e-01 1.023210482183706249e-01 3.907266022652588489e-01 0.000000000000000000e+00 4.618378528532882665e-01 3.810919718860778516e-01
4.342690098594444437e-01 3.084971941379675564e-01 5.626567357350873433e-01 6.036038211128083031e-01 4.618378528532882665e-01 0.000000000000000000e+00 8.080218147857567423e-01
4.019190560350143215e-01 5.704052377850082900e-01 3.157629889023777503e-01 3.684177374970775687e-01 3.810919718860778516e-01 8.080218147857567423e-01 0.000000000000000000e+00
