0.000000000000000000e+00 2.069582680710860267e-01 5.304016592334913627e-01 2.105365046785531991e-01 1.545923880217746349e-01 7.728317179959240946e-01 3.293230062975293082e-01
2.069582680710860267e-01 0.000000000000000000e+00 5.117591335974497335e-01 1.228432298270494133e-01 1.738620573987200157e-01 7.537457289321504161e-01 2.219857750945544439e-01
5.304016592334913627e-01 5.117591335974497335e-01 0.000000000000000000e+00 6.274434894723737166e-01 6.386363081998246427e-01 2.455158015664311022e-01 7.333857146687847717e-01
2.105365046785531991e-01 1.228432298270494133e-01 6.274434894723737166e-01 0.000000000000000000e+00 8.635103745098497707e-02 8.713890714724591424e-01 1.234809684991672318e-01
1.545923880217746349e-01 1.738620573987200157e-01 6.386363081998246427e-01 8.635103745098497707e-02 0.000000000000000000e+00 8.841517818903369408e-01 1.827917978035084323e-01
7.728317179959240946e-01 7.537457289321504161e-01 2.455158015664311022e-01 8.713890714724591424e-01 8.841517818903369408e-01 0.000000000000000000e+00 9.741718444943777699e-01
3.293230062975293082e-01 2.219857750945544439e-01 7.333857146687847717e-01 1.234809684991672318e-01 1.827917978035084323e-01 9.741718444943777699e-01 0.000000000000000000e+00
