0.000000000000000000e+00 8.246207407936484435e-01 6.179598284515175344e-01 5.230981187956175171e-01 2.551686109365275956e-01 5.465492883399475366e-01 2.756149606079472680e-01
8.246207407936484435e-01 0.000000000000000000e+00 3.210336426735690418e-01 3.174111787780923288e-01 1.067823390808840811e+00 4.117235933397335179e-01 9.484984438445858146e-01
6.179598284515175344e-01 3.210336426735690418e-01 0.000000000000000000e+00 2.953234129928993257e-01 8.299225188543244425e-01 9.596085934470328926e-02 8.177396024957974685e-01
5.230981187956175171e-01 3.174111787780923288e-01 2.953234129928993257e-01 0.000000000000000000e+00 7.748356295059685150e-01 3.206416171199785170e-01 6.312817368675877061e-01
2.551686109365275956e-01 1.067823390808840811e+00 8.299225188543244425e-01 7.748356295059685150e-01 0.000000000000000000e+00 7.460896113747449432e-01 3.811105167257784476e-01
5.465492883399475366e-01 4.117235933397335179e-01 9.596085934470328926e-02 3.206416171199785170e-01 7.460896113747449432e-01 0.000000000000000000e+00 7.655700471096530402e-01
2.756149606079472680e-01 9.484984438445858146e-01 8.177396024957974685e-01 6.312817368675877061e-01 3.811105167257784476e-01 7.655700471096530402e-01 0.000000000000000000e+00
