0.000000000000000000e+00 1.220914073057424720e-01 3.115723270427576685e-01 6.116029125345808781e-01 2.058719576492394343e-01 4.868210785656927886e-01 3.789528019042426310e-01
1.220914073057424720e-01 0.000000000000000000e+00 4.062504015064248852e-01 5.712658158908051620e-01 1.987904589506598041e-01 4.035634540248532742e-01 3.126445469382049813e-01
3.115723270427576685e-01 4.062504015064248852e-01 0.000000000000000000e+00 5.784414293985610245e-01 2.916835879804264842e-01 7.978611550524824514e-01 6.902636520872799109e-01
6.116029125345808781e-01 5.712658158908051620e-01 5.784414293985610245e-01 0.000000000000000000e+00 4.065195105703826028e-01 8.844299856580855046e-01 8.410711262701723312e-01
2.058719576492394343e-01 1.987904589506598041e-01 2.916835879804264842e-01 4.065195105703826028e-01 0.000000000000000000e+00 5.920567717927156526e-01 5.097457682519940247e-01
4.868210785656927886e-01 4.035634540248532742e-01 7.978611550524824514e-01 8.844299856580855046e-01 5.920567717927156526e-01 0.000000000000000000e+00 1.214775297050022101e-01
3.789528019042426310e-01 3.126445469382049813e-01 6.902636520872799109e-01 8.410711262701723312e-01 5.097457682519940247e-01 1.214775297050022101e-01 0.000000000000000000e+00
