0.000000000000000000e+00 2.009344911447049631e-01 6.319163095115911677e-01 9.935211734918796000e-02 4.615004313827942295e-01 4.732111811648437860e-01 8.123929567214901448e-01 3.586512417756199111e-01
2.009344911447049631e-01 0.000000000000000000e+00 8.326999999375570560e-01 2.413009382805259284e-01 5.980668634650183613e-01 6.519905802292841335e-01 1.012411344516570999e+00 4.894417321548275579e-01
6.319163095115911677e-01 8.326999999375570560e-01 0.000000000000000000e+00 6.241684342389316464e-01 5.129206612235046592e-01 3.223144987897527125e-01 1.858950569229358696e-01 5.691034890579379502e-01
9.935211734918796000e-02 2.413009382805259284e-01 6.241684342389316464e-01 0.000000000000000000e+00 5.355654780658233305e-01 5.168213174961299172e-01 8.090802183084809807e-01 2.657787146587562432e-01
4.615004313827942295e-01 5.980668634650183613e-01 5.129206612235046592e-01 5.355654780658233305e-01 0.000000000000000000e+00 1.906551841438171024e-01 6.225386944359697639e-01 6.993810314914576942e-01
4.732111811648437860e-01 6.519905802292841335e-01 3.223144987897527125e-01 5.168213174961299172e-01 1.906551841438171024e-01 0.000000000000000000e+00 4.402445799510464330e-01 6.083891151137160724e-01
8.123929567214901448e-01 1.012411344516570999e+00 1.858950569229358696e-01 8.090802183084809807e-01 6.225386944359697639e-01 4.402445799510464330e-01 0.000000000000000000e+00 7.477355319354124230e-01
3.586512417756199111e-01 4.894417321548275579e-01 5.691034890579379502e-01 2.657787146587562432e-01 6.993810314914576942e-01 6.083891151137160724e-01 7.477355319354124230e-01 0.000000000000000000e+00
