0.000000000000000000e+00 1.025572468791860814e+00 4.811644601763337414e-01 1.171929594133527486e+00 5.779362081075439805e-01 7.214712121895722197e-01 8.110536470812997889e-01 9.307466304772701315e-01
1.025572468791860814e+00 0.000000000000000000e+00 5.444701548507593358e-01 2.047146153018702952e-01 4.838237938883581668e-01 3.852252128244447182e-01 2.801850880859268478e-01 3.745941641902528763e-01
4.811644601763337414e-01 5.444701548507593358e-01 0.000000000000000000e+00 6.989748406982801976e-01 1.635792280074242211e-01 2.860340513545901464e-01 3.497470832415184860e-01 5.173194001387104723e-01
1.171929594133527486e+00 2.047146153018702952e-01 6.989748406982801976e-01 0.000000000000000000e+00 6.006473331452431008e-01 5.836722326430532348e-01 4.816049736940686832e-01 3.492297342343558819e-01
5.779362081075439805e-01 4.838237938883581668e-01 1.635792280074242211e-01 6.006473331452431008e-01 0.000000000000000000e+00 3.587447860120309695e-01 3.774085371126962296e-01 3.662310260274422302e-01
7.214712121895722197e-01 3.852252128244447182e-01 2.860340513545901464e-01 5.836722326430532348e-01 3.587447860120309695e-01 0.000000000000000000e+00 1.075580024788321126e-01 5.627945491620091056e-01
8.110536470812997889e-01 2.801850880859268478e-01 3.497470832415184860e-01 4.816049736940686832e-01 3.774085371126962296e-01 1.075580024788321126e-01 0.000000000000000000e+00 5.038415151436925754e-01
9.307466304772701315e-01 3.745941641902528763e-01 5.173194001387104723e-01 3.492297342343558819e-01 3.662310260274422302e-01 5.627945491620091056e-01 5.038415151436925754e-01 0.000000000000000000e+00
