0.000000000000000000e+00 4.588811138282020141e-01 1.828992721690314571e-01 2.315307177033453512e-01 7.761676779323199993e-01 8.731162993587752164e-01 4.131772818510465739e-01 6.768408852123624087e-01
4.588811138282020141e-01 0.000000000000000000e+00 4.694361888485036327e-01 6.599442256676510965e-01 6.300308772466881591e-01 5.877943622454259165e-01 7.128819753043121876e-01 9.508757006465047290e-01
1.828992721690314571e-01 4.694361888485036327e-01 0.000000000000000000e+00 2.170132351821496552e-01 6.199707906216000985e-01 7.509001012832907662e-01 2.651294658164751739e-01 5.272281957794507923e-01
2.315307177033453512e-01 6.599442256676510965e-01 2.170132351821496552e-01 0.000000000000000000e+00 8.079585667773153679e-01 9.604513327207830908e-01 2.570238038712591710e-01 4.943600689655875402e-01
7.761676779323199993e-01 6.300308772466881591e-01 6.199707906216000985e-01 8.079585667773153679e-01 0.000000000000000000e+00 2.461115421489157851e-01 6.387105379564920193e-01 7.099411190723878828e-01
8.731162993587752164e-01 5.877943622454259165e-01 7.509001012832907662e-01 9.604513327207830908e-01 2.461115421489157851e-01 0.000000000000000000e+00 8.361702506691415238e-01 9.438740421829607818e-01
4.131772818510465739e-01 7.128819753043121876e-01 2.651294658164751739e-01 2.570238038712591710e-01 6.387105379564920193e-01 8.361702506691415238e-01 0.000000000000000000e+00 2.648588192556575738e-01
6.768408852123624087e-01 9.508757006465047290e-01 5.272281957794507923e-01 4.943600689655875402e-01 7.099411190723878828e-01 9.438740421829607818e-01 2.648588192556575738e-01 0.000000000000000000e+00
