0.000000000000000000e+00 1.887163278328453930e-01 1.609337672050504542e-01 4.088728871982370006e-01 4.785130088635531909e-01 1.189364598189651540e-01 2.619393995729986102e-01 4.062786400667710018e-01
1.887163278328453930e-01 0.000000000000000000e+00 3.480865384017099440e-01 5.974122064236654372e-01 4.514354692418309778e-01 8.153886052718269106e-02 3.152164010540591810e-01 3.706747282658703346e-01
1.609337672050504542e-01 3.480865384017099440e-01 0.000000000000000000e+00 2.504296157362989605e-01 5.276591159418692056e-01 2.795765279505691980e-01 3.383398869331157299e-01 4.706162657632536050e-01
4.088728871982370006e-01 5.974122064236654372e-01 2.504296157362989605e-01 0.000000000000000000e+00 7.130239777218085884e-01 5.253746745208296431e-01 5.074567821825152203e-01 6.732805301017803501e-01
4.785130088635531909e-01 4.514354692418309778e-01 5.276591159418692056e-01 7.130239777218085884e-01 0.000000000000000000e+00 4.860060532572579306e-01 7.274630874931637958e-01 8.078085362056343366e-02
1.189364598189651540e-01 8.153886052718269106e-02 2.795765279505691980e-01 5.253746745208296431e-01 4.860060532572579306e-01 0.000000000000000000e+00 2.499320380228717275e-01 4.067538464556602062e-01
2.619393995729986102e-01 3.152164010540591810e-01 3.383398869331157299e-01 5.074567821825152203e-01 7.274630874931637958e-01 2.499320380228717275e-01 0.000000000000000000e+00 6.503789873768063279e-01
4.062786400667710018e-01 3.706747282658703346e-01 4.706162657632536050e-01 6.732805301017803501e-01 8.078085362056343366e-02 4.067538464556602062e-01 6.503789873768063279e-01 0.000000000000000000e+00
