0.000000000000000000e+00 8.053911333321487342e-01 3.242634521670004211e-01 6.543725899141287217e-01 5.834736606606236858e-02 8.988845567458934038e-01 1.190456008625674800e+00 2.211764765962149215e-01 6.289876234282545941e-02
8.053911333321487342e-01 0.000000000000000000e+00 4.832013640449976388e-01 1.544985895855766067e-01 8.325275782355251453e-01 3.995284400944252856e-01 5.498819122669814652e-01 6.149530388099578859e-01 8.682720497832878692e-01
3.242634521670004211e-01 4.832013640449976388e-01 0.000000000000000000e+00 3.306921560488077505e-01 3.577546084734595788e-01 6.085104835990328143e-01 8.879980049594080604e-01 1.775233030727533245e-01 3.870583593641481746e-01
6.543725899141287217e-01 1.544985895855766067e-01 3.306921560488077505e-01 0.000000000000000000e+00 6.841095835868777897e-01 3.999497445455720834e-01 6.217344243648442736e-01 4.728923409025874158e-01 7.172596629866139217e-01
5.834736606606236858e-02 8.325275782355251453e-01 3.577546084734595788e-01 6.841095835868777897e-01 0.000000000000000000e+00 9.457135292804526028e-01 1.235097385591932717e+00 2.283488234374866643e-01 6.319027736213876645e-02
8.988845567458934038e-01 3.995284400944252856e-01 6.085104835990328143e-01 3.999497445455720834e-01 9.457135292804526028e-01 0.000000000000000000e+00 2.974621144914995630e-01 7.847693049178731117e-01 9.562717874917807670e-01
1.190456008625674800e+00 5.498819122669814652e-01 8.879980049594080604e-01 6.217344243648442736e-01 1.235097385591932717e+00 2.974621144914995630e-01 0.000000000000000000e+00 1.059973945410651597e+00 1.249110224890645604e+00
2.211764765962149215e-01 6.149530388099578859e-01 1.775233030727533245e-01 4.728923409025874158e-01 2.283488234374866643e-01 7.847693049178731117e-01 1.059973945410651597e+00 0.000000000000000000e+00 2.784018581863070829e-01
6.289876234282545941e-02 8.682720497832878692e-01 3.870583593641481746e-01 7.172596629866139217e-01 6.319027736213876645e-02 9.562717874917807670e-01 1.249110224890645604e+00 2.784018581863070829e-01 0.000000000000000000e+00
