0.000000000000000000e+00 1.563574698204660274e-01 3.296559796735646364e-01 1.514008739413975624e-01 3.722544637024344794e-01 5.914517629213671412e-01 2.024649923691137776e-01 3.771291353699708360e-01 4.459012079391473371e-01
1.563574698204660274e-01 0.000000000000000000e+00 3.218678562142329724e-01 2.170500579617725551e-02 3.241590808868690665e-01 7.426539235864813016e-01 1.402496599186478787e-01 3.779133136457644149e-01 2.898463884027914217e-01
3.296559796735646364e-01 3.218678562142329724e-01 0.000000000000000000e+00 3.002907122406577867e-01 9.115233563652590243e-02 6.774581247365586423e-01 4.586945833607861678e-01 5.646972568222371341e-02 4.873788406521596950e-01
1.514008739413975624e-01 2.170500579617725551e-02 3.002907122406577867e-01 0.000000000000000000e+00 3.041777112005888961e-01 7.319640351811051993e-01 1.606783865537629030e-01 3.562915697804534543e-01 2.984955468606393381e-01
3.722544637024344794e-01 3.241590808868690665e-01 9.115233563652590243e-02 3.041777112005888961e-01 0.000000000000000000e+00 7.678025815467859339e-01 4.643928158534820216e-01 1.184927397740973137e-01 4.322098818752285188e-01
5.914517629213671412e-01 7.426539235864813016e-01 6.774581247365586423e-01 7.319640351811051993e-01 7.678025815467859339e-01 0.000000000000000000e+00 7.771415651643740485e-01 6.737311049302622257e-01 1.030094975406736557e+00
2.024649923691137776e-01 1.402496599186478787e-01 4.586945833607861678e-01 1.606783865537629030e-01 4.643928158534820216e-01 7.771415651643740485e-01 0.000000000000000000e+00 5.140253781218997453e-01 3.212521059538564483e-01
3.771291353699708360e-01 3.779133136457644149e-01 5.646972568222371341e-02 3.562915697804534543e-01 1.184927397740973137e-01 6.737311049302622257e-01 5.140253781218997453e-01 0.000000000000000000e+00 5.381648693105290926e-01
4.459012079391473371e-01 2.898463884027914217e-01 4.873788406521596950e-01 2.984955468606393381e-01 4.322098818752285188e-01 1.030094975406736557e+00 3.212521059538564483e-01 5.381648693105290926e-01 0.000000000000000000e+00
