0.000000000000000000e+00 6.943765681949463087e-01 3.392149002602507513e-01 5.230461564918066353e-01 9.943243303418147772e-01 8.337790498522428262e-01 6.071686268420636301e-01 3.298958878000914363e-01 3.714253193375502970e-01
6.943765681949463087e-01 0.000000000000000000e+00 9.281972246309240226e-01 2.925611026370187884e-01 9.335149023029356563e-01 7.782891840979297982e-01 1.027164077647195306e+00 4.367430454927155314e-01 5.072022598999508247e-01
3.392149002602507513e-01 9.281972246309240226e-01 0.000000000000000000e+00 6.775034858032783491e-01 8.746465614914971098e-01 7.481581020873928622e-01 3.113201861114713864e-01 4.934164585811546266e-01 7.076229786023858770e-01
5.230461564918066353e-01 2.925611026370187884e-01 6.775034858032783491e-01 0.000000000000000000e+00 6.958388294465912560e-01 5.280925587251382725e-01 7.392050316856908498e-01 1.986792636725782657e-01 5.156627181140095439e-01
9.943243303418147772e-01 9.335149023029356563e-01 8.746465614914971098e-01 6.958388294465912560e-01 0.000000000000000000e+00 1.718344655612774052e-01 6.549228219282196006e-01 7.490933377707570395e-01 1.172189202126253882e+00
8.337790498522428262e-01 7.782891840979297982e-01 7.481581020873928622e-01 5.280925587251382725e-01 1.718344655612774052e-01 0.000000000000000000e+00 5.749967694725006684e-01 5.779013736448361804e-01 1.000440268260124554e+00
6.071686268420636301e-01 1.027164077647195306e+00 3.113201861114713864e-01 7.392050316856908498e-01 6.549228219282196006e-01 5.749967694725006684e-01 0.000000000000000000e+00 6.108456156234816081e-01 9.457720908385565117e-01
3.298958878000914363e-01 4.367430454927155314e-01 4.934164585811546266e-01 1.986792636725782657e-01 7.490933377707570395e-01 5.779013736448361804e-01 6.108456156234816081e-01 0.000000000000000000e+00 4.253624328926590703e-01
3.714253193375502970e-01 5.072022598999508247e-01 7.076229786023858770e-01 5.156627181140095439e-01 1.172189202126253882e+00 1.000440268260124554e+00 9.457720908385565117e-01 4.253624328926590703e-01 0.000000000000000000e+00
