0.000000000000000000e+00 3.926271543744258574e-01 8.616757271848436428e-01 7.681363555106092145e-01 7.178036875821697249e-01 7.893642420690860639e-01 6.613513853169351864e-02 4.647385760067147542e-01 4.328678617106055393e-01
3.926271543744258574e-01 0.000000000000000000e+00 4.747878512878639934e-01 7.663455044274606331e-01 4.623053762148454093e-01 4.122805367482652583e-01 4.441537979076342624e-01 1.240646729699354522e-01 3.843103581935159441e-01
8.616757271848436428e-01 4.747878512878639934e-01 0.000000000000000000e+00 9.107759307946162730e-01 5.980353791713616252e-01 9.522902678973758916e-02 9.064324244569976763e-01 4.581436847666121026e-01 7.650166984789591451e-01
7.681363555106092145e-01 7.663455044274606331e-01 9.107759307946162730e-01 0.000000000000000000e+00 1.224792216192395200e+00 8.181790659123830967e-01 7.408060277180604780e-01 8.872810534844605135e-01 1.098287190381572964e+00
7.178036875821697249e-01 4.623053762148454093e-01 5.980353791713616252e-01 1.224792216192395200e+00 0.000000000000000000e+00 6.119511001187397659e-01 7.836398309010143004e-01 3.387668380969637294e-01 3.400892880858058520e-01
7.893642420690860639e-01 4.122805367482652583e-01 9.522902678973758916e-02 8.181790659123830967e-01 6.119511001187397659e-01 0.000000000000000000e+00 8.305699048014187902e-01 4.181486385109556836e-01 7.356477725142399615e-01
6.613513853169351864e-02 4.441537979076342624e-01 9.064324244569976763e-01 7.408060277180604780e-01 7.836398309010143004e-01 8.305699048014187902e-01 0.000000000000000000e+00 5.239658469150026976e-01 4.974204416232311798e-01
4.647385760067147542e-01 1.240646729699354522e-01 4.581436847666121026e-01 8.872810534844605135e-01 3.387668380969637294e-01 4.181486385109556836e-01 5.239658469150026976e-01 0.000000000000000000e+00 3.205656301909585726e-01
4.328678617106055393e-01 3.843103581935159441e-01 7.650166984789591451e-01 1.098287190381572964e+00 3.400892880858058520e-01 7.356477725142399615e-01 4.974204416232311798e-01 3.205656301909585726e-01 0.000000000000000000e+00
