0.000000000000000000e+00 2.690664649999450764e-01 5.226867779564711158e-01 2.390121017320420149e-01 4.775285999695418893e-01 7.447224396479703579e-01 1.692624460905719497e-01 6.760166963949336694e-01 2.459456506246934238e-01
2.690664649999450764e-01 0.000000000000000000e+00 7.504923598177842825e-01 2.234405748315085871e-01 7.341914170300027909e-01 8.347551456918694823e-01 1.009775236858157926e-01 8.161078247434789823e-01 4.743258988242228247e-01
5.226867779564711158e-01 7.504923598177842825e-01 0.000000000000000000e+00 7.578258552515481083e-01 5.098906534749110264e-01 4.870893636229053358e-01 6.560120952237946668e-01 3.315531151980283808e-01 2.797997269889437866e-01
2.390121017320420149e-01 2.234405748315085871e-01 7.578258552515481083e-01 0.000000000000000000e+00 5.914045809526772279e-01 9.620156200042764283e-01 2.010017340075461734e-01 9.080148120539693890e-01 4.843231586123694643e-01
4.775285999695418893e-01 7.341914170300027909e-01 5.098906534749110264e-01 5.914045809526772279e-01 0.000000000000000000e+00 9.631392775197923362e-01 6.408667724580880964e-01 8.258458297943930271e-01 4.465224581671102255e-01
7.447224396479703579e-01 8.347551456918694823e-01 4.870893636229053358e-01 9.620156200042764283e-01 9.631392775197923362e-01 0.000000000000000000e+00 7.805237414120174133e-01 1.638044955367548294e-01 5.582453738309511859e-01
1.692624460905719497e-01 1.009775236858157926e-01 6.560120952237946668e-01 2.010017340075461734e-01 6.408667724580880964e-01 7.805237414120174133e-01 0.000000000000000000e+00 7.457445938953690678e-01 3.776614120808692854e-01
6.760166963949336694e-01 8.161078247434789823e-01 3.315531151980283808e-01 9.080148120539693890e-01 8.258458297943930271e-01 1.638044955367548294e-01 7.457445938953690678e-01 0.000000000000000000e+00 4.574397317694841592e-01
2.459456506246934238e-01 4.743258988242228247e-01 2.797997269889437866e-01 4.843231586123694643e-01 4.465224581671102255e-01 5.582453738309511859e-01 3.776614120808692854e-01 4.574397317694841592e-01 0.000000000000000000e+00
