0.000000000000000000e+00 3.917410827160972553e-01 7.990676647541301580e-01 4.224136762958930480e-01 5.614295877054261696e-01 6.134071930178099930e-01 6.506667116255737682e-01 5.736189327881650035e-01 5.654230099098022100e-01
3.917410827160972553e-01 0.000000000000000000e+00 6.970074243472622610e-01 2.686743101964089164e-01 6.191868928366501823e-01 2.220649909421092416e-01 8.877357175175102366e-01 3.218490643098251280e-01 8.446083624334486117e-01
7.990676647541301580e-01 6.970074243472622610e-01 0.000000000000000000e+00 4.391962433182073910e-01 3.175864976365859182e-01 7.475113979921922391e-01 6.686509167845510193e-01 3.994973269379328840e-01 7.317942212071342212e-01
4.224136762958930480e-01 2.686743101964089164e-01 4.391962433182073910e-01 0.000000000000000000e+00 3.647766025688289893e-01 3.961113884191097001e-01 6.858968920966611593e-01 1.591306948756747441e-01 6.727554892443051715e-01
5.614295877054261696e-01 6.191868928366501823e-01 3.175864976365859182e-01 3.647766025688289893e-01 0.000000000000000000e+00 7.591671438386743409e-01 3.807191300244484045e-01 4.463057969481620813e-01 4.222544383320132599e-01
6.134071930178099930e-01 2.220649909421092416e-01 7.475113979921922391e-01 3.961113884191097001e-01 7.591671438386743409e-01 0.000000000000000000e+00 1.072384547569822155e+00 3.499635957846368162e-01 1.042959895933791348e+00
6.506667116255737682e-01 8.877357175175102366e-01 6.686509167845510193e-01 6.858968920966611593e-01 3.807191300244484045e-01 1.072384547569822155e+00 0.000000000000000000e+00 8.049131290902800107e-01 1.227746212166764828e-01
5.736189327881650035e-01 3.218490643098251280e-01 3.994973269379328840e-01 1.591306948756747441e-01 4.463057969481620813e-01 3.499635957846368162e-01 8.049131290902800107e-01 0.000000000000000000e+00 8.075847577293409074e-01
5.654230099098022100e-01 8.446083624334486117e-01 7.317942212071342212e-01 6.727554892443051715e-01 4.222544383320132599e-01 1.042959895933791348e+00 1.227746212166764828e-01 8.075847577293409074e-01 0.000000000000000000e+00
