0.000000000000000000e+00 4.860395867229325151e-01 7.669055723183491047e-01 6.040798355687376775e-01 6.730630035689681989e-01 5.976509592532914805e-01 6.338639107867438671e-01 1.581847884210964561e-01 1.343804729240831441e-01 7.572551394276048065e-01
4.860395867229325151e-01 0.000000000000000000e+00 9.424566346639648984e-01 9.383058830259858318e-01 8.684658256225267214e-01 9.038872606190964110e-01 2.046363701034634164e-01 6.249728728357044627e-01 3.697319354930974078e-01 3.038506217043789315e-01
7.669055723183491047e-01 9.424566346639648984e-01 0.000000000000000000e+00 3.213416429566973709e-01 9.436035946263733598e-02 2.686068812437815700e-01 9.085973265984248481e-01 8.523138595461566824e-01 7.298367328683612598e-01 9.994371632066014755e-01
6.040798355687376775e-01 9.383058830259858318e-01 3.213416429566973709e-01 0.000000000000000000e+00 2.602568232621384481e-01 6.074547047958235579e-02 9.740255280346674649e-01 6.359383614050664324e-01 6.247253973317744569e-01 1.087102864715747463e+00
6.730630035689681989e-01 8.684658256225267214e-01 9.436035946263733598e-02 2.602568232621384481e-01 0.000000000000000000e+00 2.014294563449927911e-01 8.497655296090453891e-01 7.581894809858178430e-01 6.394201014333346089e-01 9.473832003204355479e-01
5.976509592532914805e-01 9.038872606190964110e-01 2.686068812437815700e-01 6.074547047958235579e-02 2.014294563449927911e-01 0.000000000000000000e+00 9.296566722512388248e-01 6.445112840649259711e-01 6.052526339212430662e-01 1.040507362864417251e+00
6.338639107867438671e-01 2.046363701034634164e-01 9.085973265984248481e-01 9.740255280346674649e-01 8.497655296090453891e-01 9.296566722512388248e-01 0.000000000000000000e+00 7.857616527801700723e-01 5.027032608498499533e-01 1.250547652155651335e-01
1.581847884210964561e-01 6.249728728357044627e-01 8.523138595461566824e-01 6.359383614050664324e-01 7.581894809858178430e-01 6.445112840649259711e-01 7.857616527801700723e-01 0.000000000000000000e+00 2.920343992011102952e-01 9.076882790422292624e-01
1.343804729240831441e-01 3.697319354930974078e-01 7.298367328683612598e-01 6.247253973317744569e-01 6.394201014333346089e-01 6.052526339212430662e-01 5.027032608498499533e-01 2.920343992011102952e-01 0.000000000000000000e+00 6.269533985588772174e-01
7.572551394276048065e-01 3.038506217043789315e-01 9.994371632066014755e-01 1.087102864715747463e+00 9.473832003204355479e-01 1.040507362864417251e+00 1.250547652155651335e-01 9.076882790422292624e-01 6.269533985588772174e-01 0.000000000000000000e+00
