0.000000000000000000e+00 5.675526358661026061e-01 4.227304817380517221e-01 6.823619160292413444e-01 6.342855183177346090e-01 2.877863000616853739e-01 5.687191651427175865e-01 5.462652267294905162e-01 3.277133537019308318e-01 4.791812021949609091e-01
5.675526358661026061e-01 0.000000000000000000e+00 2.126763913131481665e-01 7.451937389141011225e-01 5.469855703364540078e-01 3.011906120363178618e-01 2.193125549419447651e-01 2.520424805389377410e-01 4.849605562073564524e-01 6.045456231222643417e-01
4.227304817380517221e-01 2.126763913131481665e-01 0.000000000000000000e+00 5.542507777273911751e-01 3.800668218482732286e-01 2.453482147967205040e-01 3.698720157246283002e-01 3.833041831961953583e-01 2.729591245484862538e-01 3.963680390713859580e-01
6.823619160292413444e-01 7.451937389141011225e-01 5.542507777273911751e-01 0.000000000000000000e+00 2.195456619957946998e-01 7.331500156960509829e-01 9.240872239677199174e-01 9.357175540718836171e-01 3.729873074888651052e-01 2.047844879791707595e-01
6.342855183177346090e-01 5.469855703364540078e-01 3.800668218482732286e-01 2.195456619957946998e-01 0.000000000000000000e+00 5.985605805638142263e-01 7.428974508057722970e-01 7.607795009305646783e-01 3.088519214114586187e-01 2.193730243838213356e-01
2.877863000616853739e-01 3.011906120363178618e-01 2.453482147967205040e-01 7.331500156960509829e-01 5.985605805638142263e-01 0.000000000000000000e+00 2.845288820808130059e-01 2.679183690132560525e-01 3.733770182857344411e-01 5.407756773969166764e-01
5.687191651427175865e-01 2.193125549419447651e-01 3.698720157246283002e-01 9.240872239677199174e-01 7.428974508057722970e-01 2.845288820808130059e-01 0.000000000000000000e+00 4.333009807317653866e-02 6.091044435008081681e-01 7.578130622818256557e-01
5.462652267294905162e-01 2.520424805389377410e-01 3.833041831961953583e-01 9.357175540718836171e-01 7.607795009305646783e-01 2.679183690132560525e-01 4.333009807317653866e-02 0.000000000000000000e+00 6.098726727712503459e-01 7.636251118071246680e-01
3.277133537019308318e-01 4.849605562073564524e-01 2.729591245484862538e-01 3.729873074888651052e-01 3.088519214114586187e-01 3.733770182857344411e-01 6.091044435008081681e-01 6.098726727712503459e-01 0.000000000000000000e+00 1.709169899833532236e-01
4.791812021949609091e-01 6.045456231222643417e-01 3.963680390713859580e-01 2.047844879791707595e-01 2.193730243838213356e-01 5.407756773969166764e-01 7.578130622818256557e-01 7.636251118071246680e-01 1.709169899833532236e-01 0.000000000000000000e+00
