0.000000000000000000e+00 2.546995843253797576e-01 4.396839832194965325e-01 6.896788021185851214e-01 3.337148364046196858e-01 5.431353795999968037e-01 3.710690459870998881e-01 7.557259543249619238e-01 4.168428183617189919e-01 8.824245004962084638e-01
2.546995843253797576e-01 0.000000000000000000e+00 6.943413141701465507e-01 8.953376454820957120e-01 7.914619852688575818e-02 7.976871397461279267e-01 2.154004580296921822e-01 6.965228763128777922e-01 6.511774165874755216e-01 1.071432210461640722e+00
4.396839832194965325e-01 6.943413141701465507e-01 0.000000000000000000e+00 4.771274403284979093e-01 7.733937907341261742e-01 1.081002882478480781e-01 7.776502066001784730e-01 1.019205227456615903e+00 2.262669086074550195e-01 6.779982351655646777e-01
6.896788021185851214e-01 8.953376454820957120e-01 4.771274403284979093e-01 0.000000000000000000e+00 9.613923429136039811e-01 4.400556189626116943e-01 8.571364713050519946e-01 8.418286920429028930e-01 2.979522732579957811e-01 2.061684596769087219e-01
3.337148364046196858e-01 7.914619852688575818e-02 7.733937907341261742e-01 9.613923429136039811e-01 0.000000000000000000e+00 8.765155762228208358e-01 2.056465138490706224e-01 6.911008722009941430e-01 7.251871502617232013e-01 1.132293565297737281e+00
5.431353795999968037e-01 7.976871397461279267e-01 1.081002882478480781e-01 4.400556189626116943e-01 8.765155762228208358e-01 0.000000000000000000e+00 8.695101256807353796e-01 1.075334315435099608e+00 2.541987852205946363e-01 6.292383650274909757e-01
3.710690459870998881e-01 2.154004580296921822e-01 7.776502066001784730e-01 8.571364713050519946e-01 2.056465138490706224e-01 8.695101256807353796e-01 0.000000000000000000e+00 4.863398795688231302e-01 6.705586804291869818e-01 1.005641537361644300e+00
7.557259543249619238e-01 6.965228763128777922e-01 1.019205227456615903e+00 8.418286920429028930e-01 6.911008722009941430e-01 1.075334315435099608e+00 4.863398795688231302e-01 0.000000000000000000e+00 8.233344259222008521e-01 8.949269520988966109e-01
4.168428183617189919e-01 6.511774165874755216e-01 2.262669086074550195e-01 2.979522732579957811e-01 7.251871502617232013e-01 2.541987852205946363e-01 6.705586804291869818e-01 8.233344259222008521e-01 0.000000000000000000e+00 5.035480544096824218e-01
8.824245004962084638e-01 1.071432210461640722e+00 6.779982351655646777e-01 2.061684596769087219e-01 1.132293565297737281e+00 6.292383650274909757e-01 1.005641537361644300e+00 8.949269520988966109e-01 5.035480544096824218e-01 0.000000000000000000e+00
