0.000000000000000000e+00 7.957928277784855897e-01 6.177455776164443302e-01 7.978179701169074711e-01 5.305450999661084355e-01 8.474807238493042849e-01 2.039727765973067541e-01 4.164522942093575320e-01 3.951132883281507358e-01 9.932382828906177741e-02 2.222045738222377664e-01 1.132174630852070818e-01 9.651643791675390549e-01 9.747716543621436358e-01 2.156585371965238362e-01
7.957928277784855897e-01 0.000000000000000000e+00 5.428252860154645365e-01 1.965668991376888497e-01 6.430806972411444722e-01 1.835874347960311237e-01 6.483547381224454842e-01 4.209254356745512626e-01 5.208074125273266519e-01 7.375800404121436449e-01 6.897301413474434817e-01 8.896116921622033713e-01 1.945819259260893330e-01 2.207505388774546606e-01 8.411356612941551791e-01
6.177455776164443302e-01 5.428252860154645365e-01 0.000000000000000000e+00 6.944619010731631903e-01 1.377661241945584425e-01 4.454821802672816466e-01 4.147232584744647288e-01 2.957506616007531397e-01 6.567816903582879284e-01 6.325947707103792839e-01 4.021988287764059478e-01 6.486466896194974519e-01 5.968713334724808917e-01 5.823310314239648067e-01 5.129300315492495432e-01
7.978179701169074711e-01 1.965668991376888497e-01 6.944619010731631903e-01 0.000000000000000000e+00 7.730282705047085701e-01 3.799670509805131990e-01 6.929375504575517875e-01 4.989016217324666602e-01 4.488921337850529381e-01 7.209726726327618795e-01 7.450678847591039045e-01 9.037300185957680698e-01 3.534467833530004488e-01 3.880440226426954964e-01 8.910243583596727523e-01
5.305450999661084355e-01 6.430806972411444722e-01 1.377661241945584425e-01 7.730282705047085701e-01 0.000000000000000000e+00 5.690960142157679424e-01 3.379961646055815172e-01 3.074358602417481268e-01 6.509453106231206654e-01 5.640805870800776889e-01 3.083613998626520414e-01 5.427873259138799034e-01 7.202888697288780673e-01 7.088944082596514429e-01 3.941999374833498604e-01
8.474807238493042849e-01 1.835874347960311237e-01 4.454821802672816466e-01 3.799670509805131990e-01 5.690960142157679424e-01 0.000000000000000000e+00 6.702517579388199698e-01 4.353718151807805525e-01 6.450959936543986251e-01 8.080348548597845459e-01 6.979658082940337627e-01 9.262934665762927455e-01 1.515159821922092698e-01 1.415270737645267229e-01 8.460877336353628264e-01
2.039727765973067541e-01 6.483547381224454842e-01 4.147232584744647288e-01 6.929375504575517875e-01 3.379961646055815172e-01 6.702517579388199698e-01 0.000000000000000000e+00 2.356513095533846469e-01 3.876638513641487149e-01 2.261451666292766394e-01 6.136387261419620071e-02 2.582014405875258656e-01 7.997619915171363392e-01 8.045195229692720940e-01 1.981206348899949288e-01
4.164522942093575320e-01 4.209254356745512626e-01 2.957506616007531397e-01 4.989016217324666602e-01 3.074358602417481268e-01 4.353718151807805525e-01 2.356513095533846469e-01 0.000000000000000000e+00 3.610311418410333539e-01 3.926705423127999084e-01 2.701730012808890025e-01 4.909419438697033011e-01 5.644089902822091442e-01 5.688712249809406707e-01 4.215435045354552490e-01
3.951132883281507358e-01 5.208074125273266519e-01 6.567816903582879284e-01 4.488921337850529381e-01 6.509453106231206654e-01 6.450959936543986251e-01 3.876638513641487149e-01 3.610311418410333539e-01 0.000000000000000000e+00 3.013014074333547621e-01 4.489069727370844087e-01 5.082901075966240745e-01 7.142356752179501722e-01 7.364042583846401868e-01 5.569654547261209121e-01
9.932382828906177741e-02 7.375800404121436449e-01 6.325947707103792839e-01 7.209726726327618795e-01 5.640805870800776889e-01 8.080348548597845459e-01 2.261451666292766394e-01 3.926705423127999084e-01 3.013014074333547621e-01 0.000000000000000000e+00 2.663235386908125446e-01 2.107525291373320286e-01 9.155327190781158420e-01 9.284399163353833639e-01 3.029935206243967172e-01
2.222045738222377664e-01 6.897301413474434817e-01 4.021988287764059478e-01 7.450678847591039045e-01 3.083613998626520414e-01 6.979658082940337627e-01 6.136387261419620071e-02 2.701730012808890025e-01 4.489069727370844087e-01 2.663235386908125446e-01 0.000000000000000000e+00 2.486002178014257158e-01 8.327541012461413539e-01 8.351089008695865568e-01 1.514722647056358229e-01
1.132174630852070818e-01 8.896116921622033713e-01 6.486466896194974519e-01 9.037300185957680698e-01 5.427873259138799034e-01 9.262934665762927455e-01 2.582014405875258656e-01 4.909419438697033011e-01 5.082901075966240745e-01 2.107525291373320286e-01 2.486002178014257158e-01 0.000000000000000000e+00 1.051395458947270045e+00 1.058284844102806321e+00 1.654135161133765686e-01
9.651643791675390549e-01 1.945819259260893330e-01 5.968713334724808917e-01 3.534467833530004488e-01 7.202888697288780673e-01 1.515159821922092698e-01 7.997619915171363392e-01 5.644089902822091442e-01 7.142356752179501722e-01 9.155327190781158420e-01 8.327541012461413539e-01 1.051395458947270045e+00 0.000000000000000000e+00 3.761295707186347592e-02 9.829443169503319089e-01
9.747716543621436358e-01 2.207505388774546606e-01 5.823310314239648067e-01 3.880440226426954964e-01 7.088944082596514429e-01 1.415270737645267229e-01 8.045195229692720940e-01 5.688712249809406707e-01 7.364042583846401868e-01 9.284399163353833639e-01 8.351089008695865568e-01 1.058284844102806321e+00 3.761295707186347592e-02 0.000000000000000000e+00 9.843544194106995660e-01
2.156585371965238362e-01 8.411356612941551791e-01 5.129300315492495432e-01 8.910243583596727523e-01 3.941999374833498604e-01 8.460877336353628264e-01 1.981206348899949288e-01 4.215435045354552490e-01 5.569654547261209121e-01 3.029935206243967172e-01 1.514722647056358229e-01 1.654135161133765686e-01 9.829443169503319089e-01 9.843544194106995660e-01 0.000000000000000000e+00
