0.000000000000000000e+00 6.034952948442550147e-01 7.044461189611145313e-01 3.598180627086403627e-01 6.884050715303561274e-01 6.409654294006258413e-01 6.377203209086061975e-01 7.007215030615687734e-01 5.916473114377732712e-01 6.641669010850825838e-01 1.793859851105923664e-01 8.364108736104054476e-01 5.454612986973080002e-02 1.240554749445254568e-01 2.145489862501978318e-01
6.034952948442550147e-01 0.000000000000000000e+00 2.622793013372050619e-01 2.922166154936848281e-01 8.506065779994270715e-02 3.370130815958204407e-01 6.532216635605893051e-01 4.996915441729968821e-01 6.822438142111379999e-01 4.155011511396486945e-01 4.525639365661691671e-01 6.185752275155183000e-01 5.601229053191846274e-01 7.021525499777123702e-01 3.889530406102904569e-01
7.044461189611145313e-01 2.622793013372050619e-01 0.000000000000000000e+00 4.949953811197039255e-01 2.644035159704112292e-01 5.991978235983809187e-01 4.854583547991788151e-01 2.787599539318262321e-01 5.393031814231269427e-01 2.002753217621540960e-01 6.026468039273640276e-01 3.717925356330551434e-01 6.763927961365769903e-01 8.225152401388962087e-01 5.114087338881885270e-01
3.598180627086403627e-01 2.922166154936848281e-01 4.949953811197039255e-01 0.000000000000000000e+00 3.692272363964043125e-01 2.966475666112743936e-01 6.950960125662936084e-01 6.333116017967099776e-01 6.900047865597844776e-01 5.621501778148931816e-01 1.837486684794167047e-01 7.737544051317971627e-01 3.076914859498594002e-01 4.342414281745792248e-01 1.732594883939232444e-01
6.884050715303561274e-01 8.506065779994270715e-02 2.644035159704112292e-01 3.692272363964043125e-01 0.000000000000000000e+00 3.558570807722109541e-01 7.029571470244744269e-01 5.286817462010652280e-01 7.390226753667062942e-01 4.446953826453078906e-01 5.354045937770878227e-01 6.349771331001543562e-01 6.446476050808286340e-01 7.859969356140192875e-01 4.738564345947676171e-01
6.409654294006258413e-01 3.370130815958204407e-01 5.991978235983809187e-01 2.966475666112743936e-01 3.558570807722109541e-01 0.000000000000000000e+00 9.403142526165693127e-01 8.229327102978927222e-01 9.506083536448526328e-01 7.406623553010293071e-01 4.620346374311322113e-01 9.498921944565758002e-01 5.866023356309743031e-01 6.894776324455238470e-01 4.699016734262296824e-01
6.377203209086061975e-01 6.532216635605893051e-01 4.854583547991788151e-01 6.950960125662936084e-01 7.029571470244744269e-01 9.403142526165693127e-01 0.000000000000000000e+00 2.312394491600354707e-01 8.060828204028348820e-02 2.890494113796160947e-01 6.661139268433516891e-01 2.830893774540724772e-01 6.486508893194271597e-01 7.537014269549705547e-01 5.761184595398305408e-01
7.007215030615687734e-01 4.996915441729968821e-01 2.787599539318262321e-01 6.333116017967099776e-01 5.286817462010652280e-01 8.229327102978927222e-01 2.312394491600354707e-01 0.000000000000000000e+00 3.026952015727149004e-01 8.440253509848580360e-02 6.676272945312705653e-01 1.426264563978707767e-01 6.933428995717290100e-01 8.245778610200131808e-01 5.684280828514957085e-01
5.916473114377732712e-01 6.822438142111379999e-01 5.393031814231269427e-01 6.900047865597844776e-01 7.390226753667062942e-01 9.506083536448526328e-01 8.060828204028348820e-02 3.026952015727149004e-01 0.000000000000000000e+00 3.502619606626948823e-01 6.399298438786764631e-01 3.636672360904709689e-01 6.083570122694356153e-01 7.028558414982265523e-01 5.560064697564112146e-01
6.641669010850825838e-01 4.155011511396486945e-01 2.002753217621540960e-01 5.621501778148931816e-01 4.446953826453078906e-01 7.406623553010293071e-01 2.890494113796160947e-01 8.440253509848580360e-02 3.502619606626948823e-01 0.000000000000000000e+00 6.124464207769905189e-01 2.132884973948242224e-01 6.508889066917814548e-01 7.880912136431991177e-01 5.131675789499219320e-01
1.793859851105923664e-01 4.525639365661691671e-01 6.026468039273640276e-01 1.837486684794167047e-01 5.354045937770878227e-01 4.620346374311322113e-01 6.661139268433516891e-01 6.676272945312705653e-01 6.399298438786764631e-01 6.124464207769905189e-01 0.000000000000000000e+00 8.098328074246884389e-01 1.255920642810780252e-01 2.527027545876335823e-01 9.938840645724479617e-02
8.364108736104054476e-01 6.185752275155183000e-01 3.717925356330551434e-01 7.737544051317971627e-01 6.349771331001543562e-01 9.498921944565758002e-01 2.830893774540724772e-01 1.426264563978707767e-01 3.636672360904709689e-01 2.132884973948242224e-01 8.098328074246884389e-01 0.000000000000000000e+00 8.318115881916182675e-01 9.597035888321058250e-01 7.107364744568230863e-01
5.454612986973080002e-02 5.601229053191846274e-01 6.763927961365769903e-01 3.076914859498594002e-01 6.446476050808286340e-01 5.866023356309743031e-01 6.486508893194271597e-01 6.933428995717290100e-01 6.083570122694356153e-01 6.508889066917814548e-01 1.255920642810780252e-01 8.318115881916182675e-01 0.000000000000000000e+00 1.467217204634920502e-01 1.729740785390143643e-01
1.240554749445254568e-01 7.021525499777123702e-01 8.225152401388962087e-01 4.342414281745792248e-01 7.859969356140192875e-01 6.894776324455238470e-01 7.537014269549705547e-01 8.245778610200131808e-01 7.028558414982265523e-01 7.880912136431991177e-01 2.527027545876335823e-01 9.597035888321058250e-01 1.467217204634920502e-01 0.000000000000000000e+00 3.186249849376170395e-01
2.145489862501978318e-01 3.889530406102904569e-01 5.114087338881885270e-01 1.732594883939232444e-01 4.738564345947676171e-01 4.699016734262296824e-01 5.761184595398305408e-01 5.684280828514957085e-01 5.560064697564112146e-01 5.131675789499219320e-01 9.938840645724479617e-02 7.107364744568230863e-01 1.729740785390143643e-01 3.186249849376170395e-01 0.000000000000000000e+00
