0.000000000000000000e+00 7.082631978673893380e-01 1.725397866292402438e-01 8.724267869402694275e-01 7.673449963278261565e-01 8.723865507223221849e-01 1.018276948055419018e+00 4.498613841145783221e-01 7.836284335851956273e-01 4.138460948200791689e-01 1.029752208550173798e+00 6.416433041587054076e-01 9.207098586220812120e-01 3.536598470019761686e-01 8.214566706605924695e-01
7.082631978673893380e-01 0.000000000000000000e+00 5.357597694850421144e-01 8.637059921601620838e-01 4.885491108243334435e-01 8.088830339476528186e-01 5.158949299383084330e-01 6.692980174346979672e-01 1.960851486138231181e-01 4.238935788563966134e-01 6.606559942315549661e-01 3.485638945118008647e-01 4.966397027730123370e-01 3.666279741889388322e-01 8.104848660130505866e-01
1.725397866292402438e-01 5.357597694850421144e-01 0.000000000000000000e+00 8.184797747714119831e-01 6.434731815490045692e-01 8.045602695855664788e-01 8.716071454017957354e-01 4.151101240927831948e-01 6.185616909867744928e-01 2.868496915260077551e-01 9.055613624970240139e-01 5.005458338712742705e-01 7.822544216282996121e-01 1.858295670632479635e-01 7.632458769870129611e-01
8.724267869402694275e-01 8.637059921601620838e-01 8.184797747714119831e-01 0.000000000000000000e+00 3.945256493236307116e-01 7.268563280790682479e-02 6.183892566291857573e-01 4.227146577794750337e-01 7.216326119082555612e-01 5.690496973083114529e-01 4.512300113099334542e-01 5.154711859150542530e-01 5.114563258194694262e-01 8.581815763407665276e-01 5.748941602399227496e-02
7.673449963278261565e-01 4.885491108243334435e-01 6.434731815490045692e-01 3.945256493236307116e-01 0.000000000000000000e+00 3.307562241394371716e-01 2.969397047104895271e-01 4.255073482397515039e-01 3.287997148388853708e-01 3.578963513763577797e-01 2.629545924728310391e-01 1.671510892959038319e-01 1.777661184972303132e-01 5.986685983024869762e-01 3.489188266643115099e-01
8.723865507223221849e-01 8.088830339476528186e-01 8.045602695855664788e-01 7.268563280790682479e-02 3.307562241394371716e-01 0.000000000000000000e+00 5.458363284851653896e-01 4.272574232700135366e-01 6.594185202167803794e-01 5.417887729387500517e-01 3.797053506813434787e-01 4.628283628541796091e-01 4.397873946609940354e-01 8.289154315439755116e-01 6.727438896067014507e-02
1.018276948055419018e+00 5.158949299383084330e-01 8.716071454017957354e-01 6.183892566291857573e-01 2.969397047104895271e-01 5.458363284851653896e-01 0.000000000000000000e+00 7.206633901200124592e-01 3.216302128371067437e-01 6.066876630861007813e-01 2.036898400256546282e-01 3.770792826561133460e-01 1.203901076384699675e-01 7.749027699370367728e-01 5.896425409256138561e-01
4.498613841145783221e-01 6.692980174346979672e-01 4.151101240927831948e-01 4.227146577794750337e-01 4.255073482397515039e-01 4.272574232700135366e-01 7.206633901200124592e-01 0.000000000000000000e+00 6.211256138422550643e-01 2.519467833324863792e-01 6.601960223758973623e-01 3.904739822486070766e-01 6.029790734469845370e-01 5.057577125600830614e-01 3.728036367877902713e-01
7.836284335851956273e-01 1.960851486138231181e-01 6.185616909867744928e-01 7.216326119082555612e-01 3.287997148388853708e-01 6.594185202167803794e-01 3.216302128371067437e-01 6.211256138422550643e-01 0.000000000000000000e+00 4.137611519759603618e-01 4.672365274346784725e-01 2.376369372291845805e-01 3.031867981146609825e-01 4.850928087683641921e-01 6.731760179237100683e-01
4.138460948200791689e-01 4.238935788563966134e-01 2.868496915260077551e-01 5.690496973083114529e-01 3.578963513763577797e-01 5.417887729387500517e-01 6.066876630861007813e-01 2.519467833324863792e-01 4.137611519759603618e-01 0.000000000000000000e+00 6.207290389288802057e-01 2.297412090233701132e-01 5.068860489448751006e-01 2.892016400252562236e-01 5.116878895791298065e-01
1.029752208550173798e+00 6.606559942315549661e-01 9.055613624970240139e-01 4.512300113099334542e-01 2.629545924728310391e-01 3.797053506813434787e-01 2.036898400256546282e-01 6.601960223758973623e-01 4.672365274346784725e-01 6.207290389288802057e-01 0.000000000000000000e+00 4.136441811546514580e-01 1.641318143240882432e-01 8.479361042021377193e-01 4.352423731126153217e-01
6.416433041587054076e-01 3.485638945118008647e-01 5.005458338712742705e-01 5.154711859150542530e-01 1.671510892959038319e-01 4.628283628541796091e-01 3.770792826561133460e-01 3.904739822486070766e-01 2.376369372291845805e-01 2.297412090233701132e-01 4.136441811546514580e-01 0.000000000000000000e+00 2.817190394147615629e-01 4.353248157267795015e-01 4.619385581604884550e-01
9.207098586220812120e-01 4.966397027730123370e-01 7.822544216282996121e-01 5.114563258194694262e-01 1.777661184972303132e-01 4.397873946609940354e-01 1.203901076384699675e-01 6.029790734469845370e-01 3.031867981146609825e-01 5.068860489448751006e-01 1.641318143240882432e-01 2.817190394147615629e-01 0.000000000000000000e+00 7.043647398510821667e-01 4.782349223901989910e-01
3.536598470019761686e-01 3.666279741889388322e-01 1.858295670632479635e-01 8.581815763407665276e-01 5.986685983024869762e-01 8.289154315439755116e-01 7.749027699370367728e-01 5.057577125600830614e-01 4.850928087683641921e-01 2.892016400252562236e-01 8.479361042021377193e-01 4.353248157267795015e-01 7.043647398510821667e-01 0.000000000000000000e+00 8.007822989062558516e-01
8.214566706605924695e-01 8.104848660130505866e-01 7.632458769870129611e-01 5.748941602399227496e-02 3.489188266643115099e-01 6.727438896067014507e-02 5.896425409256138561e-01 3.728036367877902713e-01 6.731760179237100683e-01 5.116878895791298065e-01 4.352423731126153217e-01 4.619385581604884550e-01 4.782349223901989910e-01 8.007822989062558516e-01 0.000000000000000000e+00
