0.000000000000000000e+00 1.541623373152205545e-01 5.626193999684802050e-01 4.620590404819514552e-01 3.503643538266903446e-01 5.110584798458280842e-01 3.061028424108940271e-01 5.415332899695846081e-01 3.363241181478266451e-01 6.824416166182218912e-01 1.998945497217970158e-01 4.237677362240136469e-01 3.128056063927686647e-01 4.578913608224441378e-01 1.602249417383380670e-01
1.541623373152205545e-01 0.000000000000000000e+00 6.372990172029979750e-01 3.104139450985077819e-01 5.044119057969974618e-01 6.515938298296670705e-01 4.602016885084785902e-01 3.909049037863038811e-01 3.977803507081562051e-01 7.080807232959105413e-01 3.114605017806258425e-01 5.755062884264852130e-01 4.576724325259535209e-01 3.090317655948565667e-01 7.856772797785178952e-02
5.626193999684802050e-01 6.372990172029979750e-01 0.000000000000000000e+00 8.922663599101302578e-01 5.224263757061384794e-01 3.711231255278010233e-01 5.392541917742892377e-01 8.575412438928393666e-01 2.397033192480771679e-01 2.376856677707547549e-01 6.968032223391360525e-01 4.777326046902444778e-01 3.978854615711969189e-01 7.845960153927868941e-01 5.671267830540295263e-01
4.620590404819514552e-01 3.104139450985077819e-01 8.922663599101302578e-01 0.000000000000000000e+00 8.113942628224368736e-01 9.596190328312470541e-01 7.650762943046029996e-01 1.824059282891414280e-01 6.593459754270699635e-01 8.984871898997143225e-01 5.737652480659030108e-01 8.854383633063626080e-01 7.676993329562419310e-01 1.660680142700394490e-01 3.484934406257779171e-01
3.503643538266903446e-01 5.044119057969974618e-01 5.224263757061384794e-01 8.113942628224368736e-01 0.000000000000000000e+00 2.434367487908556116e-01 5.168261528025770712e-02 8.863719264267566622e-01 4.203862183710679323e-01 7.344358711528193862e-01 3.043148961912534589e-01 9.604643141182156452e-02 1.302737956143843745e-01 8.014912177264428284e-01 4.941069449409747905e-01
5.110584798458280842e-01 6.515938298296670705e-01 3.711231255278010233e-01 9.596190328312470541e-01 2.434367487908556116e-01 0.000000000000000000e+00 2.879416138908544864e-01 9.952220893642031996e-01 3.945564256445732165e-01 6.076450343998502923e-01 5.320355029815021508e-01 1.544474490598777561e-01 1.995359347555725471e-01 9.109077118622818103e-01 6.142558994280524765e-01
3.061028424108940271e-01 4.602016885084785902e-01 5.392541917742892377e-01 7.650762943046029996e-01 5.168261528025770712e-02 2.879416138908544864e-01 0.000000000000000000e+00 8.455368466464892041e-01 4.141712904557673935e-01 7.419683669545703575e-01 2.529540653671685790e-01 1.463951796118291293e-01 1.414202800999685428e-01 7.610320265157178854e-01 4.548522317388606351e-01
5.415332899695846081e-01 3.909049037863038811e-01 8.575412438928393666e-01 1.824059282891414280e-01 8.863719264267566622e-01 9.952220893642031996e-01 8.455368466464892041e-01 0.000000000000000000e+00 6.447468930650772645e-01 8.164911404168556652e-01 6.936458883560296940e-01 9.473736195249228276e-01 8.181370180170378648e-01 8.526037349655692099e-02 3.928272055777154992e-01
3.363241181478266451e-01 3.977803507081562051e-01 2.397033192480771679e-01 6.593459754270699635e-01 4.203862183710679323e-01 3.945564256445732165e-01 4.141712904557673935e-01 6.447468930650772645e-01 0.000000000000000000e+00 3.535677032973399414e-01 4.988625147030790741e-01 4.217452083582815536e-01 2.941674953855365482e-01 5.660726653186735069e-01 3.275836196905466124e-01
6.824416166182218912e-01 7.080807232959105413e-01 2.376856677707547549e-01 8.984871898997143225e-01 7.344358711528193862e-01 6.076450343998502923e-01 7.419683669545703575e-01 8.164911404168556652e-01 3.535677032973399414e-01 0.000000000000000000e+00 8.524213655112765631e-01 7.032169952299435201e-01 6.047335312091662862e-01 7.594616784526999620e-01 6.299418563858163456e-01
1.998945497217970158e-01 3.114605017806258425e-01 6.968032223391360525e-01 5.737652480659030108e-01 3.043148961912534589e-01 5.320355029815021508e-01 2.529540653671685790e-01 6.936458883560296940e-01 4.988625147030790741e-01 8.524213655112765631e-01 0.000000000000000000e+00 3.991759572449463667e-01 3.460099075100688815e-01 6.156875011948053089e-01 3.492117911531018026e-01
4.237677362240136469e-01 5.755062884264852130e-01 4.777326046902444778e-01 8.854383633063626080e-01 9.604643141182156452e-02 1.544474490598777561e-01 1.463951796118291293e-01 9.473736195249228276e-01 4.217452083582815536e-01 7.032169952299435201e-01 3.991759572449463667e-01 0.000000000000000000e+00 1.363650785867499826e-01 8.621168563444876476e-01 5.551112842652233814e-01
3.128056063927686647e-01 4.576724325259535209e-01 3.978854615711969189e-01 7.676993329562419310e-01 1.302737956143843745e-01 1.995359347555725471e-01 1.414202800999685428e-01 8.181370180170378648e-01 2.941674953855365482e-01 6.047335312091662862e-01 3.460099075100688815e-01 1.363650785867499826e-01 0.000000000000000000e+00 7.329552693691918641e-01 4.283891456370743644e-01
4.578913608224441378e-01 3.090317655948565667e-01 7.845960153927868941e-01 1.660680142700394490e-01 8.014912177264428284e-01 9.109077118622818103e-01 7.610320265157178854e-01 8.526037349655692099e-02 5.660726653186735069e-01 7.594616784526999620e-01 6.156875011948053089e-01 8.621168563444876476e-01 7.329552693691918641e-01 0.000000000000000000e+00 3.077019247589128370e-01
1.602249417383380670e-01 7.856772797785178952e-02 5.671267830540295263e-01 3.484934406257779171e-01 4.941069449409747905e-01 6.142558994280524765e-01 4.548522317388606351e-01 3.928272055777154992e-01 3.275836196905466124e-01 6.299418563858163456e-01 3.492117911531018026e-01 5.551112842652233814e-01 4.283891456370743644e-01 3.077019247589128370e-01 0.000000000000000000e+00
