0.000000000000000000e+00 6.483938149463868150e-01 1.872185081226430403e-01 3.003821062892390037e-01 5.478449237703663099e-01 2.060469856024425561e-01 2.951296715168485463e-01 6.594810690292454147e-01 2.077053068408533376e-01 5.949297965558130175e-01 4.196184082092730971e-01 8.305870793472329427e-02 2.964516879975232500e-01 4.327191481651926908e-01 4.774578220464844591e-01 3.559537199337711733e-01 8.573580509445899445e-01 2.101257196570346930e-01 1.769969912283606284e-01 6.907064747520620385e-01
6.483938149463868150e-01 0.000000000000000000e+00 6.228799855220253923e-01 7.686749589756687318e-01 1.173069393939120547e-01 8.544367600407226648e-01 6.929370008355693056e-01 1.248799307037390172e+00 6.976628515796221564e-01 5.583803389664461214e-01 1.049308068543160388e+00 5.884945128415347559e-01 3.718288760214731314e-01 8.573351731910949791e-01 9.884115328257191413e-01 6.981216207541496299e-01 9.122753494460280610e-01 7.449815710098223187e-01 7.393030810153268240e-01 4.274418128847063958e-01
1.872185081226430403e-01 6.228799855220253923e-01 0.000000000000000000e+00 4.872826339167280474e-01 5.084351799700989050e-01 3.154109216905157109e-01 1.186418095927420924e-01 6.260009506997188389e-01 7.498031114482131554e-02 4.249817448603820380e-01 4.417031757985265261e-01 2.348292841211667703e-01 2.536350887209523064e-01 2.844999590945300194e-01 3.792534530149007099e-01 5.328334313001106270e-01 6.701607458301904741e-01 3.971856254629571037e-01 3.632697336720055459e-01 5.523061496290597727e-01
3.003821062892390037e-01 7.686749589756687318e-01 4.872826339167280474e-01 0.000000000000000000e+00 7.002871619332761144e-01 3.260722669872066493e-01 5.941379782652601582e-01 8.233924844222000328e-01 5.028062954864704892e-01 8.764787381134612199e-01 5.572802567816890207e-01 2.695607182390483691e-01 5.105469372541795448e-01 7.162929173459651189e-01 7.243994558208065593e-01 1.230103874509312356e-01 1.156887517529169962e+00 9.605017663327999888e-02 1.332353644886297706e-01 9.381906120016388906e-01
5.478449237703663099e-01 1.173069393939120547e-01 5.084351799700989050e-01 7.002871619332761144e-01 0.000000000000000000e+00 7.532273025000039146e-01 5.758340163557585933e-01 1.133775337422124441e+00 5.829248325424966071e-01 4.608986440201572332e-01 9.396271419086777987e-01 4.950057582420333557e-01 2.608674519109326906e-01 7.400592059949043788e-01 8.714370434453174719e-01 6.448052155033197064e-01 8.200544644769377500e-01 6.650493966534134493e-01 6.550215155887652019e-01 3.608280076286571880e-01
2.060469856024425561e-01 8.544367600407226648e-01 3.154109216905157109e-01 3.260722669872066493e-01 7.532273025000039146e-01 0.000000000000000000e+00 3.729898744484462236e-01 5.046915680342758392e-01 2.807930967317470716e-01 7.381046996050937281e-01 2.422136086627938445e-01 2.737288396446367345e-01 4.981626099881408809e-01 4.364369406345804947e-01 4.089102080848585619e-01 4.325478956721422463e-01 9.395011154005562526e-01 2.393422976036082839e-01 2.077799528987449018e-01 8.648135033304793495e-01
2.951296715168485463e-01 6.929370008355693056e-01 1.186418095927420924e-01 5.941379782652601582e-01 5.758340163557585933e-01 3.729898744484462236e-01 0.000000000000000000e+00 5.697302242979517262e-01 9.572966777225601354e-02 3.816673146228745650e-01 4.325183670731067020e-01 3.515740899474363856e-01 3.400517001185681121e-01 1.742883915397885342e-01 2.958070084228244800e-01 6.478162456712691641e-01 5.733080248460986628e-01 5.008956928175509749e-01 4.652014335859364080e-01 5.439298499563037792e-01
6.594810690292454147e-01 1.248799307037390172e+00 6.260009506997188389e-01 8.233924844222000328e-01 1.133775337422124441e+00 5.046915680342758392e-01 5.697302242979517262e-01 0.000000000000000000e+00 5.511446155681242187e-01 9.054652305146873026e-01 2.661226722363463359e-01 7.420403305663487714e-01 8.789486348080625122e-01 4.472925775647772495e-01 2.912287824707774364e-01 9.358601225137236357e-01 9.092193121266144429e-01 7.427626097529659299e-01 7.123709526109758272e-01 1.095012405310157311e+00
2.077053068408533376e-01 6.976628515796221564e-01 7.498031114482131554e-02 5.028062954864704892e-01 5.829248325424966071e-01 2.807930967317470716e-01 9.572966777225601354e-02 5.511446155681242187e-01 0.000000000000000000e+00 4.612760639380398264e-01 3.745296799489483131e-01 2.737432645052846891e-01 3.285832713960721296e-01 2.290439679614769963e-01 3.075150109753744809e-01 5.635341514658137596e-01 6.690336587191177964e-01 4.084576436498065788e-01 3.722437019024064098e-01 6.063407691341264893e-01
5.949297965558130175e-01 5.583803389664461214e-01 4.249817448603820380e-01 8.764787381134612199e-01 4.608986440201572332e-01 7.381046996050937281e-01 3.816673146228745650e-01 9.054652305146873026e-01 4.612760639380398264e-01 0.000000000000000000e+00 8.111353952826060310e-01 6.069850579233729837e-01 4.021559504282813946e-01 4.581948181984209501e-01 6.142503762484475827e-01 8.853759810145915843e-01 3.605719927185883633e-01 7.978715996114951192e-01 7.687189555203147728e-01 2.035054986638774599e-01
4.196184082092730971e-01 1.049308068543160388e+00 4.417031757985265261e-01 5.572802567816890207e-01 9.396271419086777987e-01 2.422136086627938445e-01 4.325183670731067020e-01 2.661226722363463359e-01 3.745296799489483131e-01 8.111353952826060310e-01 0.000000000000000000e+00 4.987854837467809999e-01 6.787895911006308625e-01 3.929922531017688847e-01 2.822850193032424015e-01 6.704996847895585699e-01 9.204727855508938461e-01 4.777749179862660345e-01 4.485161074173998341e-01 9.753179636153197496e-01
8.305870793472329427e-02 5.884945128415347559e-01 2.348292841211667703e-01 2.695607182390483691e-01 4.950057582420333557e-01 2.737288396446367345e-01 3.515740899474363856e-01 7.420403305663487714e-01 2.737432645052846891e-01 6.069850579233729837e-01 4.987854837467809999e-01 0.000000000000000000e+00 2.606551739596424389e-01 5.025584567111326395e-01 5.575228897315187560e-01 2.986512532919933793e-01 8.948001739921714881e-01 1.950736056053186673e-01 1.723595826581448276e-01 6.787581727048798141e-01
2.964516879975232500e-01 3.718288760214731314e-01 2.536350887209523064e-01 5.105469372541795448e-01 2.608674519109326906e-01 4.981626099881408809e-01 3.400517001185681121e-01 8.789486348080625122e-01 3.285832713960721296e-01 4.021559504282813946e-01 6.787895911006308625e-01 2.606551739596424389e-01 0.000000000000000000e+00 5.132736632901157003e-01 6.288192980650897379e-01 4.949961277285758188e-01 7.408465298982018776e-01 4.513215345925344346e-01 4.322608090224897004e-01 4.283584742852434291e-01
4.327191481651926908e-01 8.573351731910949791e-01 2.844999590945300194e-01 7.162929173459651189e-01 7.400592059949043788e-01 4.364369406345804947e-01 1.742883915397885342e-01 4.472925775647772495e-01 2.290439679614769963e-01 4.581948181984209501e-01 3.929922531017688847e-01 5.025584567111326395e-01 5.132736632901157003e-01 0.000000000000000000e+00 1.560641906439038384e-01 7.877126561575031882e-01 5.290145154118278681e-01 6.202971007182085383e-01 5.831514721390684830e-01 6.494305314152506448e-01
4.774578220464844591e-01 9.884115328257191413e-01 3.792534530149007099e-01 7.243994558208065593e-01 8.714370434453174719e-01 4.089102080848585619e-01 2.958070084228244800e-01 2.912287824707774364e-01 3.075150109753744809e-01 6.142503762484475827e-01 2.822850193032424015e-01 5.575228897315187560e-01 6.288192980650897379e-01 1.560641906439038384e-01 0.000000000000000000e+00 8.146698154795765090e-01 6.522279695729660265e-01 6.302456763805892592e-01 5.938812564170761199e-01 8.046561026028432595e-01
3.559537199337711733e-01 6.981216207541496299e-01 5.328334313001106270e-01 1.230103874509312356e-01 6.448052155033197064e-01 4.325478956721422463e-01 6.478162456712691641e-01 9.358601225137236357e-01 5.635341514658137596e-01 8.853759810145915843e-01 6.704996847895585699e-01 2.986512532919933793e-01 4.949961277285758188e-01 7.877126561575031882e-01 8.146698154795765090e-01 0.000000000000000000e+00 1.190749012051612654e+00 1.932770097150266764e-01 2.257979742966792491e-01 9.202311182293390068e-01
8.573580509445899445e-01 9.122753494460280610e-01 6.701607458301904741e-01 1.156887517529169962e+00 8.200544644769377500e-01 9.395011154005562526e-01 5.733080248460986628e-01 9.092193121266144429e-01 6.690336587191177964e-01 3.605719927185883633e-01 9.204727855508938461e-01 8.948001739921714881e-01 7.408465298982018776e-01 5.290145154118278681e-01 6.522279695729660265e-01 1.190749012051612654e+00 0.000000000000000000e+00 1.067325584692971674e+00 1.033098900657686503e+00 5.044306080657655622e-01
2.101257196570346930e-01 7.449815710098223187e-01 3.971856254629571037e-01 9.605017663327999888e-02 6.650493966534134493e-01 2.393422976036082839e-01 5.008956928175509749e-01 7.427626097529659299e-01 4.084576436498065788e-01 7.978715996114951192e-01 4.777749179862660345e-01 1.950736056053186673e-01 4.513215345925344346e-01 6.202971007182085383e-01 6.302456763805892592e-01 1.932770097150266764e-01 1.067325584692971674e+00 0.000000000000000000e+00 3.718632447123980389e-02 8.735648983387085398e-01
1.769969912283606284e-01 7.393030810153268240e-01 3.632697336720055459e-01 1.332353644886297706e-01 6.550215155887652019e-01 2.077799528987449018e-01 4.652014335859364080e-01 7.123709526109758272e-01 3.722437019024064098e-01 7.687189555203147728e-01 4.485161074173998341e-01 1.723595826581448276e-01 4.322608090224897004e-01 5.831514721390684830e-01 5.938812564170761199e-01 2.257979742966792491e-01 1.033098900657686503e+00 3.718632447123980389e-02 0.000000000000000000e+00 8.504115763927551086e-01
6.907064747520620385e-01 4.274418128847063958e-01 5.523061496290597727e-01 9.381906120016388906e-01 3.608280076286571880e-01 8.648135033304793495e-01 5.439298499563037792e-01 1.095012405310157311e+00 6.063407691341264893e-01 2.035054986638774599e-01 9.753179636153197496e-01 6.787581727048798141e-01 4.283584742852434291e-01 6.494305314152506448e-01 8.046561026028432595e-01 9.202311182293390068e-01 5.044306080657655622e-01 8.735648983387085398e-01 8.504115763927551086e-01 0.000000000000000000e+00
