0.000000000000000000e+00 5.205724550214978485e-01 3.029884393596337655e-01 1.188229880942750782e-01 3.211063096385985971e-01 7.320387296847935543e-01 5.749048396197310451e-01 9.323026593027308184e-01 9.125715382695802624e-01 1.406410431686992146e-01 2.594770370953870531e-01 1.808141604082188492e-01 8.599718679570730329e-01 1.029662436897968991e+00 4.711385296999048289e-01 6.121030687629587241e-01 5.407555746647427775e-01 6.984004075551557555e-01 3.904878414569686873e-01 4.537339246138417659e-01
5.205724550214978485e-01 0.000000000000000000e+00 2.175883416986153784e-01 4.130959435815080849e-01 3.464708697226124845e-01 2.309320885226950060e-01 5.335619663506502297e-01 7.581082395664568985e-01 7.612805111698111027e-01 3.807012261793186192e-01 7.119853367439801239e-01 4.807734747615609594e-01 6.196830270760353976e-01 5.760184848122045231e-01 4.728073829707022946e-01 4.901706072857505148e-01 7.184168922989614403e-01 5.667758513398237774e-01 2.265830266232736201e-01 9.814891667914371620e-02
3.029884393596337655e-01 2.175883416986153784e-01 0.000000000000000000e+00 1.984764347296334441e-01 2.178922698908257183e-01 4.351192113115470161e-01 4.867209762280308438e-01 7.939105201169810444e-01 7.860517965254620876e-01 1.633146762592296020e-01 5.067888304721060999e-01 2.862212887385155446e-01 6.822058729633486696e-01 7.546842774395837727e-01 3.951450898741390438e-01 4.790938685104995653e-01 5.962942436222533615e-01 5.689877482576565226e-01 1.654099670562541036e-01 1.608495461877865462e-01
1.188229880942750782e-01 4.130959435815080849e-01 1.984764347296334441e-01 0.000000000000000000e+00 2.115576080817352933e-01 6.172210430060024455e-01 5.671790673693424267e-01 9.122467429156025931e-01 8.971050130949254076e-01 6.504003609163094834e-02 3.678734003475309655e-01 2.157119618819865747e-01 8.226341491419502105e-01 9.470140784726214234e-01 4.633364747861515309e-01 5.880004538981354889e-01 5.874707698098625697e-01 6.780585242297981763e-01 3.196564567099677290e-01 3.395329943778019888e-01
3.211063096385985971e-01 3.464708697226124845e-01 2.178922698908257183e-01 2.115576080817352933e-01 0.000000000000000000e+00 4.898495300706711131e-01 6.990853543925408253e-01 1.011708338914617089e+00 1.003922052249635044e+00 2.444779574525003107e-01 5.780150148980455205e-01 4.140583333238827546e-01 8.974460310140036645e-01 9.221404931191165000e-01 6.026067436567614788e-01 6.963425794423568904e-01 7.734915655465550710e-01 7.865319166145643415e-01 3.831251930709735909e-01 2.490565634886368340e-01
7.320387296847935543e-01 2.309320885226950060e-01 4.351192113115470161e-01 6.172210430060024455e-01 4.898495300706711131e-01 0.000000000000000000e+00 7.300386993608091180e-01 8.861179678162226514e-01 8.982442322637673726e-01 5.963635597460242854e-01 9.392086756370894296e-01 7.101612418155018869e-01 7.342764222805816532e-01 5.369771333573493122e-01 6.853287506250282934e-01 6.712410276884551719e-01 9.385137129879657092e-01 7.333246693757767831e-01 4.532967055399982348e-01 2.783083776046330615e-01
5.749048396197310451e-01 5.335619663506502297e-01 4.867209762280308438e-01 5.671790673693424267e-01 6.990853543925408253e-01 7.300386993608091180e-01 0.000000000000000000e+00 3.604619158293680403e-01 3.382193195239472372e-01 5.027777086569906739e-01 5.464578624610195723e-01 3.975370933403610807e-01 3.232857721315515742e-01 6.656551711588398756e-01 1.044956391507379234e-01 8.647198261665435537e-02 2.638727085803209138e-01 1.354550225294811894e-01 3.347684198969517744e-01 5.731886145618656503e-01
9.323026593027308184e-01 7.581082395664568985e-01 7.939105201169810444e-01 9.122467429156025931e-01 1.011708338914617089e+00 8.861179678162226514e-01 3.604619158293680403e-01 0.000000000000000000e+00 3.973097054162768454e-02 8.472126354842495211e-01 8.973001060178084076e-01 7.571840887805599829e-01 1.549696307383130467e-01 5.675647623491462124e-01 4.619403074717227109e-01 3.242464547980575817e-01 5.437132078716726546e-01 2.346879986672737728e-01 6.285831948253221002e-01 8.300687356343517953e-01
9.125715382695802624e-01 7.612805111698111027e-01 7.860517965254620876e-01 8.971050130949254076e-01 1.003922052249635044e+00 8.982442322637673726e-01 3.382193195239472372e-01 3.973097054162768454e-02 0.000000000000000000e+00 8.320916743085698952e-01 8.686647640505379409e-01 7.357562176752870942e-01 1.766104952386980675e-01 5.993892240082182576e-01 4.414373960652469564e-01 3.105392126805104902e-01 5.091613912502737094e-01 2.196662835415818249e-01 6.212692467333632562e-01 8.298146648073887466e-01
1.406410431686992146e-01 3.807012261793186192e-01 1.633146762592296020e-01 6.504003609163094834e-02 2.444779574525003107e-01 5.963635597460242854e-01 5.027777086569906739e-01 8.472126354842495211e-01 8.320916743085698952e-01 0.000000000000000000e+00 3.569046392065944873e-01 1.695865090866316427e-01 7.584854382643287929e-01 8.953757445968791862e-01 3.991995888885833677e-01 5.229670418403004062e-01 5.347246485055552334e-01 6.130199855718698743e-01 2.610987766616739703e-01 3.187619746553910227e-01
2.594770370953870531e-01 7.119853367439801239e-01 5.067888304721060999e-01 3.678734003475309655e-01 5.780150148980455205e-01 9.392086756370894296e-01 5.464578624610195723e-01 8.973001060178084076e-01 8.686647640505379409e-01 3.569046392065944873e-01 0.000000000000000000e+00 2.343805125291376079e-01 8.675674746120017877e-01 1.134620167312257344e+00 4.620224731166387433e-01 6.136780921835420788e-01 3.949186785307398639e-01 6.819114586660496302e-01 5.213559418671585011e-01 6.675941597273625794e-01
1.808141604082188492e-01 4.807734747615609594e-01 2.862212887385155446e-01 2.157119618819865747e-01 4.140583333238827546e-01 7.101612418155018869e-01 3.975370933403610807e-01 7.571840887805599829e-01 7.357562176752870942e-01 1.695865090866316427e-01 2.343805125291376079e-01 0.000000000000000000e+00 6.952543007392719687e-01 9.136810953289700166e-01 2.953348406703401041e-01 4.421533498185730715e-01 3.727859214094389473e-01 5.251183433544647228e-01 2.879111663941578692e-01 4.453741158103720066e-01
8.599718679570730329e-01 6.196830270760353976e-01 6.822058729633486696e-01 8.226341491419502105e-01 8.974460310140036645e-01 7.342764222805816532e-01 3.232857721315515742e-01 1.549696307383130467e-01 1.766104952386980675e-01 7.584854382643287929e-01 8.675674746120017877e-01 6.952543007392719687e-01 0.000000000000000000e+00 4.321169057730485652e-01 4.078365414589973925e-01 2.555258756404430454e-01 5.614581193841744478e-01 1.901398688556238670e-01 5.183109669314495127e-01 6.982275149537522374e-01
1.029662436897968991e+00 5.760184848122045231e-01 7.546842774395837727e-01 9.470140784726214234e-01 9.221404931191165000e-01 5.369771333573493122e-01 6.656551711588398756e-01 5.675647623491462124e-01 5.993892240082182576e-01 8.953757445968791862e-01 1.134620167312257344e+00 9.136810953289700166e-01 4.321169057730485652e-01 0.000000000000000000e+00 7.014543444386216464e-01 5.791849695980387791e-01 9.294869395382833188e-01 5.705965799825031270e-01 6.397897246945450922e-01 6.740751404031776195e-01
4.711385296999048289e-01 4.728073829707022946e-01 3.951450898741390438e-01 4.633364747861515309e-01 6.026067436567614788e-01 6.853287506250282934e-01 1.044956391507379234e-01 4.619403074717227109e-01 4.414373960652469564e-01 3.991995888885833677e-01 4.620224731166387433e-01 2.953348406703401041e-01 4.078365414589973925e-01 7.014543444386216464e-01 0.000000000000000000e+00 1.524199366584546855e-01 2.580372784718968915e-01 2.302226648558447775e-01 2.562253738506732881e-01 4.982747505671377697e-01
6.121030687629587241e-01 4.901706072857505148e-01 4.790938685104995653e-01 5.880004538981354889e-01 6.963425794423568904e-01 6.712410276884551719e-01 8.647198261665435537e-02 3.242464547980575817e-01 3.105392126805104902e-01 5.229670418403004062e-01 6.136780921835420788e-01 4.421533498185730715e-01 2.555258756404430454e-01 5.791849695980387791e-01 1.524199366584546855e-01 0.000000000000000000e+00 3.503375299935425069e-01 9.093144402795409753e-02 3.166627441379588070e-01 5.424659335916114378e-01
5.407555746647427775e-01 7.184168922989614403e-01 5.962942436222533615e-01 5.874707698098625697e-01 7.734915655465550710e-01 9.385137129879657092e-01 2.638727085803209138e-01 5.437132078716726546e-01 5.091613912502737094e-01 5.347246485055552334e-01 3.949186785307398639e-01 3.727859214094389473e-01 5.614581193841744478e-01 9.294869395382833188e-01 2.580372784718968915e-01 3.503375299935425069e-01 0.000000000000000000e+00 3.752930515059820782e-01 4.929218695826465546e-01 7.277638540241913034e-01
6.984004075551557555e-01 5.667758513398237774e-01 5.689877482576565226e-01 6.780585242297981763e-01 7.865319166145643415e-01 7.333246693757767831e-01 1.354550225294811894e-01 2.346879986672737728e-01 2.196662835415818249e-01 6.130199855718698743e-01 6.819114586660496302e-01 5.251183433544647228e-01 1.901398688556238670e-01 5.705965799825031270e-01 2.302226648558447775e-01 9.093144402795409753e-02 3.752930515059820782e-01 0.000000000000000000e+00 4.054765582049182915e-01 6.253923247816327580e-01
3.904878414569686873e-01 2.265830266232736201e-01 1.654099670562541036e-01 3.196564567099677290e-01 3.831251930709735909e-01 4.532967055399982348e-01 3.347684198969517744e-01 6.285831948253221002e-01 6.212692467333632562e-01 2.610987766616739703e-01 5.213559418671585011e-01 2.879111663941578692e-01 5.183109669314495127e-01 6.397897246945450922e-01 2.562253738506732881e-01 3.166627441379588070e-01 4.929218695826465546e-01 4.054765582049182915e-01 0.000000000000000000e+00 2.420536679135564806e-01
4.537339246138417659e-01 9.814891667914371620e-02 1.608495461877865462e-01 3.395329943778019888e-01 2.490565634886368340e-01 2.783083776046330615e-01 5.731886145618656503e-01 8.300687356343517953e-01 8.298146648073887466e-01 3.187619746553910227e-01 6.675941597273625794e-01 4.453741158103720066e-01 6.982275149537522374e-01 6.740751404031776195e-01 4.982747505671377697e-01 5.424659335916114378e-01 7.277638540241913034e-01 6.253923247816327580e-01 2.420536679135564806e-01 0.000000000000000000e+00
