0.000000000000000000e+00 8.713445985661018300e-03 6.964007044701756577e-01 5.915651626359621496e-01 9.096872259811592532e-01 6.151058263100864787e-01 2.268758275452470718e-01 4.079507862458132683e-01 9.007149493922917971e-01 3.023009700413522016e-01 6.813493873383589250e-01 8.852103877682275801e-01 1.155812134819244275e+00 8.890272448714718889e-01 9.439822093904316758e-02 5.511802520417626861e-01 2.107241195064751549e-01 9.006241175189568793e-01 2.389729669616010854e-01 6.762020723239542397e-01
8.713445985661018300e-03 0.000000000000000000e+00 7.045060437449792712e-01 6.002719066019925886e-01 9.143604841175322351e-01 6.151596489734858508e-01 2.342465528700172495e-01 4.165515350482530410e-01 9.068390475032453990e-01 3.099446782852870452e-01 6.809586681363736238e-01 8.836956299201446097e-01 1.161771021208642951e+00 8.921906393817686798e-01 9.108820196257157165e-02 5.597007959861931559e-01 2.107144236214922306e-01 9.017676543619299601e-01 2.444059832309173619e-01 6.767397577289024913e-01
6.964007044701756577e-01 7.045060437449792712e-01 0.000000000000000000e+00 2.403531390639674914e-01 5.377837765522958113e-01 7.401267870089601741e-01 4.758340533375307602e-01 3.103747238346313830e-01 3.861656575789190193e-01 3.985481273250169321e-01 8.028226429769050876e-01 1.012627277349489541e+00 6.050052665899423587e-01 6.601403266707843720e-01 7.675868868910574738e-01 3.887309638166071557e-01 6.534534519622831050e-01 8.302398588268753432e-01 5.054865713500064084e-01 7.393814294238808538e-01
5.915651626359621496e-01 6.002719066019925886e-01 2.403531390639674914e-01 0.000000000000000000e+00 7.539150229464466335e-01 8.367890851171326805e-01 4.126235082184045444e-01 1.933196778229352708e-01 6.208045382995733830e-01 3.494964528610811083e-01 9.075486148595727220e-01 1.131265562849979700e+00 8.453583772567838661e-01 8.511403935754268124e-01 6.400516090110467404e-01 1.490731168419770769e-01 6.244484266523815386e-01 9.922951551830199168e-01 4.745754040547515151e-01 8.552459894922433969e-01
9.096872259811592532e-01 9.143604841175322351e-01 5.377837765522958113e-01 7.539150229464466335e-01 0.000000000000000000e+00 5.093847562754691971e-01 7.105322896427465063e-01 7.084509315556842823e-01 1.934548500638461621e-01 6.607193609193995343e-01 5.273023085274567423e-01 6.508182734688058302e-01 3.126264108341905157e-01 1.763606892331186782e-01 1.003371342218826845e+00 8.876167120037729008e-01 7.430039180015819422e-01 3.909390913057356753e-01 6.722368504142820500e-01 4.572878291382005966e-01
6.151058263100864787e-01 6.151596489734858508e-01 7.401267870089601741e-01 8.367890851171326805e-01 5.093847562754691971e-01 0.000000000000000000e+00 5.280075190594933909e-01 6.811230169969254566e-01 6.320161196253295532e-01 5.378310344917245356e-01 7.382412367514640250e-02 3.004874894880064651e-01 8.216159606481951982e-01 3.849802308865536982e-01 7.018878864798152595e-01 9.086996837995076071e-01 4.044515957900531311e-01 3.009094100131491922e-01 4.507884433536897273e-01 7.104357264653900217e-02
2.268758275452470718e-01 2.342465528700172495e-01 4.758340533375307602e-01 4.126235082184045444e-01 7.105322896427465063e-01 5.280075190594933909e-01 0.000000000000000000e+00 2.193834451614104231e-01 6.812512435770206043e-01 7.732695223129022744e-02 6.014165147339365358e-01 8.253495148286484895e-01 9.375181878130909308e-01 7.184373835449335832e-01 3.107286171256448681e-01 4.223547268678949917e-01 2.140689110537798701e-01 7.742603517054323925e-01 7.949012428545254583e-02 5.731033435607544302e-01
4.079507862458132683e-01 4.165515350482530410e-01 3.103747238346313830e-01 1.933196778229352708e-01 7.084509315556842823e-01 6.811230169969254566e-01 2.193834451614104231e-01 0.000000000000000000e+00 6.203447831423342107e-01 1.602713618295430187e-01 7.542040204406946780e-01 9.809195413000986186e-01 8.695145137415611902e-01 7.683082411681634305e-01 4.674765494763641338e-01 2.275826442909752723e-01 4.320648503003730045e-01 8.762145938753734820e-01 2.841449340692085990e-01 7.101652896979279150e-01
9.007149493922917971e-01 9.068390475032453990e-01 3.861656575789190193e-01 6.208045382995733830e-01 1.934548500638461621e-01 6.320161196253295532e-01 6.812512435770206043e-01 6.203447831423342107e-01 0.000000000000000000e+00 6.167759252939696291e-01 6.668064452894754135e-01 8.212644222505701697e-01 2.564336773766195954e-01 3.636043667660446288e-01 9.901181174919410077e-01 7.646843866284463997e-01 7.685054259384311859e-01 5.744268044144964502e-01 6.639572296729534528e-01 5.943376713842158932e-01
3.023009700413522016e-01 3.099446782852870452e-01 3.985481273250169321e-01 3.494964528610811083e-01 6.607193609193995343e-01 5.378310344917245356e-01 7.732695223129022744e-02 1.602713618295430187e-01 6.167759252939696291e-01 0.000000000000000000e+00 6.116243811141452991e-01 8.381846547521302204e-01 8.731593308274898657e-01 6.850831795585381467e-01 3.826211215562096979e-01 3.803482943984081710e-01 2.762271412891566524e-01 7.614214003269729192e-01 1.250959101815445340e-01 5.748533795022932047e-01
6.813493873383589250e-01 6.809586681363736238e-01 8.028226429769050876e-01 9.075486148595727220e-01 5.273023085274567423e-01 7.382412367514640250e-02 6.014165147339365358e-01 7.542040204406946780e-01 6.668064452894754135e-01 6.116243811141452991e-01 0.000000000000000000e+00 2.268898501090651776e-01 8.393853406130812322e-01 3.841129671911591159e-01 7.661655721559359478e-01 9.817406268925504831e-01 4.707575842986920778e-01 2.597837223616392133e-01 5.238813140198038676e-01 7.248005826549780428e-02
8.852103877682275801e-01 8.836956299201446097e-01 1.012627277349489541e+00 1.131265562849979700e+00 6.508182734688058302e-01 3.004874894880064651e-01 8.253495148286484895e-01 9.809195413000986186e-01 8.212644222505701697e-01 8.381846547521302204e-01 2.268898501090651776e-01 0.000000000000000000e+00 9.465645277040373173e-01 4.788585703420090156e-01 9.639858306509880848e-01 1.208399844267095125e+00 6.779131995122934518e-01 2.729478557902027536e-01 7.469178020285280883e-01 2.766949637473692936e-01
1.155812134819244275e+00 1.161771021208642951e+00 6.050052665899423587e-01 8.453583772567838661e-01 3.126264108341905157e-01 8.216159606481951982e-01 9.375181878130909308e-01 8.695145137415611902e-01 2.564336773766195954e-01 8.731593308274898657e-01 8.393853406130812322e-01 9.465645277040373173e-01 0.000000000000000000e+00 4.693922692873349067e-01 1.245839134089010702e+00 9.934678254638971140e-01 1.015536411624453184e+00 6.758967630643825109e-01 9.180915625904285671e-01 7.697922835508513861e-01
8.890272448714718889e-01 8.921906393817686798e-01 6.601403266707843720e-01 8.511403935754268124e-01 1.763606892331186782e-01 3.849802308865536982e-01 7.184373835449335832e-01 7.683082411681634305e-01 3.636043667660446288e-01 6.850831795585381467e-01 3.841129671911591159e-01 4.788585703420090156e-01 4.693922692873349067e-01 0.000000000000000000e+00 9.832409212746858751e-01 9.712574740622590408e-01 6.986088232634088957e-01 2.146857907096217932e-01 6.637529079734948434e-01 3.212699048675475844e-01
9.439822093904316758e-02 9.108820196257157165e-02 7.675868868910574738e-01 6.400516090110467404e-01 1.003371342218826845e+00 7.018878864798152595e-01 3.107286171256448681e-01 4.674765494763641338e-01 9.901181174919410077e-01 3.826211215562096979e-01 7.661655721559359478e-01 9.639858306509880848e-01 1.245839134089010702e+00 9.832409212746858751e-01 0.000000000000000000e+00 5.791798469303857111e-01 2.984294550675151703e-01 9.910472024844149130e-01 3.316411304807715399e-01 7.647477192989026173e-01
5.511802520417626861e-01 5.597007959861931559e-01 3.887309638166071557e-01 1.490731168419770769e-01 8.876167120037729008e-01 9.086996837995076071e-01 4.223547268678949917e-01 2.275826442909752723e-01 7.646843866284463997e-01 3.803482943984081710e-01 9.817406268925504831e-01 1.208399844267095125e+00 9.934678254638971140e-01 9.712574740622590408e-01 5.791798469303857111e-01 0.000000000000000000e+00 6.341312419720648297e-01 1.095371550846727216e+00 4.971202668451493722e-01 9.368582249689725305e-01
2.107241195064751549e-01 2.107144236214922306e-01 6.534534519622831050e-01 6.244484266523815386e-01 7.430039180015819422e-01 4.044515957900531311e-01 2.140689110537798701e-01 4.320648503003730045e-01 7.685054259384311859e-01 2.762271412891566524e-01 4.707575842986920778e-01 6.779131995122934518e-01 1.015536411624453184e+00 6.986088232634088957e-01 2.984294550675151703e-01 6.341312419720648297e-01 0.000000000000000000e+00 6.929255584098709120e-01 1.524920611877218779e-01 4.663866272654861311e-01
9.006241175189568793e-01 9.017676543619299601e-01 8.302398588268753432e-01 9.922951551830199168e-01 3.909390913057356753e-01 3.009094100131491922e-01 7.742603517054323925e-01 8.762145938753734820e-01 5.744268044144964502e-01 7.614214003269729192e-01 2.597837223616392133e-01 2.729478557902027536e-01 6.758967630643825109e-01 2.146857907096217932e-01 9.910472024844149130e-01 1.095371550846727216e+00 6.929255584098709120e-01 0.000000000000000000e+00 7.052130777499336922e-01 2.312528165593833451e-01
2.389729669616010854e-01 2.444059832309173619e-01 5.054865713500064084e-01 4.745754040547515151e-01 6.722368504142820500e-01 4.507884433536897273e-01 7.949012428545254583e-02 2.841449340692085990e-01 6.639572296729534528e-01 1.250959101815445340e-01 5.238813140198038676e-01 7.469178020285280883e-01 9.180915625904285671e-01 6.637529079734948434e-01 3.316411304807715399e-01 4.971202668451493722e-01 1.524920611877218779e-01 7.052130777499336922e-01 0.000000000000000000e+00 4.983015666180959369e-01
6.762020723239542397e-01 6.767397577289024913e-01 7.393814294238808538e-01 8.552459894922433969e-01 4.572878291382005966e-01 7.104357264653900217e-02 5.731033435607544302e-01 7.101652896979279150e-01 5.943376713842158932e-01 5.748533795022932047e-01 7.248005826549780428e-02 2.766949637473692936e-01 7.697922835508513861e-01 3.212699048675475844e-01 7.647477192989026173e-01 9.368582249689725305e-01 4.663866272654861311e-01 2.312528165593833451e-01 4.983015666180959369e-01 0.000000000000000000e+00
