0.000000000000000000e+00 3.207150430660721807e-01 1.429346438912268424e-01 8.260406805268389885e-01 3.115692546181371703e-01 5.316548723835069490e-01 5.789224770056025093e-01 4.632218455014909808e-01 2.947520991100386345e-01 7.411967825379185415e-01 4.188405321235670886e-01 8.731042063908707462e-02 5.688810118271802052e-01 3.256474068566401758e-01 6.123778797877288405e-01 4.651457732282371915e-01 5.130094592381080343e-01 6.671154504839408306e-01 2.649732328682976590e-01 1.925317931720869902e-01
3.207150430660721807e-01 0.000000000000000000e+00 3.048921365390238614e-01 8.641465136627348720e-01 4.238355354139153874e-01 6.977997772641610918e-01 5.558608449809173679e-01 3.136795994995528747e-01 5.780464779380918294e-01 7.686890959442123084e-01 5.201336825775438877e-01 3.326999316044522703e-01 8.558211467241002568e-01 6.173925452856570129e-01 5.120376497631191626e-01 2.274244161067253689e-01 7.183670072977544896e-01 8.412815291329996947e-01 3.321874119787364688e-01 1.374893298571114308e-01
1.429346438912268424e-01 3.048921365390238614e-01 0.000000000000000000e+00 9.588333816854969216e-01 4.451202937885124777e-01 6.745196520025760201e-01 6.949862697904974906e-01 5.358624710574940719e-01 4.241761070255544719e-01 8.712304768002380184e-01 5.546720603735845190e-01 6.730626475679687970e-02 6.876054484198520500e-01 4.489511684627238153e-01 7.083145344064535331e-01 5.029240202579506880e-01 6.549078603366716989e-01 8.099272069682228459e-01 1.222966262840411572e-01 2.236003063360673115e-01
8.260406805268389885e-01 8.641465136627348720e-01 9.588333816854969216e-01 0.000000000000000000e+00 5.146831874339907742e-01 3.841404964503325470e-01 3.144958188278614841e-01 5.833111171113595228e-01 6.947799979966320372e-01 9.576349921477850247e-02 4.080141307918200844e-01 9.131636068869016798e-01 7.431732733203523233e-01 7.191238852723386143e-01 4.168046521885729883e-01 7.136082372749655844e-01 4.703351371880997167e-01 3.709775340946559474e-01 1.070802248366066189e+00 7.960083494083707301e-01
3.115692546181371703e-01 4.238355354139153874e-01 4.451202937885124777e-01 5.146831874339907742e-01 0.000000000000000000e+00 2.739816264148026148e-01 2.880518516299054310e-01 3.098549230872464921e-01 2.832967314551355087e-01 4.298331179401054802e-01 1.104550083680655298e-01 3.985521602514113804e-01 5.086182882439960196e-01 3.255037283936250692e-01 3.654140136754207013e-01 3.991581651632108430e-01 3.033198641367790271e-01 4.174626752327452728e-01 5.601476581430154811e-01 3.137520941882012138e-01
5.316548723835069490e-01 6.977997772641610918e-01 6.745196520025760201e-01 3.841404964503325470e-01 2.739816264148026148e-01 0.000000000000000000e+00 3.609808948449593213e-01 5.361498211657228508e-01 3.243457706677949082e-01 3.407254133527718443e-01 1.920148728385101256e-01 6.154795420622346525e-01 3.751213664305332873e-01 3.417859783984102395e-01 4.943690342443998742e-01 6.494054997263163376e-01 9.134329494053175513e-02 1.437723721073187189e-01 7.961171656376150318e-01 5.834977883564541612e-01
5.789224770056025093e-01 5.558608449809173679e-01 6.949862697904974906e-01 3.144958188278614841e-01 2.880518516299054310e-01 3.609808948449593213e-01 0.000000000000000000e+00 2.693083055301780937e-01 5.532052607951747358e-01 2.192136901905002988e-01 2.262146207925282981e-01 6.615869060166791327e-01 7.169846588773344243e-01 5.910165874346922088e-01 1.386173531992847541e-01 4.000700288116383896e-01 4.434999570455535611e-01 4.567329997516703655e-01 7.958642285567177899e-01 5.046730521364347632e-01
4.632218455014909808e-01 3.136795994995528747e-01 5.358624710574940719e-01 5.833111171113595228e-01 3.098549230872464921e-01 5.361498211657228508e-01 2.693083055301780937e-01 0.000000000000000000e+00 5.797467966416811613e-01 4.883945804765359444e-01 3.459419964575431439e-01 5.263777004945133786e-01 8.184637065761942720e-01 6.235081218153405436e-01 1.988793604999653242e-01 1.309584074861410707e-01 5.930090743641242002e-01 6.651716722313982810e-01 6.100530184055446004e-01 3.143045151968484330e-01
2.947520991100386345e-01 5.780464779380918294e-01 4.241761070255544719e-01 6.947799979966320372e-01 2.832967314551355087e-01 3.243457706677949082e-01 5.532052607951747358e-01 5.797467966416811613e-01 0.000000000000000000e+00 6.321660034947611528e-01 3.292931592637685645e-01 3.571817480363879138e-01 2.788820949378953973e-01 4.387275344849718428e-02 6.469407595790256371e-01 6.423486238613126398e-01 2.664826379070752149e-01 4.292356509777709439e-01 5.429789278203227543e-01 4.408089319580627552e-01
7.411967825379185415e-01 7.686890959442123084e-01 8.712304768002380184e-01 9.576349921477850247e-02 4.298331179401054802e-01 3.407254133527718443e-01 2.192136901905002988e-01 4.883945804765359444e-01 6.321660034947611528e-01 0.000000000000000000e+00 3.271853210442887128e-01 8.278908538767763003e-01 7.130831793527402374e-01 6.603576104613644304e-01 3.281928527419856190e-01 6.189584535443346525e-01 4.313809835711703844e-01 3.639015856301507368e-01 9.812735588081091809e-01 7.028525669988061608e-01
4.188405321235670886e-01 5.201336825775438877e-01 5.546720603735845190e-01 4.080141307918200844e-01 1.104550083680655298e-01 1.920148728385101256e-01 2.262146207925282981e-01 3.459419964575431439e-01 3.292931592637685645e-01 3.271853210442887128e-01 0.000000000000000000e+00 5.061281507500327015e-01 5.009719728119845783e-01 3.657247930758711907e-01 3.372889300394334988e-01 4.573908843454019268e-01 2.488593804674625598e-01 3.291406252784824238e-01 6.704380958162020621e-01 4.193349553248101325e-01
8.731042063908707462e-02 3.326999316044522703e-01 6.730626475679687970e-02 9.131636068869016798e-01 3.985521602514113804e-01 6.154795420622346525e-01 6.615869060166791327e-01 5.263777004945133786e-01 3.571817480363879138e-01 8.278908538767763003e-01 5.061281507500327015e-01 0.000000000000000000e+00 6.205459185148113344e-01 3.816460395122786009e-01 6.871815671348373566e-01 5.101270264292979695e-01 5.919299212411939237e-01 7.487070385402188055e-01 1.867982127412096960e-01 2.269526826135204456e-01
5.688810118271802052e-01 8.558211467241002568e-01 6.876054484198520500e-01 7.431732733203523233e-01 5.086182882439960196e-01 3.751213664305332873e-01 7.169846588773344243e-01 8.184637065761942720e-01 2.788820949378953973e-01 7.130831793527402374e-01 5.009719728119845783e-01 6.205459185148113344e-01 0.000000000000000000e+00 2.434658401246709014e-01 8.378836478149628286e-01 9.000371115966132596e-01 2.838641377313838032e-01 3.836964254856777834e-01 7.998875781419000353e-01 7.189675388695545566e-01
3.256474068566401758e-01 6.173925452856570129e-01 4.489511684627238153e-01 7.191238852723386143e-01 3.255037283936250692e-01 3.417859783984102395e-01 5.910165874346922088e-01 6.235081218153405436e-01 4.387275344849718428e-02 6.603576104613644304e-01 3.657247930758711907e-01 3.816460395122786009e-01 2.434658401246709014e-01 0.000000000000000000e+00 6.878643962178159210e-01 6.859508158848446335e-01 2.746346278243434469e-01 4.350851387672937665e-01 5.652327884818798553e-01 4.799398633811025605e-01
6.123778797877288405e-01 5.120376497631191626e-01 7.083145344064535331e-01 4.168046521885729883e-01 3.654140136754207013e-01 4.943690342443998742e-01 1.386173531992847541e-01 1.988793604999653242e-01 6.469407595790256371e-01 3.281928527419856190e-01 3.372889300394334988e-01 6.871815671348373566e-01 8.378836478149628286e-01 6.878643962178159210e-01 0.000000000000000000e+00 3.162703534095953062e-01 5.727933608927217035e-01 5.951665111891474291e-01 7.946964812166567027e-01 4.959353376847332462e-01
4.651457732282371915e-01 2.274244161067253689e-01 5.029240202579506880e-01 7.136082372749655844e-01 3.991581651632108430e-01 6.494054997263163376e-01 4.000700288116383896e-01 1.309584074861410707e-01 6.423486238613126398e-01 6.189584535443346525e-01 4.573908843454019268e-01 5.101270264292979695e-01 9.000371115966132596e-01 6.859508158848446335e-01 3.162703534095953062e-01 0.000000000000000000e+00 6.974724980202806623e-01 7.837630355718289143e-01 5.536145695653960086e-01 2.833118345941024185e-01
5.130094592381080343e-01 7.183670072977544896e-01 6.549078603366716989e-01 4.703351371880997167e-01 3.033198641367790271e-01 9.134329494053175513e-02 4.434999570455535611e-01 5.930090743641242002e-01 2.664826379070752149e-01 4.313809835711703844e-01 2.488593804674625598e-01 5.919299212411939237e-01 2.838641377313838032e-01 2.746346278243434469e-01 5.727933608927217035e-01 6.974724980202806623e-01 0.000000000000000000e+00 1.629437930040903149e-01 7.771876563906953139e-01 5.945554263955227237e-01
6.671154504839408306e-01 8.412815291329996947e-01 8.099272069682228459e-01 3.709775340946559474e-01 4.174626752327452728e-01 1.437723721073187189e-01 4.567329997516703655e-01 6.651716722313982810e-01 4.292356509777709439e-01 3.639015856301507368e-01 3.291406252784824238e-01 7.487070385402188055e-01 3.836964254856777834e-01 4.350851387672937665e-01 5.951665111891474291e-01 7.837630355718289143e-01 1.629437930040903149e-01 0.000000000000000000e+00 9.320864135124613536e-01 7.271260867808404527e-01
2.649732328682976590e-01 3.321874119787364688e-01 1.222966262840411572e-01 1.070802248366066189e+00 5.601476581430154811e-01 7.961171656376150318e-01 7.958642285567177899e-01 6.100530184055446004e-01 5.429789278203227543e-01 9.812735588081091809e-01 6.704380958162020621e-01 1.867982127412096960e-01 7.998875781419000353e-01 5.652327884818798553e-01 7.946964812166567027e-01 5.536145695653960086e-01 7.771876563906953139e-01 9.320864135124613536e-01 0.000000000000000000e+00 2.987656992115111931e-01
1.925317931720869902e-01 1.374893298571114308e-01 2.236003063360673115e-01 7.960083494083707301e-01 3.137520941882012138e-01 5.834977883564541612e-01 5.046730521364347632e-01 3.143045151968484330e-01 4.408089319580627552e-01 7.028525669988061608e-01 4.193349553248101325e-01 2.269526826135204456e-01 7.189675388695545566e-01 4.799398633811025605e-01 4.959353376847332462e-01 2.833118345941024185e-01 5.945554263955227237e-01 7.271260867808404527e-01 2.987656992115111931e-01 0.000000000000000000e+00
