0.000000000000000000e+00 7.543372220896804592e-02 9.336310665581817325e-01 9.901331670414265096e-01 3.731817326080629216e-01 7.965830518723034936e-01 3.382329303132615150e-01 6.090121142171808222e-01 2.062778810127526286e-01 5.409615234961028252e-01 5.888284037541406946e-01 4.935040436220840543e-01 6.844247791929796154e-01 2.201359389372240793e-01 5.384940006546956592e-01 2.084043886086633102e-01 5.520578137189755541e-01 7.929703176715272583e-01 4.445903758944567685e-01 2.027049405729883791e-01 6.185799065346033743e-01 5.459384257956306774e-01 5.976113129384430511e-01 1.089720294240797277e-01 5.064913374545559899e-01
7.543372220896804592e-02 0.000000000000000000e+00 1.008623351735234763e+00 1.059034257079162211e+00 3.966840898016653627e-01 8.712245951617649808e-01 4.123956164172525862e-01 6.765240672231771502e-01 2.815909692071558168e-01 5.865808149830633589e-01 6.603977019946397631e-01 5.364167164627782203e-01 7.571206366364802154e-01 2.711828148852811760e-01 5.822896223080935574e-01 2.819962556943665377e-01 6.044706859323968340e-01 8.551723412922020984e-01 5.035569732694477052e-01 2.024495242017090302e-01 6.618523425624309731e-01 6.112385254454603123e-01 6.617533979461817095e-01 1.832889095255063050e-01 5.446832776068116777e-01
9.336310665581817325e-01 1.008623351735234763e+00 0.000000000000000000e+00 3.133617163557817498e-01 8.843469300511946907e-01 1.411606318541851757e-01 5.975738044947674910e-01 5.524272111440466926e-01 7.276383703916230461e-01 7.125691745916914455e-01 4.796874014457816471e-01 7.436969559252519790e-01 4.019357152488052809e-01 8.480136413987618971e-01 7.297264044569397035e-01 7.432282413891192485e-01 6.433570295422245122e-01 4.604217832678558220e-01 7.165879510214318016e-01 9.707121550109074626e-01 7.301398531101483957e-01 6.090734989114101605e-01 6.121142116846546299e-01 8.315492854507808840e-01 7.808060478061575882e-01
9.901331670414265096e-01 1.059034257079162211e+00 3.133617163557817498e-01 0.000000000000000000e+00 8.176280472971639846e-01 3.163788300306690227e-01 6.654377131488263819e-01 7.901135392052387463e-01 8.011459784934362727e-01 5.957249573315100966e-01 7.032399696326269156e-01 6.429278321260609719e-01 6.549946789336204001e-01 9.731077269651356998e-01 6.117086085563212539e-01 8.403631290905441142e-01 5.340671427100103230e-01 2.609581334275297149e-01 9.087228970912045733e-01 9.615218325450906045e-01 5.785198882652973218e-01 8.291058834308896452e-01 8.480719168997046253e-01 9.063996150342784608e-01 6.706789052019153097e-01
3.731817326080629216e-01 3.966840898016653627e-01 8.843469300511946907e-01 8.176280472971639846e-01 0.000000000000000000e+00 7.461033391771478840e-01 3.866530600045055555e-01 7.938294256906337498e-01 3.715542723442685213e-01 2.364301733410056894e-01 7.335946657936508464e-01 1.825980242439494139e-01 7.997423207097810183e-01 5.447069703560881715e-01 2.247679887466862425e-01 4.339417667099270681e-01 2.864320265116240827e-01 5.687577408581663274e-01 7.048097921520540821e-01 2.043685119878804468e-01 2.942864461994306180e-01 7.560353968371462674e-01 8.095641248671435752e-01 3.889602656213103637e-01 1.706506726328246848e-01
7.965830518723034936e-01 8.712245951617649808e-01 1.411606318541851757e-01 3.163788300306690227e-01 7.461033391771478840e-01 0.000000000000000000e+00 4.591277796928199817e-01 4.772937824138215324e-01 5.913246091445223396e-01 5.845974000670773885e-01 3.934710224088144859e-01 6.118947610820968386e-01 3.387346408783711849e-01 7.236286306721705364e-01 6.015804074945081403e-01 6.111164821453390905e-01 5.157599377330079893e-01 3.747505331959292141e-01 6.155995782207804856e-01 8.295664095248985737e-01 6.100273313295876410e-01 5.223155877260087232e-01 5.362150669022961447e-01 6.963616083192323281e-01 6.500226475318712227e-01
3.382329303132615150e-01 4.123956164172525862e-01 5.975738044947674910e-01 6.654377131488263819e-01 3.866530600045055555e-01 4.591277796928199817e-01 0.000000000000000000e+00 4.101499618302538175e-01 1.368274321338791566e-01 3.807602478905950383e-01 3.469416329027771306e-01 3.621891240852567750e-01 4.169513301741134548e-01 3.195424765552157265e-01 3.894291980605990577e-01 1.777571588748055320e-01 3.482806446152449387e-01 5.043791642500170536e-01 3.629838959554678168e-01 3.921255173336379296e-01 4.552347623934872023e-01 3.808605846096778658e-01 4.323718901717922281e-01 2.432798208220933456e-01 3.973671831133274712e-01
6.090121142171808222e-01 6.765240672231771502e-01 5.524272111440466926e-01 7.901135392052387463e-01 7.938294256906337498e-01 4.772937824138215324e-01 4.101499618302538175e-01 0.000000000000000000e+00 4.471698543611078436e-01 7.707137772227690142e-01 9.091815664221536419e-02 7.627884388768978452e-01 1.519703811617710287e-01 4.229227251766096152e-01 7.824638203583289542e-01 4.089446603315222695e-01 7.223760034598361024e-01 7.591487811817564380e-01 2.048586731707135455e-01 7.531377341384760671e-01 8.360254348953896075e-01 7.445756727436755873e-02 5.976738340945146610e-02 5.046630154337803376e-01 8.004365059885175659e-01
2.062778810127526286e-01 2.815909692071558168e-01 7.276383703916230461e-01 8.011459784934362727e-01 3.715542723442685213e-01 5.913246091445223396e-01 1.368274321338791566e-01 4.471698543611078436e-01 0.000000000000000000e+00 4.451484607943270722e-01 4.076897715120095800e-01 4.117275921016119722e-01 4.957919802634318529e-01 2.072990135205864393e-01 4.491262246968151239e-01 6.697695707953757460e-02 4.314372696570615839e-01 6.280606176677966390e-01 3.334899676352774955e-01 3.066352564204093412e-01 5.246615063829913606e-01 3.972647802962900876e-01 4.514634960740416814e-01 1.065205459255964410e-01 4.390319494429157365e-01
5.409615234961028252e-01 5.865808149830633589e-01 7.125691745916914455e-01 5.957249573315100966e-01 2.364301733410056894e-01 5.845974000670773885e-01 3.807602478905950383e-01 7.707137772227690142e-01 4.451484607943270722e-01 0.000000000000000000e+00 6.923429578259294725e-01 5.440071061244652201e-02 7.313461193332118082e-01 6.506032567654572718e-01 1.719508766041103962e-02 5.114190349605401975e-01 6.921333362367571018e-02 3.390399020716520218e-01 7.432975795223311088e-01 4.227168761637629668e-01 7.995890330184796113e-02 7.541772356683762446e-01 8.026966761345541990e-01 5.116287768491218912e-01 7.495411012952335472e-02
5.888284037541406946e-01 6.603977019946397631e-01 4.796874014457816471e-01 7.032399696326269156e-01 7.335946657936508464e-01 3.934710224088144859e-01 3.469416329027771306e-01 9.091815664221536419e-02 4.076897715120095800e-01 6.923429578259294725e-01 0.000000000000000000e+00 6.880563754013582223e-01 1.021123409881129762e-01 4.267653892435053775e-01 7.048655257702838295e-01 3.815313171012814641e-01 6.410493974586839450e-01 6.683823577804672844e-01 2.425854917087460205e-01 7.133339118824999492e-01 7.549087793553692638e-01 1.299652855097182536e-01 1.455085068074825072e-01 4.807721189408008522e-01 7.265701622252517256e-01
4.935040436220840543e-01 5.364167164627782203e-01 7.436969559252519790e-01 6.429278321260609719e-01 1.825980242439494139e-01 6.118947610820968386e-01 3.621891240852567750e-01 7.627884388768978452e-01 4.117275921016119722e-01 5.440071061244652201e-02 6.880563754013582223e-01 0.000000000000000000e+00 7.341584212088848593e-01 6.143084841774907323e-01 4.614981903066598529e-02 4.786155973570415112e-01 1.090896439604631951e-01 3.889935416452590111e-01 7.212875088596447659e-01 3.689230473025160162e-01 1.254827523445987136e-01 7.411775676812079050e-01 7.912408915288285938e-01 4.707763257481599184e-01 4.003480153725039181e-02
6.844247791929796154e-01 7.571206366364802154e-01 4.019357152488052809e-01 6.549946789336204001e-01 7.997423207097810183e-01 3.387346408783711849e-01 4.169513301741134548e-01 1.519703811617710287e-01 4.957919802634318529e-01 7.313461193332118082e-01 1.021123409881129762e-01 7.341584212088848593e-01 0.000000000000000000e+00 5.285426041700750366e-01 7.453014701966544919e-01 4.761247606269741750e-01 6.740771428910219409e-01 6.580454981198237130e-01 3.398721151713262612e-01 7.977924244807584886e-01 7.869674213940370811e-01 2.166222658210908425e-01 2.110922940423613781e-01 5.756906818302166551e-01 7.737315673779372460e-01
2.201359389372240793e-01 2.711828148852811760e-01 8.480136413987618971e-01 9.731077269651356998e-01 5.447069703560881715e-01 7.236286306721705364e-01 3.195424765552157265e-01 4.229227251766096152e-01 2.072990135205864393e-01 6.506032567654572718e-01 4.267653892435053775e-01 6.143084841774907323e-01 5.285426041700750366e-01 0.000000000000000000e+00 6.536210794354037068e-01 1.451812730396586926e-01 6.387332424174053669e-01 8.238647236161228404e-01 2.349720373390351835e-01 4.129938106560874234e-01 7.304188008377817676e-01 3.523380179087651776e-01 3.992791059495666151e-01 1.561150460923814431e-01 6.386539081221911385e-01
5.384940006546956592e-01 5.822896223080935574e-01 7.297264044569397035e-01 6.117086085563212539e-01 2.247679887466862425e-01 6.015804074945081403e-01 3.894291980605990577e-01 7.824638203583289542e-01 4.491262246968151239e-01 1.719508766041103962e-02 7.048655257702838295e-01 4.614981903066598529e-02 7.453014701966544919e-01 6.536210794354037068e-01 0.000000000000000000e+00 5.156944965566868655e-01 8.638229667854355198e-02 3.543226969817678818e-01 7.513197947269799615e-01 4.146591180069308380e-01 8.009170436115811698e-02 7.646918305179510877e-01 8.136187833250083656e-01 5.126057297867645524e-01 5.933502995140287756e-02
2.084043886086633102e-01 2.819962556943665377e-01 7.432282413891192485e-01 8.403631290905441142e-01 4.339417667099270681e-01 6.111164821453390905e-01 1.777571588748055320e-01 4.089446603315222695e-01 6.697695707953757460e-02 5.114190349605401975e-01 3.815313171012814641e-01 4.786155973570415112e-01 4.761247606269741750e-01 1.451812730396586926e-01 5.156944965566868655e-01 0.000000000000000000e+00 4.956279762876343309e-01 6.805546872119782043e-01 2.749260643161903772e-01 3.481090875712873900e-01 5.907478062359652338e-01 3.522437077509662506e-01 4.059479474872071947e-01 9.956593156800751243e-02 5.060037650578002033e-01
5.520578137189755541e-01 6.044706859323968340e-01 6.433570295422245122e-01 5.340671427100103230e-01 2.864320265116240827e-01 5.157599377330079893e-01 3.482806446152449387e-01 7.223760034598361024e-01 4.314372696570615839e-01 6.921333362367571018e-02 6.410493974586839450e-01 1.090896439604631951e-01 6.740771428910219409e-01 6.387332424174053669e-01 8.638229667854355198e-02 4.956279762876343309e-01 0.000000000000000000e+00 2.823259183906551839e-01 7.103988922583216459e-01 4.567545426326033442e-01 1.138610453230603226e-01 7.109712663634827345e-01 7.576659743828340066e-01 5.092799711510506144e-01 1.406622034106639330e-01
7.929703176715272583e-01 8.551723412922020984e-01 4.604217832678558220e-01 2.609581334275297149e-01 5.687577408581663274e-01 3.747505331959292141e-01 5.043791642500170536e-01 7.591487811817564380e-01 6.280606176677966390e-01 3.390399020716520218e-01 6.683823577804672844e-01 3.889935416452590111e-01 6.580454981198237130e-01 8.238647236161228404e-01 3.543226969817678818e-01 6.805546872119782043e-01 2.823259183906551839e-01 0.000000000000000000e+00 8.207927194192121689e-01 7.306165094040769636e-01 3.175640187528749880e-01 7.756114701611827034e-01 8.094363902965587831e-01 7.258354884198274792e-01 4.136434301375547240e-01
4.445903758944567685e-01 5.035569732694477052e-01 7.165879510214318016e-01 9.087228970912045733e-01 7.048097921520540821e-01 6.155995782207804856e-01 3.629838959554678168e-01 2.048586731707135455e-01 3.334899676352774955e-01 7.432975795223311088e-01 2.425854917087460205e-01 7.212875088596447659e-01 3.398721151713262612e-01 2.349720373390351835e-01 7.513197947269799615e-01 2.749260643161903772e-01 7.103988922583216459e-01 8.207927194192121689e-01 0.000000000000000000e+00 6.177659324656944451e-01 8.182186236119602940e-01 1.304019508250529591e-01 1.687429215189032439e-01 3.528944345554830830e-01 7.540699793589875632e-01
2.027049405729883791e-01 2.024495242017090302e-01 9.707121550109074626e-01 9.615218325450906045e-01 2.043685119878804468e-01 8.295664095248985737e-01 3.921255173336379296e-01 7.531377341384760671e-01 3.066352564204093412e-01 4.227168761637629668e-01 7.133339118824999492e-01 3.689230473025160162e-01 7.977924244807584886e-01 4.129938106560874234e-01 4.146591180069308380e-01 3.481090875712873900e-01 4.567545426326033442e-01 7.306165094040769636e-01 6.177659324656944451e-01 0.000000000000000000e+00 4.905669978381936858e-01 6.998346783499667101e-01 7.537468266812561435e-01 2.660067383313544642e-01 3.677052054093400968e-01
6.185799065346033743e-01 6.618523425624309731e-01 7.301398531101483957e-01 5.785198882652973218e-01 2.942864461994306180e-01 6.100273313295876410e-01 4.552347623934872023e-01 8.360254348953896075e-01 5.246615063829913606e-01 7.995890330184796113e-02 7.549087793553692638e-01 1.254827523445987136e-01 7.869674213940370811e-01 7.304188008377817676e-01 8.009170436115811698e-02 5.907478062359652338e-01 1.138610453230603226e-01 3.175640187528749880e-01 8.182186236119602940e-01 4.905669978381936858e-01 0.000000000000000000e+00 8.234441389961414393e-01 8.706808403753856229e-01 5.914637087794325510e-01 1.238244035910356922e-01
5.459384257956306774e-01 6.112385254454603123e-01 6.090734989114101605e-01 8.291058834308896452e-01 7.560353968371462674e-01 5.223155877260087232e-01 3.808605846096778658e-01 7.445756727436755873e-02 3.972647802962900876e-01 7.541772356683762446e-01 1.299652855097182536e-01 7.411775676812079050e-01 2.166222658210908425e-01 3.523380179087651776e-01 7.646918305179510877e-01 3.522437077509662506e-01 7.109712663634827345e-01 7.756114701611827034e-01 1.304019508250529591e-01 6.998346783499667101e-01 8.234441389961414393e-01 0.000000000000000000e+00 5.420282252372993215e-02 4.444247784883624264e-01 7.774109405766016501e-01
5.976113129384430511e-01 6.617533979461817095e-01 6.121142116846546299e-01 8.480719168997046253e-01 8.095641248671435752e-01 5.362150669022961447e-01 4.323718901717922281e-01 5.976738340945146610e-02 4.514634960740416814e-01 8.026966761345541990e-01 1.455085068074825072e-01 7.912408915288285938e-01 2.110922940423613781e-01 3.992791059495666151e-01 8.136187833250083656e-01 4.059479474872071947e-01 7.576659743828340066e-01 8.094363902965587831e-01 1.687429215189032439e-01 7.537468266812561435e-01 8.706808403753856229e-01 5.420282252372993215e-02 0.000000000000000000e+00 4.972303113206765213e-01 8.279019396831291955e-01
1.089720294240797277e-01 1.832889095255063050e-01 8.315492854507808840e-01 9.063996150342784608e-01 3.889602656213103637e-01 6.963616083192323281e-01 2.432798208220933456e-01 5.046630154337803376e-01 1.065205459255964410e-01 5.116287768491218912e-01 4.807721189408008522e-01 4.707763257481599184e-01 5.756906818302166551e-01 1.561150460923814431e-01 5.126057297867645524e-01 9.956593156800751243e-02 5.092799711510506144e-01 7.258354884198274792e-01 3.528944345554830830e-01 2.660067383313544642e-01 5.914637087794325510e-01 4.444247784883624264e-01 4.972303113206765213e-01 0.000000000000000000e+00 4.916910992924606316e-01
5.064913374545559899e-01 5.446832776068116777e-01 7.808060478061575882e-01 6.706789052019153097e-01 1.706506726328246848e-01 6.500226475318712227e-01 3.973671831133274712e-01 8.004365059885175659e-01 4.390319494429157365e-01 7.495411012952335472e-02 7.265701622252517256e-01 4.003480153725039181e-02 7.737315673779372460e-01 6.386539081221911385e-01 5.933502995140287756e-02 5.060037650578002033e-01 1.406622034106639330e-01 4.136434301375547240e-01 7.540699793589875632e-01 3.677052054093400968e-01 1.238244035910356922e-01 7.774109405766016501e-01 8.279019396831291955e-01 4.916910992924606316e-01 0.000000000000000000e+00
