0.000000000000000000e+00 5.626163051409885929e-01 3.886339317469627019e-01 8.832523775724656634e-01 5.479432322839475900e-01 6.257581024328082719e-01 5.837586778574666013e-01 6.398890677554643913e-01 9.121761905520546776e-01 3.762910748599528343e-01 4.183552427192170353e-01 1.606797353909795167e-01 1.752376192659074183e-01 8.015171741418611884e-01 3.617033343023074443e-01 9.805530754880931177e-02 7.720508655776547879e-01 8.866200247561015213e-02 1.010509699341347378e+00 7.194492886598856662e-01 8.546925215315244184e-01 7.174550443783102027e-01 6.150391396016551271e-01 8.435304766311856328e-01 9.800922511550872462e-01
5.626163051409885929e-01 0.000000000000000000e+00 5.064649940784130555e-01 6.193180739642989430e-01 3.438899612290358121e-02 6.680527482254057514e-02 1.518695000062050271e-01 6.780278139342477139e-01 5.754623425894465072e-01 2.570401441623351713e-01 6.523419457936820987e-01 4.169201074837172172e-01 4.535139472463281529e-01 8.219958015733018764e-01 3.018842762268060254e-01 6.591319034400885402e-01 2.425561650670212399e-01 4.753291613302904617e-01 7.317624697905227293e-01 8.974252711491582657e-01 6.293659937137943139e-01 2.005738363074043851e-01 2.616476709075143958e-01 6.675688371279798750e-01 7.694668569029647909e-01
3.886339317469627019e-01 5.064649940784130555e-01 0.000000000000000000e+00 5.240363947737504136e-01 5.166473884112740000e-01 5.406961105062619843e-01 4.206801048603374116e-01 2.588476828939439423e-01 5.788271539158665879e-01 2.553105006862695370e-01 1.485699418243860426e-01 2.847080918093372603e-01 4.664560227131114289e-01 4.254505203971968852e-01 2.097890508000900822e-01 4.289608408278363094e-01 7.480660399480689726e-01 3.685124362312503510e-01 6.459075075373564845e-01 4.118286225595561567e-01 4.860208191452363158e-01 7.067931303457648529e-01 3.773817298880781101e-01 4.636708411031667532e-01 6.003026879304044217e-01
8.832523775724656634e-01 6.193180739642989430e-01 5.240363947737504136e-01 0.000000000000000000e+00 6.516890871428121512e-01 5.922724135119357136e-01 4.686248560125360618e-01 3.976510209027600551e-01 1.124211414736965703e-01 5.524935495016496390e-01 6.092020538410793939e-01 7.379173605430755511e-01 8.952436640900497400e-01 4.088444253690116104e-01 5.426253989857792170e-01 9.427071048145291288e-01 7.681683166395351092e-01 8.334716346684494237e-01 1.282799516227455250e-01 6.169708872524422016e-01 5.699427770754185441e-02 7.616217516216150507e-01 3.619489408394312435e-01 1.267763237947229227e-01 1.548838278485687725e-01
5.479432322839475900e-01 3.438899612290358121e-02 5.166473884112740000e-01 6.516890871428121512e-01 0.000000000000000000e+00 9.489825088579634249e-02 1.832980923737282941e-01 6.980395410319005789e-01 6.093273164283400378e-01 2.632833191062586842e-01 6.606774773143805346e-01 4.071241925616887469e-01 4.310488425511071475e-01 8.449240521954166638e-01 3.088822172146651335e-01 6.452278551452935718e-01 2.394824683859606562e-01 4.598735110023145500e-01 7.650315899605008019e-01 9.132307608782245234e-01 6.605939831787612793e-01 1.923118729703682250e-01 2.924168954487788574e-01 6.973543614307086136e-01 8.011415242293219441e-01
6.257581024328082719e-01 6.680527482254057514e-02 5.406961105062619843e-01 5.922724135119357136e-01 9.489825088579634249e-02 0.000000000000000000e+00 1.428590181613206833e-01 6.911717535729214879e-01 5.382228075169349646e-01 3.014319842573875974e-01 6.885985655673650951e-01 4.768582741758159438e-01 5.201363676717178919e-01 8.271148919293619395e-01 3.441062445813999338e-01 7.215970435805196814e-01 2.127463356328122279e-01 5.391248421427932147e-01 6.986656478637753853e-01 9.187586333550288309e-01 6.079666396651237648e-01 1.835035082217091329e-01 2.482656209416650162e-01 6.520040519019227876e-01 7.452566277324745858e-01
5.837586778574666013e-01 1.518695000062050271e-01 4.206801048603374116e-01 4.686248560125360618e-01 1.832980923737282941e-01 1.428590181613206833e-01 0.000000000000000000e+00 5.503538002410134355e-01 4.316576236179149872e-01 2.154519773882604128e-01 5.690803092454667089e-01 4.243530287291815140e-01 5.164288485059932432e-01 6.842984787394671420e-01 2.481478786185578600e-01 6.732034905198487351e-01 3.533199106707728410e-01 5.043155326018101681e-01 5.837004426558620729e-01 7.817763754609364790e-01 4.775302309460033867e-01 3.263590215416220519e-01 1.099377028844511217e-01 5.162418986989735226e-01 6.178649010244380291e-01
6.398890677554643913e-01 6.780278139342477139e-01 2.588476828939439423e-01 3.976510209027600551e-01 6.980395410319005789e-01 6.911717535729214879e-01 5.503538002410134355e-01 0.000000000000000000e+00 4.917030796784047086e-01 4.660296720576920793e-01 2.533474744156768987e-01 5.433313879310003314e-01 7.250246960043335021e-01 1.671112609986766528e-01 4.271367413868888407e-01 6.650952244627953425e-01 9.033903479661480329e-01 6.268196923252523645e-01 4.915596410281988793e-01 2.450358605241453325e-01 3.436012339100102952e-01 8.728168997742731250e-01 4.617949056646123984e-01 2.899331718071420094e-01 4.106377981964204893e-01
9.121761905520546776e-01 5.754623425894465072e-01 5.788271539158665879e-01 1.124211414736965703e-01 6.093273164283400378e-01 5.382228075169349646e-01 4.316576236179149872e-01 4.917030796784047086e-01 0.000000000000000000e+00 5.573489772431327038e-01 6.817988103780824316e-01 7.589974186909178577e-01 9.025250138869614913e-01 5.188031408865960703e-01 5.566963847060139026e-01 9.802332355037234324e-01 6.951036163644548349e-01 8.535584893106453741e-01 1.650769738667303421e-01 7.206003235473512625e-01 1.670557570314101237e-01 6.952852969320659771e-01 3.361217184176025219e-01 2.381395072486398867e-01 2.463563955013227946e-01
3.762910748599528343e-01 2.570401441623351713e-01 2.553105006862695370e-01 5.524935495016496390e-01 2.632833191062586842e-01 3.014319842573875974e-01 2.154519773882604128e-01 4.660296720576920793e-01 5.573489772431327038e-01 0.000000000000000000e+00 3.975093975610656805e-01 2.156505539324549414e-01 3.453921511986198234e-01 6.263532351785279229e-01 4.573925064915528027e-02 4.614736253590688286e-01 4.994795121732498733e-01 3.042072811154781231e-01 6.799946157435901029e-01 6.610918870719258988e-01 5.386644279366659127e-01 4.551394576869427500e-01 2.400575176711581826e-01 5.505855704789874849e-01 6.779679252500279141e-01
4.183552427192170353e-01 6.523419457936820987e-01 1.485699418243860426e-01 6.092020538410793939e-01 6.606774773143805346e-01 6.885985655673650951e-01 5.690803092454667089e-01 2.533474744156768987e-01 6.817988103780824316e-01 3.975093975610656805e-01 0.000000000000000000e+00 3.675135067113078358e-01 5.403900649919067822e-01 3.968729822311306554e-01 3.518265898387629709e-01 4.247463902313374784e-01 8.945909781304319797e-01 4.294858140300053528e-01 7.205619858357803498e-01 3.065639726702120149e-01 5.625133492620401077e-01 8.520300874478377029e-01 5.208484862982206698e-01 5.234993391343299995e-01 6.541134799371511876e-01
1.606797353909795167e-01 4.169201074837172172e-01 2.847080918093372603e-01 7.379173605430755511e-01 4.071241925616887469e-01 4.768582741758159438e-01 4.243530287291815140e-01 5.433313879310003314e-01 7.589974186909178577e-01 2.156505539324549414e-01 3.675135067113078358e-01 0.000000000000000000e+00 1.817479796041829576e-01 7.101301118787936018e-01 2.036102316262369538e-01 2.491680119204432720e-01 6.412512711558153722e-01 9.555555498272361170e-02 8.660591353242030888e-01 6.723841041098724824e-01 7.140149877136779955e-01 5.887621465447712144e-01 4.548733694672025818e-01 7.104969757198127400e-01 8.453729367214489754e-01
1.752376192659074183e-01 4.535139472463281529e-01 4.664560227131114289e-01 8.952436640900497400e-01 4.310488425511071475e-01 5.201363676717178919e-01 5.164288485059932432e-01 7.250246960043335021e-01 9.025250138869614913e-01 3.453921511986198234e-01 5.403900649919067822e-01 1.817479796041829576e-01 0.000000000000000000e+00 8.918678642871977758e-01 3.529205700411141566e-01 2.628918305257218480e-01 6.332714442691449452e-01 1.142973815768722756e-01 1.023309900062780331e+00 8.469276242236476460e-01 8.770025875293072648e-01 5.775866088540657639e-01 5.768267122636047128e-01 8.800538952947108973e-01 1.012658831308212770e+00
8.015171741418611884e-01 8.219958015733018764e-01 4.254505203971968852e-01 4.088444253690116104e-01 8.449240521954166638e-01 8.271148919293619395e-01 6.842984787394671420e-01 1.671112609986766528e-01 5.188031408865960703e-01 6.263532351785279229e-01 3.968729822311306554e-01 7.101301118787936018e-01 8.918678642871977758e-01 0.000000000000000000e+00 5.895883473653988904e-01 8.197556785251108868e-01 1.036165592069994812e+00 7.924557224081689721e-01 4.633198024926016845e-01 2.300493252720582915e-01 3.523045759688133716e-01 1.010543628556979323e+00 5.850842710601464880e-01 2.822804544295354767e-01 3.571074710206824099e-01
3.617033343023074443e-01 3.018842762268060254e-01 2.097890508000900822e-01 5.426253989857792170e-01 3.088822172146651335e-01 3.441062445813999338e-01 2.481478786185578600e-01 4.271367413868888407e-01 5.566963847060139026e-01 4.573925064915528027e-02 3.518265898387629709e-01 2.036102316262369538e-01 3.529205700411141566e-01 5.895883473653988904e-01 0.000000000000000000e+00 4.413982862056324841e-01 5.444323947756272153e-01 2.971324148265733767e-01 6.708191149520000840e-01 6.169998658255971824e-01 5.243256355303893557e-01 5.005640261451439477e-01 2.552129215583293087e-01 5.306630387561401818e-01 6.612157031009171515e-01
9.805530754880931177e-02 6.591319034400885402e-01 4.289608408278363094e-01 9.427071048145291288e-01 6.452278551452935718e-01 7.215970435805196814e-01 6.732034905198487351e-01 6.650952244627953425e-01 9.802332355037234324e-01 4.614736253590688286e-01 4.247463902313374784e-01 2.491680119204432720e-01 2.628918305257218480e-01 8.197556785251108868e-01 4.413982862056324841e-01 0.000000000000000000e+00 8.701044437557171607e-01 1.866959489289059804e-01 1.068245389425810155e+00 7.107793382912087621e-01 9.098906204766065153e-01 8.155070196827007845e-01 6.965921644029761106e-01 8.921011393161668579e-01 1.028888894307012469e+00
7.720508655776547879e-01 2.425561650670212399e-01 7.480660399480689726e-01 7.681683166395351092e-01 2.394824683859606562e-01 2.127463356328122279e-01 3.533199106707728410e-01 9.033903479661480329e-01 6.951036163644548349e-01 4.994795121732498733e-01 8.945909781304319797e-01 6.412512711558153722e-01 6.332714442691449452e-01 1.036165592069994812e+00 5.444323947756272153e-01 8.701044437557171607e-01 0.000000000000000000e+00 6.834176757738467112e-01 8.600952759945156290e-01 1.131408269616963391e+00 7.926454461310376010e-01 5.573964416886038886e-02 4.519927691880764042e-01 8.439437886219152141e-01 9.230519731404015493e-01
8.866200247561015213e-02 4.753291613302904617e-01 3.685124362312503510e-01 8.334716346684494237e-01 4.598735110023145500e-01 5.391248421427932147e-01 5.043155326018101681e-01 6.268196923252523645e-01 8.535584893106453741e-01 3.042072811154781231e-01 4.294858140300053528e-01 9.555555498272361170e-02 1.142973815768722756e-01 7.924557224081689721e-01 2.971324148265733767e-01 1.866959489289059804e-01 6.834176757738467112e-01 0.000000000000000000e+00 9.616145278288296128e-01 7.358997843812180584e-01 8.093881851873488964e-01 6.288702818407186923e-01 5.442405246448702716e-01 8.048987674902559064e-01 9.401372499092368606e-01
1.010509699341347378e+00 7.317624697905227293e-01 6.459075075373564845e-01 1.282799516227455250e-01 7.650315899605008019e-01 6.986656478637753853e-01 5.837004426558620729e-01 4.915596410281988793e-01 1.650769738667303421e-01 6.799946157435901029e-01 7.205619858357803498e-01 8.660591353242030888e-01 1.023309900062780331e+00 4.633198024926016845e-01 6.708191149520000840e-01 1.068245389425810155e+00 8.600952759945156290e-01 9.616145278288296128e-01 0.000000000000000000e+00 6.873467232015684214e-01 1.601172569023184278e-01 8.594658076157891680e-01 4.806926803423045014e-01 2.016266844925090895e-01 1.163404509693428956e-01
7.194492886598856662e-01 8.974252711491582657e-01 4.118286225595561567e-01 6.169708872524422016e-01 9.132307608782245234e-01 9.187586333550288309e-01 7.817763754609364790e-01 2.450358605241453325e-01 7.206003235473512625e-01 6.610918870719258988e-01 3.065639726702120149e-01 6.723841041098724824e-01 8.469276242236476460e-01 2.300493252720582915e-01 6.169998658255971824e-01 7.107793382912087621e-01 1.131408269616963391e+00 7.358997843812180584e-01 6.873467232015684214e-01 0.000000000000000000e+00 5.601685101161680835e-01 1.096532974385630910e+00 7.009031629529348661e-01 4.948810850360771951e-01 5.852892133210236825e-01
8.546925215315244184e-01 6.293659937137943139e-01 4.860208191452363158e-01 5.699427770754185441e-02 6.605939831787612793e-01 6.079666396651237648e-01 4.775302309460033867e-01 3.436012339100102952e-01 1.670557570314101237e-01 5.386644279366659127e-01 5.625133492620401077e-01 7.140149877136779955e-01 8.770025875293072648e-01 3.523045759688133716e-01 5.243256355303893557e-01 9.098906204766065153e-01 7.926454461310376010e-01 8.093881851873488964e-01 1.601172569023184278e-01 5.601685101161680835e-01 0.000000000000000000e+00 7.823852231069567953e-01 3.682350792135359874e-01 7.118015038252695215e-02 1.421818668662327145e-01
7.174550443783102027e-01 2.005738363074043851e-01 7.067931303457648529e-01 7.616217516216150507e-01 1.923118729703682250e-01 1.835035082217091329e-01 3.263590215416220519e-01 8.728168997742731250e-01 6.952852969320659771e-01 4.551394576869427500e-01 8.520300874478377029e-01 5.887621465447712144e-01 5.775866088540657639e-01 1.010543628556979323e+00 5.005640261451439477e-01 8.155070196827007845e-01 5.573964416886038886e-02 6.288702818407186923e-01 8.594658076157891680e-01 1.096532974385630910e+00 7.823852231069567953e-01 0.000000000000000000e+00 4.304741535403170949e-01 8.302614725219780167e-01 9.161834908724106885e-01
6.150391396016551271e-01 2.616476709075143958e-01 3.773817298880781101e-01 3.619489408394312435e-01 2.924168954487788574e-01 2.482656209416650162e-01 1.099377028844511217e-01 4.617949056646123984e-01 3.361217184176025219e-01 2.400575176711581826e-01 5.208484862982206698e-01 4.548733694672025818e-01 5.768267122636047128e-01 5.850842710601464880e-01 2.552129215583293087e-01 6.965921644029761106e-01 4.519927691880764042e-01 5.442405246448702716e-01 4.806926803423045014e-01 7.009031629529348661e-01 3.682350792135359874e-01 4.304741535403170949e-01 0.000000000000000000e+00 4.063494009504580728e-01 5.091786301408415261e-01
8.435304766311856328e-01 6.675688371279798750e-01 4.636708411031667532e-01 1.267763237947229227e-01 6.973543614307086136e-01 6.520040519019227876e-01 5.162418986989735226e-01 2.899331718071420094e-01 2.381395072486398867e-01 5.505855704789874849e-01 5.234993391343299995e-01 7.104969757198127400e-01 8.800538952947108973e-01 2.822804544295354767e-01 5.306630387561401818e-01 8.921011393161668579e-01 8.439437886219152141e-01 8.048987674902559064e-01 2.016266844925090895e-01 4.948810850360771951e-01 7.118015038252695215e-02 8.302614725219780167e-01 4.063494009504580728e-01 0.000000000000000000e+00 1.368395101635680455e-01
9.800922511550872462e-01 7.694668569029647909e-01 6.003026879304044217e-01 1.548838278485687725e-01 8.011415242293219441e-01 7.452566277324745858e-01 6.178649010244380291e-01 4.106377981964204893e-01 2.463563955013227946e-01 6.779679252500279141e-01 6.541134799371511876e-01 8.453729367214489754e-01 1.012658831308212770e+00 3.571074710206824099e-01 6.612157031009171515e-01 1.028888894307012469e+00 9.230519731404015493e-01 9.401372499092368606e-01 1.163404509693428956e-01 5.852892133210236825e-01 1.421818668662327145e-01 9.161834908724106885e-01 5.091786301408415261e-01 1.368395101635680455e-01 0.000000000000000000e+00
