0.000000000000000000e+00 4.468855123768514792e-01 5.093743347164041424e-01 2.575355205769203626e-01 4.266483271237970221e-01 6.238453823363822037e-01 3.768476951826820187e-01 4.510387700992672388e-01 6.180611886528746268e-01 2.301397994827838467e-01 6.872890392821373595e-01 4.699025913922844078e-01 3.824719785517746717e-01 3.705361838902755944e-01 4.869843038691130110e-01 2.560847513856714386e-01 3.280487345032571112e-01 5.543411046265123154e-01 3.937144829830789838e-01 1.880088091779614501e-01 1.914271420172781180e-01 3.922121729630621001e-01 3.006401617194025544e-01 5.726280439851501036e-01 4.273134650751340136e-01
4.468855123768514792e-01 0.000000000000000000e+00 4.525285784962716495e-01 1.906538821717167764e-01 1.317393905550189870e-01 6.945981088009771653e-01 1.757022685812480445e-01 2.118818555560824657e-01 5.525825542458091544e-01 5.846066890500520863e-01 7.969730394608485202e-01 6.009299082894433708e-01 1.214930807650779349e-01 7.782967431836885774e-01 5.660999327161254646e-01 2.069714807514303201e-01 5.465644932134716694e-01 1.718896971842024946e-01 7.131507489088662055e-02 3.154191028578655076e-01 6.278839111403025086e-01 4.104759517000816094e-01 4.165203004443284174e-01 2.922340453686991246e-01 3.328741816568130951e-01
5.093743347164041424e-01 4.525285784962716495e-01 0.000000000000000000e+00 4.401940812878858411e-01 5.618533236215286220e-01 2.519600943790861747e-01 2.844458156145354133e-01 6.398922208032394865e-01 1.153688481655846115e-01 7.378505095128917723e-01 3.587470348234103601e-01 2.223113807083939575e-01 5.240936719941124977e-01 8.665242891426060412e-01 1.613377894661354450e-01 3.639111041038611272e-01 2.908035630072662858e-01 6.227013603745591430e-01 4.789786856734724596e-01 5.498421324523440346e-01 6.774725736614439775e-01 7.595229134055303533e-01 7.102282098267547195e-01 2.493148338112031182e-01 7.232267330620566481e-01
2.575355205769203626e-01 1.906538821717167764e-01 4.401940812878858411e-01 0.000000000000000000e+00 1.859259959067725287e-01 6.442000898707757051e-01 1.857038557081136243e-01 2.382522184654200237e-01 5.545093705439828602e-01 4.043707987734914133e-01 7.352827142172675412e-01 5.183519469079116426e-01 1.376276872140002605e-01 5.923238324993185255e-01 5.023920589635079148e-01 7.759619198893215331e-02 4.243546993551879920e-01 3.066880389339401991e-01 1.370245527586157475e-01 1.412905793230974094e-01 4.373452867671006605e-01 3.201440744041910702e-01 2.837395846322504633e-01 3.868762477432528546e-01 2.874805002987320113e-01
4.266483271237970221e-01 1.317393905550189870e-01 5.618533236215286220e-01 1.859259959067725287e-01 0.000000000000000000e+00 7.925680539012696091e-01 2.774103373308645093e-01 8.133228376748458111e-02 6.682258633154037897e-01 5.139008754790014288e-01 8.906727156754438157e-01 6.823949372368034449e-01 4.847750749606079268e-02 7.141625414180111653e-01 6.565348685596914535e-01 2.446116862582191354e-01 6.035662988049407263e-01 1.284619995977061002e-01 8.289492526076221168e-02 2.564318682792406934e-01 5.866531307723406030e-01 2.885305634798457364e-01 3.128979690619806409e-01 4.231152956909887131e-01 2.033273475833661803e-01
6.238453823363822037e-01 6.945981088009771653e-01 2.519600943790861747e-01 6.442000898707757051e-01 7.925680539012696091e-01 0.000000000000000000e+00 5.202563406128360990e-01 8.662920906454730785e-01 2.052162373794529926e-01 8.484915818585464509e-01 1.071304756194033786e-01 1.563177264175614201e-01 7.503468998300708570e-01 9.291316449795271604e-01 1.435607020552067403e-01 5.671491125668668420e-01 3.048017431344665074e-01 8.663700559598991324e-01 7.110429763162214867e-01 7.242022491160104991e-01 7.471371928176018251e-01 9.495735824292664828e-01 8.833086897172387486e-01 4.961677674311855690e-01 9.314090089892753666e-01
3.768476951826820187e-01 1.757022685812480445e-01 2.844458156145354133e-01 1.857038557081136243e-01 2.774103373308645093e-01 5.202563406128360990e-01 0.000000000000000000e+00 3.558837451066069746e-01 3.919653562719491169e-01 5.696591217330171375e-01 6.217503025539955486e-01 4.261512522376481038e-01 2.407339108142608208e-01 7.424954541511343820e-01 3.904015900911221304e-01 1.302901896220084177e-01 3.844340875504974608e-01 3.474007925567944577e-01 1.945329263687557708e-01 3.226355423010303647e-01 5.682748339514603897e-01 4.984930258014082516e-01 4.693098435119700818e-01 2.051929012839592836e-01 4.478011422956214016e-01
4.510387700992672388e-01 2.118818555560824657e-01 6.398922208032394865e-01 2.382522184654200237e-01 8.133228376748458111e-02 8.662920906454730785e-01 3.558837451066069746e-01 0.000000000000000000e+00 7.476069017862231325e-01 5.005119104799591323e-01 9.625328816506232288e-01 7.505867002243996611e-01 1.162575516591937835e-01 7.015789766781903580e-01 7.282102890523658445e-01 3.072914794492503376e-01 6.625558370915278772e-01 1.457423973824745478e-01 1.625645261449797374e-01 2.669069418538649874e-01 5.926150401559702185e-01 2.313115955954886949e-01 2.778491932143781762e-01 5.039332887063026067e-01 1.349242262161109152e-01
6.180611886528746268e-01 5.525825542458091544e-01 1.153688481655846115e-01 5.545093705439828602e-01 6.682258633154037897e-01 2.052162373794529926e-01 3.919653562719491169e-01 7.476069017862231325e-01 0.000000000000000000e+00 8.477174196567162090e-01 3.074819133104501612e-01 2.526320136912000858e-01 6.326982215915502028e-01 9.679877887943885151e-01 1.907292167940702610e-01 4.786870225073776575e-01 3.642918485136435458e-01 7.193105659147588371e-01 5.854612184501917227e-01 6.651695619356494671e-01 7.789843775414342364e-01 8.742594247191101120e-01 8.255962370677341067e-01 3.088342473338995808e-01 8.357101884845352657e-01
2.301397994827838467e-01 5.846066890500520863e-01 7.378505095128917723e-01 4.043707987734914133e-01 5.139008754790014288e-01 8.484915818585464509e-01 5.696591217330171375e-01 5.005119104799591323e-01 8.477174196567162090e-01 0.000000000000000000e+00 9.045318942228514070e-01 6.928256713620080109e-01 4.836385326725068934e-01 2.012061295841253705e-01 7.146707315372821112e-01 4.395147514000355415e-01 5.463815966184604189e-01 6.366599750280448333e-01 5.171927305244041762e-01 2.691902701376743257e-01 1.542614858087323904e-01 3.314746498644978168e-01 2.387244090082407122e-01 7.740190894481997486e-01 4.140542030734175594e-01
6.872890392821373595e-01 7.969730394608485202e-01 3.587470348234103601e-01 7.352827142172675412e-01 8.906727156754438157e-01 1.071304756194033786e-01 6.217503025539955486e-01 9.625328816506232288e-01 3.074819133104501612e-01 9.045318942228514070e-01 0.000000000000000000e+00 2.222971053568675026e-01 8.472220848808945659e-01 9.651941130062822172e-01 2.343290571960085777e-01 6.592990650290216914e-01 3.595381690024002652e-01 9.688626535693428687e-01 8.100490935857366237e-01 8.047453112127382902e-01 7.904321798217877060e-01 1.032550926958667459e+00 9.610517202296667838e-01 6.032030275696745880e-01 1.020901953411575969e+00
4.699025913922844078e-01 6.009299082894433708e-01 2.223113807083939575e-01 5.183519469079116426e-01 6.823949372368034449e-01 1.563177264175614201e-01 4.261512522376481038e-01 7.505867002243996611e-01 2.526320136912000858e-01 6.928256713620080109e-01 2.222971053568675026e-01 0.000000000000000000e+00 6.370292604148467541e-01 7.742897436163452829e-01 6.389654097344864281e-02 4.440954422284128511e-01 1.485767173936461405e-01 7.712635043053857054e-01 6.043673233408046741e-01 5.825377877129971349e-01 5.912197988784430036e-01 8.105769596735904470e-01 7.388155637293929434e-01 4.634010804120807792e-01 8.016461808538478673e-01
3.824719785517746717e-01 1.214930807650779349e-01 5.240936719941124977e-01 1.376276872140002605e-01 4.847750749606079268e-02 7.503468998300708570e-01 2.407339108142608208e-01 1.162575516591937835e-01 6.326982215915502028e-01 4.836385326725068934e-01 8.472220848808945659e-01 6.370292604148467541e-01 0.000000000000000000e+00 6.822746112045368072e-01 6.129090161330710274e-01 1.969500761564465241e-01 5.556879236959508805e-01 1.721296198925638954e-01 5.409097374464404834e-02 2.195455311414701571e-01 5.476477744168883888e-01 2.892420900070211132e-01 2.979076307379862620e-01 4.024739740429968404e-01 2.165509179260630690e-01
3.705361838902755944e-01 7.782967431836885774e-01 8.665242891426060412e-01 5.923238324993185255e-01 7.141625414180111653e-01 9.291316449795271604e-01 7.424954541511343820e-01 7.015789766781903580e-01 9.679877887943885151e-01 2.012061295841253705e-01 9.651941130062822172e-01 7.742897436163452829e-01 6.822746112045368072e-01 0.000000000000000000e+00 8.099258028810009113e-01 6.153506510822419617e-01 6.266565928888586656e-01 8.376889959529955076e-01 7.129289681671029388e-01 4.644869269924717936e-01 1.891359187173685952e-01 5.209359805740382265e-01 4.345532460970175648e-01 9.421162162455789524e-01 6.102597933651865425e-01
4.869843038691130110e-01 5.660999327161254646e-01 1.613377894661354450e-01 5.023920589635079148e-01 6.565348685596914535e-01 1.435607020552067403e-01 3.904015900911221304e-01 7.282102890523658445e-01 1.907292167940702610e-01 7.146707315372821112e-01 2.343290571960085777e-01 6.389654097344864281e-02 6.129090161330710274e-01 8.099258028810009113e-01 0.000000000000000000e+00 4.258329647649159444e-01 1.858096397291970348e-01 7.377460556661684654e-01 5.762622538719477383e-01 5.807374251880373928e-01 6.237111504462856670e-01 8.060319254110203113e-01 7.401084741199968065e-01 4.069884107220020919e-01 7.891057830453350741e-01
2.560847513856714386e-01 2.069714807514303201e-01 3.639111041038611272e-01 7.759619198893215331e-02 2.446116862582191354e-01 5.671491125668668420e-01 1.302901896220084177e-01 3.072914794492503376e-01 4.786870225073776575e-01 4.395147514000355415e-01 6.592990650290216914e-01 4.440954422284128511e-01 1.969500761564465241e-01 6.153506510822419617e-01 4.258329647649159444e-01 0.000000000000000000e+00 3.589931255428450152e-01 3.532869661755090873e-01 1.767387730098391174e-01 1.970266518216221285e-01 4.461484359497003838e-01 3.956173185146015792e-01 3.516826087986794080e-01 3.353221962886355212e-01 3.649704170952238758e-01
3.280487345032571112e-01 5.465644932134716694e-01 2.908035630072662858e-01 4.243546993551879920e-01 6.035662988049407263e-01 3.048017431344665074e-01 3.844340875504974608e-01 6.625558370915278772e-01 3.642918485136435458e-01 5.463815966184604189e-01 3.595381690024002652e-01 1.485767173936461405e-01 5.556879236959508805e-01 6.266565928888586656e-01 1.858096397291970348e-01 3.589931255428450152e-01 0.000000000000000000e+00 7.083374857079292042e-01 5.332128399646484107e-01 4.614144933842078689e-01 4.427393455395038924e-01 6.898753104732430197e-01 6.108406666613573899e-01 4.867719471113849949e-01 6.938808421579694130e-01
5.543411046265123154e-01 1.718896971842024946e-01 6.227013603745591430e-01 3.066880389339401991e-01 1.284619995977061002e-01 8.663700559598991324e-01 3.474007925567944577e-01 1.457423973824745478e-01 7.193105659147588371e-01 6.366599750280448333e-01 9.688626535693428687e-01 7.712635043053857054e-01 1.721296198925638954e-01 8.376889959529955076e-01 7.377460556661684654e-01 3.532869661755090873e-01 7.083374857079292042e-01 0.000000000000000000e+00 1.765512532503948351e-01 3.843073950530153660e-01 7.147294415786664690e-01 3.758722047765323260e-01 4.220034077506929493e-01 4.381232457562262428e-01 2.763142017122859895e-01
3.937144829830789838e-01 7.131507489088662055e-02 4.789786856734724596e-01 1.370245527586157475e-01 8.289492526076221168e-02 7.110429763162214867e-01 1.945329263687557708e-01 1.625645261449797374e-01 5.854612184501917227e-01 5.171927305244041762e-01 8.100490935857366237e-01 6.043673233408046741e-01 5.409097374464404834e-02 7.129289681671029388e-01 5.762622538719477383e-01 1.767387730098391174e-01 5.332128399646484107e-01 1.765512532503948351e-01 0.000000000000000000e+00 2.485850983101035028e-01 5.685908048335053255e-01 3.423253081769280226e-01 3.452533839434698826e-01 3.485673272728934124e-01 2.705145425127342129e-01
1.880088091779614501e-01 3.154191028578655076e-01 5.498421324523440346e-01 1.412905793230974094e-01 2.564318682792406934e-01 7.242022491160104991e-01 3.226355423010303647e-01 2.669069418538649874e-01 6.651695619356494671e-01 2.691902701376743257e-01 8.047453112127382902e-01 5.825377877129971349e-01 2.195455311414701571e-01 4.644869269924717936e-01 5.807374251880373928e-01 1.970266518216221285e-01 4.614144933842078689e-01 3.843073950530153660e-01 2.485850983101035028e-01 0.000000000000000000e+00 3.304474770267031292e-01 2.288207339551522890e-01 1.611699593007641096e-01 5.265094108075181190e-01 2.429420359009425434e-01
1.914271420172781180e-01 6.278839111403025086e-01 6.774725736614439775e-01 4.373452867671006605e-01 5.866531307723406030e-01 7.471371928176018251e-01 5.682748339514603897e-01 5.926150401559702185e-01 7.789843775414342364e-01 1.542614858087323904e-01 7.904321798217877060e-01 5.912197988784430036e-01 5.476477744168883888e-01 1.891359187173685952e-01 6.237111504462856670e-01 4.461484359497003838e-01 4.427393455395038924e-01 7.147294415786664690e-01 5.685908048335053255e-01 3.304474770267031292e-01 0.000000000000000000e+00 4.631341015888876811e-01 3.649289551782380348e-01 7.628038392841649529e-01 5.312611892758674070e-01
3.922121729630621001e-01 4.104759517000816094e-01 7.595229134055303533e-01 3.201440744041910702e-01 2.885305634798457364e-01 9.495735824292664828e-01 4.984930258014082516e-01 2.313115955954886949e-01 8.742594247191101120e-01 3.314746498644978168e-01 1.032550926958667459e+00 8.105769596735904470e-01 2.892420900070211132e-01 5.209359805740382265e-01 8.060319254110203113e-01 3.956173185146015792e-01 6.898753104732430197e-01 3.758722047765323260e-01 3.423253081769280226e-01 2.288207339551522890e-01 4.631341015888876811e-01 0.000000000000000000e+00 9.869188377878790330e-02 6.847794612497521971e-01 1.020654169491776314e-01
3.006401617194025544e-01 4.165203004443284174e-01 7.102282098267547195e-01 2.837395846322504633e-01 3.128979690619806409e-01 8.833086897172387486e-01 4.693098435119700818e-01 2.778491932143781762e-01 8.255962370677341067e-01 2.387244090082407122e-01 9.610517202296667838e-01 7.388155637293929434e-01 2.979076307379862620e-01 4.345532460970175648e-01 7.401084741199968065e-01 3.516826087986794080e-01 6.108406666613573899e-01 4.220034077506929493e-01 3.452533839434698826e-01 1.611699593007641096e-01 3.649289551782380348e-01 9.869188377878790330e-02 0.000000000000000000e+00 6.673536261640499179e-01 1.758291334105133719e-01
5.726280439851501036e-01 2.922340453686991246e-01 2.493148338112031182e-01 3.868762477432528546e-01 4.231152956909887131e-01 4.961677674311855690e-01 2.051929012839592836e-01 5.039332887063026067e-01 3.088342473338995808e-01 7.740190894481997486e-01 6.032030275696745880e-01 4.634010804120807792e-01 4.024739740429968404e-01 9.421162162455789524e-01 4.069884107220020919e-01 3.353221962886355212e-01 4.867719471113849949e-01 4.381232457562262428e-01 3.485673272728934124e-01 5.265094108075181190e-01 7.628038392841649529e-01 6.847794612497521971e-01 6.673536261640499179e-01 0.000000000000000000e+00 6.190248910470178556e-01
4.273134650751340136e-01 3.328741816568130951e-01 7.232267330620566481e-01 2.874805002987320113e-01 2.033273475833661803e-01 9.314090089892753666e-01 4.478011422956214016e-01 1.349242262161109152e-01 8.357101884845352657e-01 4.140542030734175594e-01 1.020901953411575969e+00 8.016461808538478673e-01 2.165509179260630690e-01 6.102597933651865425e-01 7.891057830453350741e-01 3.649704170952238758e-01 6.938808421579694130e-01 2.763142017122859895e-01 2.705145425127342129e-01 2.429420359009425434e-01 5.312611892758674070e-01 1.020654169491776314e-01 1.758291334105133719e-01 6.190248910470178556e-01 0.000000000000000000e+00
