0.000000000000000000e+00 3.609132707761769643e-01 5.800310104748891415e-01 6.467023640749208768e-01 3.346271218288233706e-01 3.059965759580364209e-01 7.428566948676257331e-01 2.605034904678229513e-01 9.593509769116987940e-01 5.409881608139810449e-01 5.298045907641167895e-01 4.429970143325856480e-01 3.737136428617396922e-01 3.388622854624093739e-01 9.021761265699673737e-01 4.991466028674838573e-01 4.643008891802144489e-01 4.817995324378199218e-01 4.203265549526667977e-01 7.057083071421016429e-01 1.502770340057929532e-01 1.093398267368684423e-01 2.772295894277539974e-01 9.175113312902320739e-02 6.508315216753454147e-01
3.609132707761769643e-01 0.000000000000000000e+00 9.050179594557717921e-01 5.538312752938283623e-01 4.889448889634326334e-02 1.760340105716363124e-01 6.181333516292282226e-01 3.613162623438727628e-01 9.672055575208701184e-01 5.427960396347230043e-01 3.481041215578115633e-01 6.696558649902963900e-01 5.402711142232391461e-01 6.263431641608292466e-01 6.317879370641233949e-01 7.917249829422358109e-01 5.309628745113788018e-01 6.344643307249688835e-01 1.247832625180674976e-01 3.845704079081014304e-01 3.720959417934059932e-01 3.883727419381479140e-01 2.789581148346176875e-01 3.569294801417923213e-01 6.770039662935234404e-01
5.800310104748891415e-01 9.050179594557717921e-01 0.000000000000000000e+00 8.573357497995114374e-01 8.648602466932877597e-01 8.856449190530903959e-01 9.530347176112353713e-01 5.859827123736638388e-01 9.054222667789081358e-01 6.946199791899310139e-01 8.901935555115908505e-01 3.334249771673753471e-01 4.615268139382386337e-01 2.873848665480159270e-01 1.256250687813452060e+00 1.535993498589928730e-01 5.940433298295525466e-01 4.630356895602725786e-01 9.130924199629685267e-01 1.156341217709950797e+00 5.339973028649500630e-01 6.362620015601453405e-01 8.489671606622284372e-01 5.508733614583243288e-01 6.999515346159409512e-01
6.467023640749208768e-01 5.538312752938283623e-01 8.573357497995114374e-01 0.000000000000000000e+00 5.135998154393917048e-01 7.055182836032901639e-01 1.020652136207552685e-01 3.929408848437193069e-01 4.301742194654019080e-01 1.627599638664927739e-01 2.178895362904739452e-01 5.239337478822901906e-01 4.076241571674841246e-01 6.084839842136623433e-01 4.243299931136054748e-01 7.039251462160504014e-01 2.649454462548046507e-01 3.976187747003042117e-01 4.413662112277477179e-01 4.590370936559482473e-01 5.124969079677172967e-01 7.472834674813010336e-01 7.805180020911166583e-01 5.622650332961163233e-01 2.193379648426404815e-01
3.346271218288233706e-01 4.889448889634326334e-02 8.648602466932877597e-01 5.135998154393917048e-01 0.000000000000000000e+00 1.995639287211814772e-01 5.820780018561235725e-01 3.136259840827128609e-01 9.226936253191450055e-01 4.960137375998185383e-01 3.138269709438209487e-01 6.229144037367451148e-01 4.922860627018449398e-01 5.838598528889547001e-01 6.204761132352091257e-01 7.484339831728020753e-01 4.822728707701026685e-01 5.857860222873664258e-01 1.054394763089776949e-01 3.861703188627769734e-01 3.309211891378438519e-01 3.748069471390428342e-01 2.942191622758923431e-01 3.206944991794439259e-01 6.301787813029451346e-01
3.059965759580364209e-01 1.760340105716363124e-01 8.856449190530903959e-01 7.055182836032901639e-01 1.995639287211814772e-01 0.000000000000000000e+00 7.790126828093678624e-01 4.288682259721671719e-01 1.100332993303307472e+00 6.660411282075492378e-01 5.126575881665856871e-01 7.086912886723795157e-01 6.004959050546972987e-01 6.309825617892278471e-01 8.069497639808530520e-01 7.963345155714367518e-01 6.306719621603413817e-01 7.058024147916670543e-01 2.991847841018710485e-01 5.531042126696907868e-01 3.872527823885374421e-01 2.820883261300713429e-01 1.080609685811233234e-01 3.473494633388110597e-01 7.977785820818773521e-01
7.428566948676257331e-01 6.181333516292282226e-01 9.530347176112353713e-01 1.020652136207552685e-01 5.820780018561235725e-01 7.790126828093678624e-01 0.000000000000000000e+00 4.924673746092639304e-01 4.179645132498459592e-01 2.599208438306555013e-01 2.703433115461924552e-01 6.198416870989248428e-01 5.080684523564749089e-01 7.091998607661174070e-01 3.606820536075929784e-01 7.994383058191313340e-01 3.640834333266061984e-01 4.907975707215583849e-01 4.986131900671040840e-01 4.556012406682727334e-01 6.119098269533308487e-01 8.411628689615772148e-01 8.604373913457545875e-01 6.602524493274368744e-01 2.841260786672094585e-01
2.605034904678229513e-01 3.613162623438727628e-01 5.859827123736638388e-01 3.929408848437193069e-01 3.136259840827128609e-01 4.288682259721671719e-01 4.924673746092639304e-01 0.000000000000000000e+00 7.059780343060976238e-01 2.807547785540762675e-01 3.244938528986547888e-01 3.108397785214360720e-01 1.792347127575709131e-01 2.988343453407473760e-01 7.073532461524568715e-01 4.525135904018885435e-01 2.127376956368181304e-01 2.787853087522246254e-01 3.346088730228896080e-01 5.719672579410826074e-01 1.195563733166125631e-01 3.672828027312806665e-01 4.626648053898764767e-01 1.714548496315955461e-01 3.960329815459767699e-01
9.593509769116987940e-01 9.672055575208701184e-01 9.054222667789081358e-01 4.301742194654019080e-01 9.226936253191450055e-01 1.100332993303307472e+00 4.179645132498459592e-01 7.059780343060976238e-01 0.000000000000000000e+00 4.354269227203206860e-01 6.471927961367041071e-01 6.290178060614467492e-01 6.041600079325075701e-01 7.669710523718326067e-01 7.478110558650424844e-01 7.696395852829823747e-01 4.953277870796601867e-01 5.145508105685937528e-01 8.639772531380540688e-01 8.728851792187982683e-01 8.091769858613282462e-01 1.068528057451729074e+00 1.157757215622075897e+00 8.676006953867769766e-01 3.099538629461510153e-01
5.409881608139810449e-01 5.427960396347230043e-01 6.946199791899310139e-01 1.627599638664927739e-01 4.960137375998185383e-01 6.660411282075492378e-01 2.599208438306555013e-01 2.807547785540762675e-01 4.354269227203206860e-01 0.000000000000000000e+00 2.781028494617784896e-01 3.612008270441194879e-01 2.500355364047046614e-01 4.510632349042553169e-01 5.775762359036566984e-01 5.411784057992572450e-01 1.048856031594717908e-01 2.356084855123288246e-01 4.539225984589150276e-01 5.605450917862516702e-01 3.949090747189305528e-01 6.480244697332251391e-01 7.225477547381125021e-01 4.507107664851155437e-01 1.342079941364265616e-01
5.298045907641167895e-01 3.481041215578115633e-01 8.901935555115908505e-01 2.178895362904739452e-01 3.138269709438209487e-01 5.126575881665856871e-01 2.703433115461924552e-01 3.244938528986547888e-01 6.471927961367041071e-01 2.781028494617784896e-01 0.000000000000000000e+00 5.739270840595618317e-01 4.327136162329486835e-01 6.100444509126677906e-01 3.833487674849813120e-01 7.444162629020754096e-01 3.316908610867732587e-01 4.759899891844040498e-01 2.285084414289886290e-01 2.864435771485742688e-01 4.292781283966861094e-01 6.143200946066700308e-01 6.000334471460916363e-01 4.626551997161545415e-01 3.967475790245148515e-01
4.429970143325856480e-01 6.696558649902963900e-01 3.334249771673753471e-01 5.239337478822901906e-01 6.229144037367451148e-01 7.086912886723795157e-01 6.198416870989248428e-01 3.108397785214360720e-01 6.290178060614467492e-01 3.612008270441194879e-01 5.739270840595618317e-01 0.000000000000000000e+00 1.433556571383629019e-01 1.432629414381282884e-01 9.278190540322368562e-01 1.800074538357873954e-01 2.615887593098152886e-01 1.326786978146404228e-01 6.428591588191910899e-01 8.525477296679809802e-01 3.218163731334038324e-01 5.414666944485666544e-01 7.119852921807795498e-01 3.686354478977404425e-01 3.776204706422359170e-01
3.737136428617396922e-01 5.402711142232391461e-01 4.615268139382386337e-01 4.076241571674841246e-01 4.922860627018449398e-01 6.004959050546972987e-01 5.080684523564749089e-01 1.792347127575709131e-01 6.041600079325075701e-01 2.500355364047046614e-01 4.327136162329486835e-01 1.433556571383629019e-01 0.000000000000000000e+00 2.012034328402057815e-01 7.948121043437192945e-01 3.124812663826828651e-01 1.452484717756432897e-01 1.090544805848325249e-01 5.035617991424248263e-01 7.094524238760190338e-01 2.291274802928871535e-01 4.815130762626104177e-01 6.205210734186328292e-01 2.857975686711506369e-01 3.107900470597799725e-01
3.388622854624093739e-01 6.263431641608292466e-01 2.873848665480159270e-01 6.084839842136623433e-01 5.838598528889547001e-01 6.309825617892278471e-01 7.091998607661174070e-01 2.988343453407473760e-01 7.669710523718326067e-01 4.510632349042553169e-01 6.100444509126677906e-01 1.432629414381282884e-01 2.012034328402057815e-01 0.000000000000000000e+00 9.846372801456527712e-01 1.666646606127802355e-01 3.461820031940577858e-01 2.554404626115427956e-01 6.266583138363881478e-01 8.702108894092746016e-01 2.548054631688407845e-01 4.251291996163952258e-01 6.158472856107095605e-01 2.840541918329446691e-01 4.974854869585519368e-01
9.021761265699673737e-01 6.317879370641233949e-01 1.256250687813452060e+00 4.243299931136054748e-01 6.204761132352091257e-01 8.069497639808530520e-01 3.606820536075929784e-01 7.073532461524568715e-01 7.478110558650424844e-01 5.775762359036566984e-01 3.833487674849813120e-01 9.278190540322368562e-01 7.948121043437192945e-01 9.846372801456527712e-01 0.000000000000000000e+00 1.105614584158597813e+00 6.676016821193359041e-01 8.108355595776913782e-01 5.150390102191481079e-01 2.740490472815180767e-01 8.119827991516713750e-01 9.753155726210860355e-01 9.106199102565606385e-01 8.422957466757076128e-01 6.390656584673172214e-01
4.991466028674838573e-01 7.917249829422358109e-01 1.535993498589928730e-01 7.039251462160504014e-01 7.484339831728020753e-01 7.963345155714367518e-01 7.994383058191313340e-01 4.525135904018885435e-01 7.696395852829823747e-01 5.411784057992572450e-01 7.444162629020754096e-01 1.800074538357873954e-01 3.124812663826828651e-01 1.666646606127802355e-01 1.105614584158597813e+00 0.000000000000000000e+00 4.412148342684131808e-01 3.095891116380711794e-01 7.857871411925667626e-01 1.016393485360842952e+00 4.210741915371228328e-01 5.760098756044076396e-01 7.761118059718841167e-01 4.501855386452141006e-01 5.486345430100254550e-01
4.643008891802144489e-01 5.309628745113788018e-01 5.940433298295525466e-01 2.649454462548046507e-01 4.822728707701026685e-01 6.306719621603413817e-01 3.640834333266061984e-01 2.127376956368181304e-01 4.953277870796601867e-01 1.048856031594717908e-01 3.316908610867732587e-01 2.615887593098152886e-01 1.452484717756432897e-01 3.461820031940577858e-01 6.676016821193359041e-01 4.412148342684131808e-01 0.000000000000000000e+00 1.459642666794206678e-01 4.624938610531868499e-01 6.178607590458826682e-01 3.144084013447396853e-01 5.733400646621009678e-01 6.734901099551705572e-01 3.725743754425754894e-01 1.866642760737348139e-01
4.817995324378199218e-01 6.344643307249688835e-01 4.630356895602725786e-01 3.976187747003042117e-01 5.857860222873664258e-01 7.058024147916670543e-01 4.907975707215583849e-01 2.787853087522246254e-01 5.145508105685937528e-01 2.356084855123288246e-01 4.759899891844040498e-01 1.326786978146404228e-01 1.090544805848325249e-01 2.554404626115427956e-01 8.108355595776913782e-01 3.095891116380711794e-01 1.459642666794206678e-01 0.000000000000000000e+00 5.843802579766912420e-01 7.612511769806636908e-01 3.381771183645403966e-01 5.888856961644727273e-01 7.290003637813410320e-01 3.946519466423566991e-01 2.459598823946296253e-01
4.203265549526667977e-01 1.247832625180674976e-01 9.130924199629685267e-01 4.413662112277477179e-01 1.054394763089776949e-01 2.991847841018710485e-01 4.986131900671040840e-01 3.346088730228896080e-01 8.639772531380540688e-01 4.539225984589150276e-01 2.285084414289886290e-01 6.428591588191910899e-01 5.035617991424248263e-01 6.266583138363881478e-01 5.150390102191481079e-01 7.857871411925667626e-01 4.624938610531868499e-01 5.843802579766912420e-01 0.000000000000000000e+00 2.870323270095138657e-01 3.850232319357759225e-01 4.730267142960404292e-01 3.981682528568483703e-01 3.889474062058465575e-01 5.865360049881270799e-01
7.057083071421016429e-01 3.845704079081014304e-01 1.156341217709950797e+00 4.590370936559482473e-01 3.861703188627769734e-01 5.531042126696907868e-01 4.556012406682727334e-01 5.719672579410826074e-01 8.728851792187982683e-01 5.605450917862516702e-01 2.864435771485742688e-01 8.525477296679809802e-01 7.094524238760190338e-01 8.702108894092746016e-01 2.740490472815180767e-01 1.016393485360842952e+00 6.178607590458826682e-01 7.612511769806636908e-01 2.870323270095138657e-01 0.000000000000000000e+00 6.512647351720495248e-01 7.595416796625258371e-01 6.601542917421598933e-01 6.657303374363723325e-01 6.680586291737846683e-01
1.502770340057929532e-01 3.720959417934059932e-01 5.339973028649500630e-01 5.124969079677172967e-01 3.309211891378438519e-01 3.872527823885374421e-01 6.119098269533308487e-01 1.195563733166125631e-01 8.091769858613282462e-01 3.949090747189305528e-01 4.292781283966861094e-01 3.218163731334038324e-01 2.291274802928871535e-01 2.548054631688407845e-01 8.119827991516713750e-01 4.210741915371228328e-01 3.144084013447396853e-01 3.381771183645403966e-01 3.850232319357759225e-01 6.512647351720495248e-01 0.000000000000000000e+00 2.595992640718887690e-01 3.941218996188378121e-01 5.869669663930991016e-02 5.010563703378785316e-01
1.093398267368684423e-01 3.883727419381479140e-01 6.362620015601453405e-01 7.472834674813010336e-01 3.748069471390428342e-01 2.820883261300713429e-01 8.411628689615772148e-01 3.672828027312806665e-01 1.068528057451729074e+00 6.480244697332251391e-01 6.143200946066700308e-01 5.414666944485666544e-01 4.815130762626104177e-01 4.251291996163952258e-01 9.753155726210860355e-01 5.760098756044076396e-01 5.733400646621009678e-01 5.888856961644727273e-01 4.730267142960404292e-01 7.595416796625258371e-01 2.595992640718887690e-01 0.000000000000000000e+00 2.170155995501217294e-01 2.009960411925153512e-01 7.597465550464265194e-01
2.772295894277539974e-01 2.789581148346176875e-01 8.489671606622284372e-01 7.805180020911166583e-01 2.942191622758923431e-01 1.080609685811233234e-01 8.604373913457545875e-01 4.626648053898764767e-01 1.157757215622075897e+00 7.225477547381125021e-01 6.000334471460916363e-01 7.119852921807795498e-01 6.205210734186328292e-01 6.158472856107095605e-01 9.106199102565606385e-01 7.761118059718841167e-01 6.734901099551705572e-01 7.290003637813410320e-01 3.981682528568483703e-01 6.601542917421598933e-01 3.941218996188378121e-01 2.170155995501217294e-01 0.000000000000000000e+00 3.434201074926595543e-01 8.501209681737997848e-01
9.175113312902320739e-02 3.569294801417923213e-01 5.508733614583243288e-01 5.622650332961163233e-01 3.206944991794439259e-01 3.473494633388110597e-01 6.602524493274368744e-01 1.714548496315955461e-01 8.676006953867769766e-01 4.507107664851155437e-01 4.626551997161545415e-01 3.686354478977404425e-01 2.857975686711506369e-01 2.840541918329446691e-01 8.422957466757076128e-01 4.501855386452141006e-01 3.725743754425754894e-01 3.946519466423566991e-01 3.889474062058465575e-01 6.657303374363723325e-01 5.869669663930991016e-02 2.009960411925153512e-01 3.434201074926595543e-01 0.000000000000000000e+00 5.591406674575806202e-01
6.508315216753454147e-01 6.770039662935234404e-01 6.999515346159409512e-01 2.193379648426404815e-01 6.301787813029451346e-01 7.977785820818773521e-01 2.841260786672094585e-01 3.960329815459767699e-01 3.099538629461510153e-01 1.342079941364265616e-01 3.967475790245148515e-01 3.776204706422359170e-01 3.107900470597799725e-01 4.974854869585519368e-01 6.390656584673172214e-01 5.486345430100254550e-01 1.866642760737348139e-01 2.459598823946296253e-01 5.865360049881270799e-01 6.680586291737846683e-01 5.010563703378785316e-01 7.597465550464265194e-01 8.501209681737997848e-01 5.591406674575806202e-01 0.000000000000000000e+00
