0.000000000000000000e+00 3.096259218956417536e-01 7.486865397320234816e-01 8.540502077011374871e-01 5.151427155779252365e-01 5.085466525671206856e-02 3.623202015073090920e-01 1.065952730698356277e-01 1.856754670592361267e-01 6.047914356732149166e-01 6.332086299965746790e-01 5.831861464052449096e-01 1.757313345875902988e-01 6.261262730263507104e-01 8.126957274973136691e-01 7.512246247017492218e-01 2.519152413233070043e-01 6.422552293340139107e-01 7.219774482920503500e-01 3.390421529485069252e-01 2.633686204019054511e-01 7.107631915157837099e-01 6.952958943929493651e-01 4.467134999374315352e-01 2.294244945609115738e-01
3.096259218956417536e-01 0.000000000000000000e+00 6.840719479157787442e-01 7.012402965965103263e-01 2.088701946655712183e-01 3.288547943934677087e-01 1.769961227005844573e-01 3.749803004170393916e-01 3.787127301529509826e-01 4.115318158180278352e-01 6.313265525855699112e-01 3.390229830226053620e-01 4.184274509412575505e-01 3.929086380754227559e-01 7.787794661030619237e-01 6.883512650578927916e-01 1.365117409695481565e-01 3.338426284708066460e-01 5.903177858270377554e-01 5.002335445234763478e-01 5.676443632906910119e-01 6.102501555200664507e-01 6.104718693308021082e-01 3.419554891704835731e-01 4.453077331884404688e-01
7.486865397320234816e-01 6.840719479157787442e-01 0.000000000000000000e+00 2.352551497754661325e-01 7.612178004388068242e-01 7.992750524062753881e-01 8.610070345248339585e-01 6.920166085907483167e-01 9.274892325508174995e-01 3.488471802018410783e-01 1.620563006101467529e-01 4.687229367989096951e-01 9.242945315781520010e-01 4.335129679390699597e-01 1.109498671699687411e-01 5.399750798074233471e-03 7.966105709387465428e-01 7.993310505300639246e-01 1.679590490566371386e-01 5.085502464522972943e-01 9.390587459251594771e-01 1.005009959573247152e-01 7.966243915878190585e-02 3.431427482228190384e-01 6.067470902503164787e-01
8.540502077011374871e-01 7.012402965965103263e-01 2.352551497754661325e-01 0.000000000000000000e+00 7.112972979633593873e-01 9.016582981968942478e-01 8.686267324841457915e-01 8.227536975385300044e-01 1.015462571781571510e+00 2.923448035918336796e-01 3.831972835609203099e-01 3.962241584518751414e-01 1.026192932802947322e+00 3.435044860023803714e-01 3.174339064529768106e-01 2.389937517927527288e-01 8.320883490602091204e-01 7.111399998669251099e-01 1.353644563220843533e-01 6.866381992050574201e-01 1.080028558219430224e+00 1.782252212185363727e-01 2.116237430788096285e-01 4.075045040505269056e-01 7.640836761651617071e-01
5.151427155779252365e-01 2.088701946655712183e-01 7.612178004388068242e-01 7.112972979633593873e-01 0.000000000000000000e+00 5.285484664415186495e-01 2.351278566611784415e-01 5.838338731936759674e-01 5.511748602403591102e-01 4.281365071803357458e-01 7.499749607505376003e-01 3.151710385403302395e-01 6.009917387334084982e-01 3.682257519238156251e-01 8.672680927677242080e-01 7.662178859598524072e-01 2.920939642569324590e-01 1.282471271999524320e-01 6.301175946077581802e-01 6.910889751963026351e-01 7.667678158053977677e-01 6.709251989019219264e-01 6.819991136245365793e-01 4.494914493084025686e-01 6.489488343545185556e-01
5.085466525671206856e-02 3.288547943934677087e-01 7.992750524062753881e-01 9.016582981968942478e-01 5.285484664415186495e-01 0.000000000000000000e+00 3.558689688477203461e-01 1.454686890123383924e-01 1.361933236449294760e-01 6.478631172260986837e-01 6.839798443034387221e-01 6.202952380995241377e-01 1.256503149012363207e-01 6.651146526015173643e-01 8.635477658369777876e-01 8.018440892239979689e-01 2.502557355673762363e-01 6.566413129935421145e-01 7.702366700497558227e-01 3.844093166307208653e-01 2.389719989984996074e-01 7.603295060006998174e-01 7.453174493007038715e-01 4.941538473069315152e-01 2.711066529510920420e-01
3.623202015073090920e-01 1.769961227005844573e-01 8.610070345248339585e-01 8.686267324841457915e-01 2.351278566611784415e-01 3.558689688477203461e-01 0.000000000000000000e+00 4.574489699419390099e-01 3.374220343057420246e-01 5.764676235418741967e-01 8.054443850454572340e-01 4.878480106227673363e-01 3.947416432310180689e-01 5.437261691243878703e-01 9.555972040622098262e-01 8.653045597000807998e-01 1.120495467039067244e-01 3.520396953657621286e-01 7.630959132376429199e-01 6.358322562444790327e-01 5.794146355573541740e-01 7.859957477427513828e-01 7.870651335046441321e-01 5.189140696538713238e-01 5.574731031841528850e-01
1.065952730698356277e-01 3.749803004170393916e-01 6.920166085907483167e-01 8.227536975385300044e-01 5.838338731936759674e-01 1.454686890123383924e-01 4.574489699419390099e-01 0.000000000000000000e+00 2.783691989533288447e-01 5.987222476697026119e-01 5.627364992647178044e-01 5.985261171116664780e-01 2.505762730201486210e-01 6.346129523362460390e-01 7.451365519332168175e-01 6.939404345399494689e-01 3.454441286834917246e-01 7.074470195594041444e-01 6.879235043159278584e-01 2.412486664681569304e-01 2.579188811251339475e-01 6.668200934869807917e-01 6.469757179480684073e-01 4.233412254757326076e-01 1.257350866073880802e-01
1.856754670592361267e-01 3.787127301529509826e-01 9.274892325508174995e-01 1.015462571781571510e+00 5.511748602403591102e-01 1.361933236449294760e-01 3.374220343057420246e-01 2.783691989533288447e-01 0.000000000000000000e+00 7.481314014342177465e-01 8.174930787339717009e-01 7.035785671873329150e-01 6.301478947804232955e-02 7.530361541494348110e-01 9.956951766182110530e-01 9.303056511541201168e-01 2.595899865558394803e-01 6.774516302148094749e-01 8.871135719855057777e-01 5.192286008650122131e-01 2.584521015356701645e-01 8.827948577586328671e-01 8.700921162351011873e-01 6.100149831866483741e-01 4.037185429786580015e-01
6.047914356732149166e-01 4.115318158180278352e-01 3.488471802018410783e-01 2.923448035918336796e-01 4.281365071803357458e-01 6.478631172260986837e-01 5.764676235418741967e-01 5.987222476697026119e-01 7.481314014342177465e-01 0.000000000000000000e+00 3.915869789654685129e-01 1.203725209870602081e-01 7.677292579892799340e-01 8.887607011192275031e-02 4.594160524676831892e-01 3.541750143524442507e-01 5.450312786368158857e-01 4.518585792051780792e-01 2.025867341238833386e-01 5.375416852589317562e-01 8.534790321641508859e-01 2.511685020483324648e-01 2.699752563059654165e-01 1.874225225101773529e-01 5.760296103923550071e-01
6.332086299965746790e-01 6.313265525855699112e-01 1.620563006101467529e-01 3.831972835609203099e-01 7.499749607505376003e-01 6.839798443034387221e-01 8.054443850454572340e-01 5.627364992647178044e-01 8.174930787339717009e-01 3.915869789654685129e-01 0.000000000000000000e+00 4.990944866292473803e-01 8.059993976661876669e-01 4.802285630509042780e-01 1.829061637204314195e-01 1.610051901645151995e-01 7.250755307027153540e-01 8.125580952361288745e-01 2.774975495448289697e-01 3.575168602200070045e-01 7.989125774313652339e-01 2.106517793559852803e-01 1.750444101846210798e-01 3.010379802336767829e-01 4.644009937830109180e-01
5.831861464052449096e-01 3.390229830226053620e-01 4.687229367989096951e-01 3.962241584518751414e-01 3.151710385403302395e-01 6.202952380995241377e-01 4.878480106227673363e-01 5.985261171116664780e-01 7.035785671873329150e-01 1.203725209870602081e-01 4.990944866292473803e-01 0.000000000000000000e+00 7.321333010512510731e-01 5.596488092482135301e-02 5.790036656136300364e-01 4.740249290097520163e-01 4.755233915505874265e-01 3.314995212823501625e-01 3.213513379927843139e-01 5.858000383019629220e-01 8.428829755430136128e-01 3.715146343353339375e-01 3.895105038127896768e-01 2.418583887948845268e-01 6.011127830929835492e-01
1.757313345875902988e-01 4.184274509412575505e-01 9.242945315781520010e-01 1.026192932802947322e+00 6.009917387334084982e-01 1.256503149012363207e-01 3.947416432310180689e-01 2.505762730201486210e-01 6.301478947804232955e-02 7.677292579892799340e-01 8.059993976661876669e-01 7.321333010512510731e-01 0.000000000000000000e+00 7.794448707486436589e-01 9.866284266069997866e-01 9.267919866455673894e-01 3.090981452434152232e-01 7.283773922008329738e-01 8.953097729166924479e-01 4.906731407855953186e-01 1.954412673605909478e-01 8.859731915942109515e-01 8.709131336005897506e-01 6.187859808172266884e-01 3.723265600498401606e-01
6.261262730263507104e-01 3.929086380754227559e-01 4.335129679390699597e-01 3.435044860023803714e-01 3.682257519238156251e-01 6.651146526015173643e-01 5.437261691243878703e-01 6.346129523362460390e-01 7.530361541494348110e-01 8.887607011192275031e-02 4.802285630509042780e-01 5.596488092482135301e-02 7.794448707486436589e-01 0.000000000000000000e+00 5.444338059341693459e-01 4.388886079613936730e-01 5.293857372141244078e-01 3.744918103534334852e-01 2.782842500113631989e-01 6.024005315136917726e-01 8.832078051863117008e-01 3.341369284914510462e-01 3.556662564065035670e-01 2.513263073194694774e-01 6.277521150456178978e-01
8.126957274973136691e-01 7.787794661030619237e-01 1.109498671699687411e-01 3.174339064529768106e-01 8.672680927677242080e-01 8.635477658369777876e-01 9.555972040622098262e-01 7.451365519332168175e-01 9.956951766182110530e-01 4.594160524676831892e-01 1.829061637204314195e-01 5.790036656136300364e-01 9.866284266069997866e-01 5.444338059341693459e-01 0.000000000000000000e+00 1.055638123731334060e-01 8.847775363923301439e-01 9.090064418058995122e-01 2.762204023466735547e-01 5.380520540939423002e-01 9.814635652738641358e-01 2.111563156460396495e-01 1.895007311488459412e-01 4.370049185207192100e-01 6.470057781945154352e-01
7.512246247017492218e-01 6.883512650578927916e-01 5.399750798074233471e-03 2.389937517927527288e-01 7.662178859598524072e-01 8.018440892239979689e-01 8.653045597000807998e-01 6.939404345399494689e-01 9.303056511541201168e-01 3.541750143524442507e-01 1.610051901645151995e-01 4.740249290097520163e-01 9.267919866455673894e-01 4.388886079613936730e-01 1.055638123731334060e-01 0.000000000000000000e+00 8.005219584785489007e-01 8.045878870524481030e-01 1.732389010893871650e-01 5.090951089294781795e-01 9.405065428927144033e-01 1.058973855850428580e-01 8.485284119060490515e-02 3.472452883635785970e-01 6.079373608344830204e-01
2.519152413233070043e-01 1.365117409695481565e-01 7.966105709387465428e-01 8.320883490602091204e-01 2.920939642569324590e-01 2.502557355673762363e-01 1.120495467039067244e-01 3.454441286834917246e-01 2.595899865558394803e-01 5.450312786368158857e-01 7.250755307027153540e-01 4.755233915505874265e-01 3.090981452434152232e-01 5.293857372141244078e-01 8.847775363923301439e-01 8.005219584785489007e-01 0.000000000000000000e+00 4.192811590639858310e-01 7.163683704170302757e-01 5.289704675837938463e-01 4.821702049420437675e-01 7.300989999340644632e-01 7.266593271668175813e-01 4.542227153258918682e-01 4.465420794598050636e-01
6.422552293340139107e-01 3.338426284708066460e-01 7.993310505300639246e-01 7.111399998669251099e-01 1.282471271999524320e-01 6.566413129935421145e-01 3.520396953657621286e-01 7.074470195594041444e-01 6.774516302148094749e-01 4.518585792051780792e-01 8.125580952361288745e-01 3.314995212823501625e-01 7.283773922008329738e-01 3.744918103534334852e-01 9.090064418058995122e-01 8.045878870524481030e-01 4.192811590639858310e-01 0.000000000000000000e+00 6.518249938175023628e-01 7.976834155740274435e-01 8.949808505936607261e-01 7.029088197597685994e-01 7.198133640038909542e-01 5.200986871722748095e-01 7.653748159323803257e-01
7.219774482920503500e-01 5.903177858270377554e-01 1.679590490566371386e-01 1.353644563220843533e-01 6.301175946077581802e-01 7.702366700497558227e-01 7.630959132376429199e-01 6.879235043159278584e-01 8.871135719855057777e-01 2.025867341238833386e-01 2.774975495448289697e-01 3.213513379927843139e-01 8.953097729166924479e-01 2.782842500113631989e-01 2.762204023466735547e-01 1.732389010893871650e-01 7.163683704170302757e-01 6.518249938175023628e-01 0.000000000000000000e+00 5.541290165316815619e-01 9.449606824811851435e-01 7.131262046219065398e-02 1.054098386002273735e-01 2.771416385564340890e-01 6.290066234613617135e-01
3.390421529485069252e-01 5.002335445234763478e-01 5.085502464522972943e-01 6.866381992050574201e-01 6.910889751963026351e-01 3.844093166307208653e-01 6.358322562444790327e-01 2.412486664681569304e-01 5.192286008650122131e-01 5.375416852589317562e-01 3.575168602200070045e-01 5.858000383019629220e-01 4.906731407855953186e-01 6.024005315136917726e-01 5.380520540939423002e-01 5.090951089294781795e-01 5.289704675837938463e-01 7.976834155740274435e-01 5.541290165316815619e-01 0.000000000000000000e+00 4.467380275577506055e-01 5.124817887143813255e-01 4.843425926802620296e-01 3.519789428226235417e-01 1.193258329587780497e-01
2.633686204019054511e-01 5.676443632906910119e-01 9.390587459251594771e-01 1.080028558219430224e+00 7.667678158053977677e-01 2.389719989984996074e-01 5.794146355573541740e-01 2.579188811251339475e-01 2.584521015356701645e-01 8.534790321641508859e-01 7.989125774313652339e-01 8.428829755430136128e-01 1.954412673605909478e-01 8.832078051863117008e-01 9.814635652738641358e-01 9.405065428927144033e-01 4.821702049420437675e-01 8.949808505936607261e-01 9.449606824811851435e-01 4.467380275577506055e-01 0.000000000000000000e+00 9.211131532775923558e-01 8.994741631727410924e-01 6.810085920456060427e-01 3.345125407170937981e-01
7.107631915157837099e-01 6.102501555200664507e-01 1.005009959573247152e-01 1.782252212185363727e-01 6.709251989019219264e-01 7.603295060006998174e-01 7.859957477427513828e-01 6.668200934869807917e-01 8.827948577586328671e-01 2.511685020483324648e-01 2.106517793559852803e-01 3.715146343353339375e-01 8.859731915942109515e-01 3.341369284914510462e-01 2.111563156460396495e-01 1.058973855850428580e-01 7.300989999340644632e-01 7.029088197597685994e-01 7.131262046219065398e-02 5.124817887143813255e-01 9.211131532775923558e-01 0.000000000000000000e+00 3.565654229862257052e-02 2.781041373896198099e-01 5.968290560384235111e-01
6.952958943929493651e-01 6.104718693308021082e-01 7.966243915878190585e-02 2.116237430788096285e-01 6.819991136245365793e-01 7.453174493007038715e-01 7.870651335046441321e-01 6.469757179480684073e-01 8.700921162351011873e-01 2.699752563059654165e-01 1.750444101846210798e-01 3.895105038127896768e-01 8.709131336005897506e-01 3.556662564065035670e-01 1.895007311488459412e-01 8.485284119060490515e-02 7.266593271668175813e-01 7.198133640038909542e-01 1.054098386002273735e-01 4.843425926802620296e-01 8.994741631727410924e-01 3.565654229862257052e-02 0.000000000000000000e+00 2.725280107994370593e-01 5.723574293015976089e-01
4.467134999374315352e-01 3.419554891704835731e-01 3.431427482228190384e-01 4.075045040505269056e-01 4.494914493084025686e-01 4.941538473069315152e-01 5.189140696538713238e-01 4.233412254757326076e-01 6.100149831866483741e-01 1.874225225101773529e-01 3.010379802336767829e-01 2.418583887948845268e-01 6.187859808172266884e-01 2.513263073194694774e-01 4.370049185207192100e-01 3.472452883635785970e-01 4.542227153258918682e-01 5.200986871722748095e-01 2.771416385564340890e-01 3.519789428226235417e-01 6.810085920456060427e-01 2.781041373896198099e-01 2.725280107994370593e-01 0.000000000000000000e+00 3.897155377242236263e-01
2.294244945609115738e-01 4.453077331884404688e-01 6.067470902503164787e-01 7.640836761651617071e-01 6.489488343545185556e-01 2.711066529510920420e-01 5.574731031841528850e-01 1.257350866073880802e-01 4.037185429786580015e-01 5.760296103923550071e-01 4.644009937830109180e-01 6.011127830929835492e-01 3.723265600498401606e-01 6.277521150456178978e-01 6.470057781945154352e-01 6.079373608344830204e-01 4.465420794598050636e-01 7.653748159323803257e-01 6.290066234613617135e-01 1.193258329587780497e-01 3.345125407170937981e-01 5.968290560384235111e-01 5.723574293015976089e-01 3.897155377242236263e-01 0.000000000000000000e+00
