0.000000000000000000e+00 6.669193122651960737e-01 8.146965200680884589e-01 2.570779924218792867e-01 3.711732272995559856e-01 1.105515551687116904e+00 3.353909815579876885e-01 6.022666744781580705e-01 9.019356406025881290e-01 6.464698720190289460e-01 1.127284124945556076e+00 6.192835713576620993e-01 7.889577902217264072e-01 3.314731061211247387e-01 7.025913377274848326e-01 1.088029227662017817e+00 8.396376046148005257e-01 6.888611260291950256e-01 6.982201258988653958e-01 5.391388786377192543e-01 3.897654268875625494e-01 6.111410744688245966e-01 7.057373695519295609e-01 6.660117900474377128e-01 8.361071721965214198e-01
6.669193122651960737e-01 0.000000000000000000e+00 3.495651858910088228e-01 7.162715564196586726e-01 7.728465087590351557e-01 5.846638982259321216e-01 8.175762908448431787e-01 7.221553060740766306e-01 7.034989120338177582e-01 6.532832867340057081e-01 6.134334926468553162e-01 5.998546479058354253e-01 8.824872956162581605e-01 4.151235898876154407e-01 2.849081093612928495e-01 6.532903577173416743e-01 8.487717849253845204e-01 1.781253558227784972e-01 4.272988244976620026e-02 1.278898405775873992e-01 6.668000142415119180e-01 2.457439881982470264e-01 6.424443257931781170e-01 1.731417590293840292e-01 8.609030205394281321e-01
8.146965200680884589e-01 3.495651858910088228e-01 0.000000000000000000e+00 7.459323935763187974e-01 7.510702529235423475e-01 2.915002349879117216e-01 8.229744052584475611e-01 5.695970182699837681e-01 3.925210193635929601e-01 4.656672861721582457e-01 3.147899053766917143e-01 4.230689011814425249e-01 6.689148664627300178e-01 4.856331516703437656e-01 6.332692862710449511e-01 3.128871113090614942e-01 6.019143886443862890e-01 1.797829164897135623e-01 3.149957627106728664e-01 3.922247272060684353e-01 6.261987838313152199e-01 2.073602729389350252e-01 4.185382934483247719e-01 5.223936540463791633e-01 6.189183745223679756e-01
2.570779924218792867e-01 7.162715564196586726e-01 7.459323935763187974e-01 0.000000000000000000e+00 1.143246904252849944e-01 1.020854334250603790e+00 1.061753128124091478e-01 3.743650842203166684e-01 7.232070255977772755e-01 4.453099443297063309e-01 1.037613344068393229e+00 4.341690611806131583e-01 5.469418728725770062e-01 3.021697855542057054e-01 8.412922859810518794e-01 9.691500482390310589e-01 6.110801054162295909e-01 6.717210646581236455e-01 7.352387841221151854e-01 5.967182969767755862e-01 1.635455170972692773e-01 5.707279132266511734e-01 5.153687270371801743e-01 7.745732057207554977e-01 6.043773415683028061e-01
3.711732272995559856e-01 7.728465087590351557e-01 7.510702529235423475e-01 1.143246904252849944e-01 0.000000000000000000e+00 1.010955180071961168e+00 8.575733523181072737e-02 2.960106632943557137e-01 6.683123576807177280e-01 3.860551619079117258e-01 1.024919681792492154e+00 3.880379487565343011e-01 4.494498483768197272e-01 3.611833622077824657e-01 9.253378922824387898e-01 9.428298681781523971e-01 5.238836830566908631e-01 7.034484213522157470e-01 7.865241049419106067e-01 6.609295347167413182e-01 1.250770130104462141e-01 5.973576183857624011e-01 4.603055463973009243e-01 8.502132369290066327e-01 5.147531422464602935e-01
1.105515551687116904e+00 5.846638982259321216e-01 2.915002349879117216e-01 1.020854334250603790e+00 1.010955180071961168e+00 0.000000000000000000e+00 1.088637241143937118e+00 7.829196145298908949e-01 4.715634061328675131e-01 6.706015795565488657e-01 2.947608540699776444e-02 6.427307473315070352e-01 8.240079475046439006e-01 7.752689851814212885e-01 8.450893296326521531e-01 1.554189145637868696e-01 7.317022395981204186e-01 4.491796989312116239e-01 5.429256046535692048e-01 6.610898618747643729e-01 8.865812677582048940e-01 4.984106480645616455e-01 6.040634080235333103e-01 7.439634861044200909e-01 7.517278318519263758e-01
3.353909815579876885e-01 8.175762908448431787e-01 8.229744052584475611e-01 1.061753128124091478e-01 8.575733523181072737e-02 1.088637241143937118e+00 0.000000000000000000e+00 3.811461108146659282e-01 7.539404343753459692e-01 4.716728662383677384e-01 1.103463302949209357e+00 4.723710886077588378e-01 5.272579290347133574e-01 4.024594263385689596e-01 9.474660199588196274e-01 1.024788086787223218e+00 6.060263894024882081e-01 7.630203872420481259e-01 8.348286192489760005e-01 6.999490385839095552e-01 2.030711198447776866e-01 6.591419937226542514e-01 5.457768117150778586e-01 8.802222018995918829e-01 5.960570241567951788e-01
6.022666744781580705e-01 7.221553060740766306e-01 5.695970182699837681e-01 3.743650842203166684e-01 2.960106632943557137e-01 7.829196145298908949e-01 3.811461108146659282e-01 0.000000000000000000e+00 3.822541602376035019e-01 1.125155101770292515e-01 7.912416267871056341e-01 1.466178109795276685e-01 1.959434841685508966e-01 4.028587540684911983e-01 9.488341802384456791e-01 6.882055613629437518e-01 2.382927089645039964e-01 5.927902463773799813e-01 7.194399847028651873e-01 6.456398325625127832e-01 2.149758587217441286e-01 4.891264323322114804e-01 1.841477205602448097e-01 8.505472751969661571e-01 2.338723266699035130e-01
9.019356406025881290e-01 7.034989120338177582e-01 3.925210193635929601e-01 7.232070255977772755e-01 6.683123576807177280e-01 4.715634061328675131e-01 7.539404343753459692e-01 3.822541602376035019e-01 0.000000000000000000e+00 2.822675710763053458e-01 4.695727647640716151e-01 2.895961735614352994e-01 3.613402190520981216e-01 6.026412265390056477e-01 9.835049113663596465e-01 3.400759182641718281e-01 2.623837492762712276e-01 5.272780436761143052e-01 6.790093564353890665e-01 6.931466440148627006e-01 5.614774654537395548e-01 4.720821606406288562e-01 2.087004888024694138e-01 8.715787321788400765e-01 2.827211180172392591e-01
6.464698720190289460e-01 6.532832867340057081e-01 4.656672861721582457e-01 4.453099443297063309e-01 3.860551619079117258e-01 6.706015795565488657e-01 4.716728662383677384e-01 1.125155101770292515e-01 2.822675710763053458e-01 0.000000000000000000e+00 6.787495592559578128e-01 5.359234055821011922e-02 2.293727580267684030e-01 3.933584315322725677e-01 8.989701709178681277e-01 5.765508132090186866e-01 2.177644148719195538e-01 5.087212842223455267e-01 6.451899770823483760e-01 5.923680630555505644e-01 2.820153565019292152e-01 4.110635953499606199e-01 7.504816985753898217e-02 7.951297710424024556e-01 2.233143367481660591e-01
1.127284124945556076e+00 6.134334926468553162e-01 3.147899053766917143e-01 1.037613344068393229e+00 1.024919681792492154e+00 2.947608540699776444e-02 1.103463302949209357e+00 7.912416267871056341e-01 4.695727647640716151e-01 6.787495592559578128e-01 0.000000000000000000e+00 6.528438306115361689e-01 8.253919963348175237e-01 7.965008444183103720e-01 8.745137570059594578e-01 1.418131281961088064e-01 7.311025062015512610e-01 4.758826943830372636e-01 5.717955177922305898e-01 6.884445423015338461e-01 9.009503059082171195e-01 5.221061997851640379e-01 6.107308455629194555e-01 7.732291403905011684e-01 7.512718092312525853e-01
6.192835713576620993e-01 5.998546479058354253e-01 4.230689011814425249e-01 4.341690611806131583e-01 3.880379487565343011e-01 6.427307473315070352e-01 4.723710886077588378e-01 1.466178109795276685e-01 2.895961735614352994e-01 5.359234055821011922e-02 6.528438306115361689e-01 0.000000000000000000e+00 2.829451306991100923e-01 3.496003598649711219e-01 8.457451643871355396e-01 5.587853024249429534e-01 2.670401997428965002e-01 4.570721212746367557e-01 5.921655135263681480e-01 5.391069860847926831e-01 2.740948565548236293e-01 3.582088808795604318e-01 8.651288829380680834e-02 7.416512727934979621e-01 2.741086697154386242e-01
7.889577902217264072e-01 8.824872956162581605e-01 6.689148664627300178e-01 5.469418728725770062e-01 4.494498483768197272e-01 8.240079475046439006e-01 5.272579290347133574e-01 1.959434841685508966e-01 3.613402190520981216e-01 2.293727580267684030e-01 8.253919963348175237e-01 2.829451306991100923e-01 0.000000000000000000e+00 5.964344077795152854e-01 1.126451662612383497e+00 7.007395443588025907e-01 1.069587937108769093e-01 7.340856728216186289e-01 8.735537724727129305e-01 8.202030870997013556e-01 3.993343473608248484e-01 6.392933440254567889e-01 2.522745314789469062e-01 1.023728337619210560e+00 8.818132432324302106e-02
3.314731061211247387e-01 4.151235898876154407e-01 4.856331516703437656e-01 3.021697855542057054e-01 3.611833622077824657e-01 7.752689851814212885e-01 4.024594263385689596e-01 4.028587540684911983e-01 6.026412265390056477e-01 3.933584315322725677e-01 7.965008444183103720e-01 3.496003598649711219e-01 5.964344077795152854e-01 0.000000000000000000e+00 5.740966673872264225e-01 7.576863229151854506e-01 6.100292728915684970e-01 3.789760660441973128e-01 4.330936843521959734e-01 2.998317397806575246e-01 2.689523060053845005e-01 2.875878790776333349e-01 4.311954907137800497e-01 4.915700232239572087e-01 6.134117758176416135e-01
7.025913377274848326e-01 2.849081093612928495e-01 6.332692862710449511e-01 8.412922859810518794e-01 9.253378922824387898e-01 8.450893296326521531e-01 9.474660199588196274e-01 9.488341802384456791e-01 9.835049113663596465e-01 8.989701709178681277e-01 8.745137570059594578e-01 8.457451643871355396e-01 1.126451662612383497e+00 5.740966673872264225e-01 0.000000000000000000e+00 9.303669212579471770e-01 1.106863958159157946e+00 4.625546422024318094e-01 3.183999452664602603e-01 3.066510772883254687e-01 8.429776850335495286e-01 5.143413906076779174e-01 9.010858451547674175e-01 1.123234053942148702e-01 1.116830903105511696e+00
1.088029227662017817e+00 6.532903577173416743e-01 3.128871113090614942e-01 9.691500482390310589e-01 9.428298681781523971e-01 1.554189145637868696e-01 1.024788086787223218e+00 6.882055613629437518e-01 3.400759182641718281e-01 5.765508132090186866e-01 1.418131281961088064e-01 5.587853024249429534e-01 7.007395443588025907e-01 7.576863229151854506e-01 9.303669212579471770e-01 0.000000000000000000e+00 6.023160690930254857e-01 4.918726438727920591e-01 6.147844714824151069e-01 7.051081949776628610e-01 8.219622200250229493e-01 5.088083319518792447e-01 5.042840789920117750e-01 8.227881765688477289e-01 6.226905690544977112e-01
8.396376046148005257e-01 8.487717849253845204e-01 6.019143886443862890e-01 6.110801054162295909e-01 5.238836830566908631e-01 7.317022395981204186e-01 6.060263894024882081e-01 2.382927089645039964e-01 2.623837492762712276e-01 2.177644148719195538e-01 7.311025062015512610e-01 2.670401997428965002e-01 1.069587937108769093e-01 6.100292728915684970e-01 1.106863958159157946e+00 6.023160690930254857e-01 0.000000000000000000e+00 6.891015963325796134e-01 8.350151641494174548e-01 8.007531258349290804e-01 4.532502301510784037e-01 6.030325037566930391e-01 2.065954626457620347e-01 1.000166974375333639e+00 2.042392387722448410e-02
6.888611260291950256e-01 1.781253558227784972e-01 1.797829164897135623e-01 6.717210646581236455e-01 7.034484213522157470e-01 4.491796989312116239e-01 7.630203872420481259e-01 5.927902463773799813e-01 5.272780436761143052e-01 5.087212842223455267e-01 4.758826943830372636e-01 4.570721212746367557e-01 7.340856728216186289e-01 3.789760660441973128e-01 4.625546422024318094e-01 4.918726438727920591e-01 6.891015963325796134e-01 0.000000000000000000e+00 1.518070349718918244e-01 2.145016574838571610e-01 5.847504056811547724e-01 1.079664145834503541e-01 4.857036823752852728e-01 3.503598047849171282e-01 7.028809317013586799e-01
6.982201258988653958e-01 4.272988244976620026e-02 3.149957627106728664e-01 7.352387841221151854e-01 7.865241049419106067e-01 5.429256046535692048e-01 8.348286192489760005e-01 7.194399847028651873e-01 6.790093564353890665e-01 6.451899770823483760e-01 5.717955177922305898e-01 5.921655135263681480e-01 8.735537724727129305e-01 4.330936843521959734e-01 3.183999452664602603e-01 6.147844714824151069e-01 8.350151641494174548e-01 1.518070349718918244e-01 0.000000000000000000e+00 1.604278652674689665e-01 6.768887734930506550e-01 2.342608305987413098e-01 6.295889440779309787e-01 2.084407879375614059e-01 8.479185398084777558e-01
5.391388786377192543e-01 1.278898405775873992e-01 3.922247272060684353e-01 5.967182969767755862e-01 6.609295347167413182e-01 6.610898618747643729e-01 6.999490385839095552e-01 6.456398325625127832e-01 6.931466440148627006e-01 5.923680630555505644e-01 6.884445423015338461e-01 5.391069860847926831e-01 8.202030870997013556e-01 2.998317397806575246e-01 3.066510772883254687e-01 7.051081949776628610e-01 8.007531258349290804e-01 2.145016574838571610e-01 1.604278652674689665e-01 0.000000000000000000e+00 5.622358850577428013e-01 2.221986875219474633e-01 5.955356573021939326e-01 2.049120936739989574e-01 8.104306211900529355e-01
3.897654268875625494e-01 6.668000142415119180e-01 6.261987838313152199e-01 1.635455170972692773e-01 1.250770130104462141e-01 8.865812677582048940e-01 2.030711198447776866e-01 2.149758587217441286e-01 5.614774654537395548e-01 2.820153565019292152e-01 9.009503059082171195e-01 2.740948565548236293e-01 3.993343473608248484e-01 2.689523060053845005e-01 8.429776850335495286e-01 8.219622200250229493e-01 4.532502301510784037e-01 5.847504056811547724e-01 6.768887734930506550e-01 5.622358850577428013e-01 0.000000000000000000e+00 4.775887135597308708e-01 3.530240278849281488e-01 7.593600897422387863e-01 4.482598464649675818e-01
6.111410744688245966e-01 2.457439881982470264e-01 2.073602729389350252e-01 5.707279132266511734e-01 5.973576183857624011e-01 4.984106480645616455e-01 6.591419937226542514e-01 4.891264323322114804e-01 4.720821606406288562e-01 4.110635953499606199e-01 5.221061997851640379e-01 3.582088808795604318e-01 6.392933440254567889e-01 2.875878790776333349e-01 5.143413906076779174e-01 5.088083319518792447e-01 6.030325037566930391e-01 1.079664145834503541e-01 2.342608305987413098e-01 2.221986875219474633e-01 4.775887135597308708e-01 0.000000000000000000e+00 3.967757068321720593e-01 4.036908777155899797e-01 6.152617199887527866e-01
7.057373695519295609e-01 6.424443257931781170e-01 4.185382934483247719e-01 5.153687270371801743e-01 4.603055463973009243e-01 6.040634080235333103e-01 5.457768117150778586e-01 1.841477205602448097e-01 2.087004888024694138e-01 7.504816985753898217e-02 6.107308455629194555e-01 8.651288829380680834e-02 2.522745314789469062e-01 4.311954907137800497e-01 9.010858451547674175e-01 5.042840789920117750e-01 2.065954626457620347e-01 4.857036823752852728e-01 6.295889440779309787e-01 5.955356573021939326e-01 3.530240278849281488e-01 3.967757068321720593e-01 0.000000000000000000e+00 7.938577400389341676e-01 2.184900314256567611e-01
6.660117900474377128e-01 1.731417590293840292e-01 5.223936540463791633e-01 7.745732057207554977e-01 8.502132369290066327e-01 7.439634861044200909e-01 8.802222018995918829e-01 8.505472751969661571e-01 8.715787321788400765e-01 7.951297710424024556e-01 7.732291403905011684e-01 7.416512727934979621e-01 1.023728337619210560e+00 4.915700232239572087e-01 1.123234053942148702e-01 8.227881765688477289e-01 1.000166974375333639e+00 3.503598047849171282e-01 2.084407879375614059e-01 2.049120936739989574e-01 7.593600897422387863e-01 4.036908777155899797e-01 7.938577400389341676e-01 0.000000000000000000e+00 1.010734937008160861e+00
8.361071721965214198e-01 8.609030205394281321e-01 6.189183745223679756e-01 6.043773415683028061e-01 5.147531422464602935e-01 7.517278318519263758e-01 5.960570241567951788e-01 2.338723266699035130e-01 2.827211180172392591e-01 2.233143367481660591e-01 7.512718092312525853e-01 2.741086697154386242e-01 8.818132432324302106e-02 6.134117758176416135e-01 1.116830903105511696e+00 6.226905690544977112e-01 2.042392387722448410e-02 7.028809317013586799e-01 8.479185398084777558e-01 8.104306211900529355e-01 4.482598464649675818e-01 6.152617199887527866e-01 2.184900314256567611e-01 1.010734937008160861e+00 0.000000000000000000e+00
