0.000000000000000000e+00 9.335121957175968044e-01 8.832483994283100159e-01 9.265159408341333558e-01 4.685732097512124161e-01 1.441045282459739452e-01 1.060459401368294641e+00 1.116424384763261557e+00 6.719101602089736502e-01 1.132608856943281950e+00 8.546052932770784594e-01 8.460645510351740839e-01 4.414422230593404994e-01 8.495024445079195630e-01 6.576548261925134753e-01 6.170884908396424562e-01 1.106254443053845016e+00 5.770325870119777933e-01 8.459217094291441308e-01 5.981131520158127213e-01 1.083839358777672485e-01 4.904255829038339232e-01 7.209477941703690274e-01 8.846981701677674170e-01 5.787736143994439697e-01 1.051577393161696322e-01 7.063413078202388506e-01 1.049372093654136640e+00 6.653564897064699890e-01 3.340018908458545210e-01 7.848455318020700622e-01 5.987847453534336228e-01 6.833171199829525255e-01 3.448827605509595107e-01 1.098714395461549476e+00 5.683831669959634736e-01 6.832996417095045516e-02 5.842112698441410679e-01 3.133204552761166828e-01 1.866345406050417266e-01
9.335121957175968044e-01 0.000000000000000000e+00 1.074997294840448481e+00 7.132624821694920174e-03 7.398523262541540912e-01 8.841325595225186795e-01 8.471305837296452257e-01 9.732578910092185565e-01 1.128028151820149816e+00 8.290300564360193469e-01 2.312707354913151880e-01 1.246606697649069284e+00 6.164966343607223287e-01 2.780107678926354020e-01 9.251809972460843801e-01 6.023378291531000794e-01 8.465443774432763746e-01 3.568861335474398655e-01 1.197037250878707937e+00 9.613555983704439312e-01 9.751098823460332410e-01 1.097330724652565204e+00 4.822763933835926831e-01 8.795109478930842606e-01 5.192141803842461600e-01 9.951224105433458256e-01 7.161629494154851949e-01 5.792462694677181778e-01 2.715134115074191445e-01 6.116293539882426966e-01 6.124985497975480309e-01 4.209657395285595904e-01 6.751378797567061385e-01 8.027628174812376782e-01 9.198985313242649120e-01 3.654583225746342867e-01 9.313719649558879210e-01 1.000893900312993301e+00 6.282626172497534078e-01 7.852459002227584195e-01
8.832483994283100159e-01 1.074997294840448481e+00 0.000000000000000000e+00 1.071752386949777813e+00 4.759176682280772952e-01 7.403370428312588958e-01 4.203462197295502745e-01 3.704070251422456050e-01 2.935520191929732459e-01 5.207608563417673864e-01 8.497492429949967674e-01 2.478587225394300597e-01 6.065046624462068214e-01 8.057783266347802176e-01 2.314679932551019503e-01 4.970139994861161870e-01 4.731251089035810597e-01 9.105862831438825689e-01 1.830850908326326076e-01 2.859055293726904812e-01 7.993959421747749428e-01 4.741774806921466023e-01 5.932793181388886783e-01 2.263971670763114397e-01 6.021595150691566589e-01 8.208314796594053941e-01 3.618762145705170519e-01 6.665403403054332987e-01 9.645604708249968517e-01 9.163957929769640520e-01 4.677627866759991870e-01 7.068971864366319080e-01 4.057452173279225693e-01 5.573029759571244135e-01 3.960884766110872035e-01 8.836843341064648527e-01 9.471975255629512258e-01 3.094456027556207189e-01 9.012519183237589493e-01 9.525230110695542818e-01
9.265159408341333558e-01 7.132624821694920174e-03 1.071752386949777813e+00 0.000000000000000000e+00 7.344783323141396147e-01 8.774217638663708296e-01 8.464271806519166885e-01 9.723924245321843296e-01 1.123240550327154974e+00 8.291740181836154688e-01 2.294548289685417186e-01 1.242418474046463883e+00 6.106348392942266834e-01 2.762791303227690731e-01 9.208681602016473011e-01 5.979542893526668124e-01 8.463072657269206100e-01 3.498436873764497190e-01 1.193050157932910915e+00 9.565922375572628589e-01 9.682982526459372741e-01 1.091686809170914652e+00 4.788285846674643631e-01 8.770387852469714307e-01 5.141887725089531180e-01 9.882766400422523523e-01 7.125922243366394904e-01 5.799814721612714941e-01 2.643950482468380159e-01 6.045181435652355884e-01 6.098291606498894568e-01 4.155085274213202728e-01 6.713999911903444362e-01 7.967512747539841067e-01 9.191664532539250976e-01 3.585142993346332463e-01 9.242926346059651133e-01 9.959628042404479187e-01 6.211680930035196058e-01 7.781273830850586881e-01
4.685732097512124161e-01 7.398523262541540912e-01 4.759176682280772952e-01 7.344783323141396147e-01 0.000000000000000000e+00 3.307349014843924406e-01 5.922995621393810639e-01 6.500690272061152575e-01 4.029089337071169452e-01 6.677145983248387040e-01 5.615941124420967823e-01 5.513021645834866868e-01 1.444916022156073065e-01 5.337247973314230842e-01 2.504867304148363227e-01 1.869136074659168978e-01 6.391561831970283825e-01 4.758329006971955821e-01 5.185732732290033731e-01 2.443491279938820870e-01 4.211954176940862493e-01 3.613347484620265115e-01 3.293989597208040188e-01 4.219141594190867761e-01 2.248321025954883590e-01 4.468683513853536349e-01 2.387362770990653638e-01 6.219681894929368626e-01 5.493061141719459695e-01 4.405541589963140048e-01 3.368255386302163035e-01 3.190863163947550429e-01 2.211507845355645541e-01 1.304709293244722956e-01 6.304182512688735196e-01 4.503501772954547344e-01 5.211372267659439839e-01 2.724097588998297681e-01 4.253571585434782754e-01 4.901144085070958112e-01
1.441045282459739452e-01 8.841325595225186795e-01 7.403370428312588958e-01 8.774217638663708296e-01 3.307349014843924406e-01 0.000000000000000000e+00 9.227627420753913290e-01 9.747870418573088003e-01 5.409390744910858029e-01 9.980940323880203024e-01 7.737466764804081798e-01 7.156904641434964631e-01 3.284504141670335220e-01 7.619769096926628515e-01 5.137793568117758891e-01 4.920317955240200436e-01 9.698904804897373610e-01 5.375432547829679386e-01 7.108830217535923035e-01 4.560429906948256784e-01 9.980693323289610563e-02 3.727117658603152361e-01 6.087986330988642836e-01 7.422515702911801627e-01 4.696239801278679904e-01 1.247411965609093037e-01 5.694701531104628955e-01 9.309443373160406487e-01 6.278909534518598567e-01 3.356200392643411967e-01 6.572329172192686864e-01 5.095237781619567086e-01 5.496053330423288363e-01 2.033205539995309730e-01 9.586412482395622048e-01 5.228465006102923640e-01 2.068804692553039004e-01 4.450588089032707084e-01 3.125623186021335709e-01 2.539468690882811797e-01
1.060459401368294641e+00 8.471305837296452257e-01 4.203462197295502745e-01 8.464271806519166885e-01 5.922995621393810639e-01 9.227627420753913290e-01 0.000000000000000000e+00 1.277434707370092293e-01 6.720982387811090808e-01 1.011759433197147173e-01 6.203966155252125247e-01 6.678917455310378060e-01 6.481887071658630761e-01 5.740418807640000898e-01 4.866289694904635255e-01 4.666230935852296313e-01 5.546808970028653529e-02 8.301952732662295498e-01 6.030215160033642885e-01 5.716368217004590413e-01 1.010200824657459195e+00 8.015399798541900100e-01 4.474379141465116838e-01 2.217020405443517750e-01 5.525058648148563067e-01 1.035527868243093952e+00 3.541555242159188377e-01 3.022336711500751005e-01 8.459423998485952056e-01 9.519319296791139973e-01 3.117888688245821216e-01 6.202058947884313556e-01 3.808206840976153251e-01 7.201915508110980912e-01 7.284151881071981860e-02 8.061286076733982231e-01 1.110540046602316089e+00 6.187478482461843399e-01 9.459587599562374605e-01 1.055910278035465888e+00
1.116424384763261557e+00 9.732578910092185565e-01 3.704070251422456050e-01 9.723924245321843296e-01 6.500690272061152575e-01 9.747870418573088003e-01 1.277434707370092293e-01 0.000000000000000000e+00 6.508845522166484265e-01 1.919709614926269625e-01 7.452557014077486608e-01 6.141462242744181177e-01 7.271119709610019965e-01 6.986456985621960492e-01 4.967715389510332646e-01 5.524194479614941145e-01 1.496863940520739011e-01 9.384581276924135462e-01 5.505600976143907310e-01 5.799305952881168569e-01 1.055874437048949677e+00 8.046044257210497319e-01 5.568103180911952998e-01 2.341820844731284101e-01 6.475208853419259780e-01 1.080485847682152833e+00 4.218622389776985337e-01 4.278064019692977005e-01 9.603838611141437553e-01 1.040228223068563551e+00 4.139633526749645909e-01 7.250300128950720735e-01 4.571288340563992025e-01 7.717531067986505011e-01 5.618695634230327918e-02 9.135194180622333571e-01 1.170983135802326602e+00 6.221624482766499042e-01 1.032188559730301769e+00 1.130632797267567158e+00
6.719101602089736502e-01 1.128028151820149816e+00 2.935520191929732459e-01 1.123240550327154974e+00 4.029089337071169452e-01 5.409390744910858029e-01 6.720982387811090808e-01 6.508845522166484265e-01 0.000000000000000000e+00 7.723082292376994840e-01 9.272378742543949670e-01 1.747543582602334999e-01 5.460756571688197836e-01 8.908179822516854030e-01 2.209600301014695012e-01 5.289989006177421293e-01 7.275088988683310331e-01 8.781931488344644210e-01 1.793304634622038818e-01 1.667287564957740387e-01 5.727224676726100361e-01 1.987048791839993722e-01 6.670517257074075612e-01 4.512686438468893613e-01 6.099437281868089755e-01 5.895884700920157595e-01 4.527542178836617692e-01 8.551048776190258716e-01 9.520959255841117130e-01 8.013250747167154353e-01 5.909103967399310653e-01 7.134618611274760047e-01 4.798886406876273214e-01 4.120980425757671539e-01 6.660334518494811507e-01 8.529688377672972610e-01 7.398775192033566483e-01 1.305008468509779862e-01 7.814965150657409154e-01 7.856208431577189621e-01
1.132608856943281950e+00 8.290300564360193469e-01 5.207608563417673864e-01 8.291740181836154688e-01 6.677145983248387040e-01 9.980940323880203024e-01 1.011759433197147173e-01 1.919709614926269625e-01 7.723082292376994840e-01 0.000000000000000000e+00 6.108493449058198799e-01 7.685052117785656778e-01 7.079603284452852252e-01 5.663610552397496667e-01 5.824493357109614688e-01 5.244492441169804620e-01 4.799337407799565691e-02 8.550348289376235034e-01 7.036507034611205746e-01 6.671753504368008736e-01 1.088500015728992132e+00 8.971258814317935038e-01 4.782139648795927234e-01 3.211841415595292903e-01 5.989025441293779339e-01 1.114071523992184787e+00 4.294968708861792162e-01 2.560480307697343139e-01 8.602741921197650798e-01 9.996921388521543550e-01 3.591565482966519451e-01 6.531257177579020690e-01 4.492979816335361809e-01 7.974942571986627371e-01 1.403500989341949778e-01 8.325507940249907701e-01 1.179578654247403824e+00 7.151236006431388459e-01 9.957704081453212508e-01 1.114932923469422521e+00
8.546052932770784594e-01 2.312707354913151880e-01 8.497492429949967674e-01 2.294548289685417186e-01 5.615941124420967823e-01 7.737466764804081798e-01 6.203966155252125247e-01 7.452557014077486608e-01 9.272378742543949670e-01 6.108493449058198799e-01 0.000000000000000000e+00 1.033136293728783128e+00 4.632925799249812959e-01 4.688794299855535141e-02 7.155739928429367680e-01 3.988162973196197059e-01 6.239515720627233364e-01 3.347312664782862712e-01 9.805028014856906893e-01 7.613006275233888953e-01 8.717876741566205068e-01 9.226455669351850686e-01 2.632971878643565189e-01 6.493822477119716163e-01 3.376129748165461741e-01 8.949007004610736171e-01 4.959212064687786858e-01 3.730553206642372999e-01 2.931602207785434233e-01 5.750848644117230180e-01 3.837436373221833064e-01 2.654604156989956443e-01 4.577168577766079771e-01 6.495009724780942406e-01 6.928459725340061492e-01 3.254451612339245292e-01 8.691806813609751492e-01 8.047185981553176548e-01 5.845610418287205956e-01 7.420847695706268565e-01
8.460645510351740839e-01 1.246606697649069284e+00 2.478587225394300597e-01 1.242418474046463883e+00 5.513021645834866868e-01 7.156904641434964631e-01 6.678917455310378060e-01 6.141462242744181177e-01 1.747543582602334999e-01 7.685052117785656778e-01 1.033136293728783128e+00 0.000000000000000000e+00 6.957100964901837825e-01 9.927944268956068186e-01 3.223337168179052914e-01 6.450499379497771635e-01 7.209324931371005052e-01 1.025133362568215301e+00 6.487225750107830646e-02 3.071730557078408697e-01 7.456894131959624916e-01 3.641912950498207846e-01 7.698638075675696690e-01 4.641849331609231855e-01 7.382274484071552623e-01 7.617300536833480074e-01 5.389985479833044879e-01 9.002999779967251204e-01 1.093454086489660027e+00 9.683197558809624184e-01 6.679771545452005688e-01 8.446768504016624046e-01 5.754629248804559172e-01 5.797269111310185963e-01 6.431047608951537820e-01 9.990872925439774344e-01 9.141443466160695808e-01 2.888326160352512328e-01 9.492038492443429787e-01 9.594947810829261847e-01
4.414422230593404994e-01 6.164966343607223287e-01 6.065046624462068214e-01 6.106348392942266834e-01 1.444916022156073065e-01 3.284504141670335220e-01 6.481887071658630761e-01 7.271119709610019965e-01 5.460756571688197836e-01 7.079603284452852252e-01 4.632925799249812959e-01 6.957100964901837825e-01 0.000000000000000000e+00 4.443569247863738414e-01 3.893475079337353484e-01 1.835121622769885774e-01 6.878069744900202620e-01 3.321249577125016117e-01 6.619098469980564392e-01 3.888387759798757060e-01 4.281448155528878030e-01 4.828074611536625760e-01 2.810952770097003284e-01 5.146453675752504786e-01 1.412341926337828679e-01 4.531906725879403797e-01 3.062223444963947938e-01 6.079408049187688956e-01 4.083250451537896453e-01 3.192162503020921638e-01 3.508206084327336050e-01 2.009757014053418500e-01 2.702432646681363071e-01 1.880745487756558254e-01 6.980939278858367958e-01 3.070428211661003215e-01 4.790234477790367151e-01 4.157544741903796415e-01 3.082055439162415533e-01 4.078879845077200139e-01
8.495024445079195630e-01 2.780107678926354020e-01 8.057783266347802176e-01 2.762791303227690731e-01 5.337247973314230842e-01 7.619769096926628515e-01 5.740418807640000898e-01 6.986456985621960492e-01 8.908179822516854030e-01 5.663610552397496667e-01 4.688794299855535141e-02 9.927944268956068186e-01 4.443569247863738414e-01 0.000000000000000000e+00 6.770429362899832437e-01 3.644038476767513801e-01 5.784455317327492629e-01 3.529852222348739410e-01 9.392858127072785113e-01 7.255822802966225282e-01 8.609077017560733402e-01 8.935177184387460558e-01 2.242362698120567155e-01 6.035299461880607730e-01 3.124756728449390453e-01 8.845835808198917460e-01 4.544267127712288690e-01 3.328754594432052349e-01 3.217225503519183794e-01 5.827984161270565178e-01 3.388415019493757896e-01 2.527116209101010202e-01 4.174940610756858184e-01 6.279166126087721844e-01 6.464063515972899854e-01 3.405119360977355569e-01 8.676847221209262884e-01 7.700005796565588811e-01 5.905741584827999269e-01 7.459411419290179479e-01
6.576548261925134753e-01 9.251809972460843801e-01 2.314679932551019503e-01 9.208681602016473011e-01 2.504867304148363227e-01 5.137793568117758891e-01 4.866289694904635255e-01 4.967715389510332646e-01 2.209600301014695012e-01 5.824493357109614688e-01 7.155739928429367680e-01 3.223337168179052914e-01 3.893475079337353484e-01 6.770429362899832437e-01 0.000000000000000000e+00 3.230149632600745613e-01 5.414362786160891172e-01 7.106523493047344209e-01 2.783422795054390497e-01 8.504391158720256416e-02 5.801298260169592824e-01 3.149242853035941758e-01 4.528493419913154905e-01 2.687551197304375861e-01 4.164825941860174630e-01 6.030108408269579945e-01 2.320097598098389002e-01 6.379069319975683161e-01 7.748311287480333931e-01 6.897641621183638883e-01 3.699537860917564425e-01 5.232004593589232311e-01 2.613626662296776870e-01 3.260564326504807320e-01 4.972689284581037206e-01 6.841357696568080016e-01 7.200271497921857389e-01 1.328547262248035432e-01 6.736591148333930246e-01 7.210589240059381844e-01
6.170884908396424562e-01 6.023378291531000794e-01 4.970139994861161870e-01 5.979542893526668124e-01 1.869136074659168978e-01 4.920317955240200436e-01 4.666230935852296313e-01 5.524194479614941145e-01 5.289989006177421293e-01 5.244492441169804620e-01 3.988162973196197059e-01 6.450499379497771635e-01 1.835121622769885774e-01 3.644038476767513801e-01 3.230149632600745613e-01 0.000000000000000000e+00 5.048292736040975726e-01 4.178872482177599101e-01 5.977362440693987367e-01 3.626746285221796873e-01 5.890111914873845667e-01 5.343971732577268430e-01 1.463796221385223473e-01 3.562787454351049043e-01 1.068663208267238429e-01 6.147320142391384801e-01 1.454169193118108050e-01 4.408048587470655977e-01 4.676168181689698833e-01 4.879847741946774509e-01 1.683395282097951418e-01 2.098878334820606095e-01 1.012560863753700496e-01 3.082332512733946817e-01 5.196402966619512176e-01 3.910780534563453315e-01 6.591867797565162945e-01 4.059536448585532309e-01 4.806328767882364073e-01 5.909205179440947253e-01
1.106254443053845016e+00 8.465443774432763746e-01 4.731251089035810597e-01 8.463072657269206100e-01 6.391561831970283825e-01 9.698904804897373610e-01 5.546808970028653529e-02 1.496863940520739011e-01 7.275088988683310331e-01 4.799337407799565691e-02 6.239515720627233364e-01 7.209324931371005052e-01 6.878069744900202620e-01 5.784455317327492629e-01 5.414362786160891172e-01 5.048292736040975726e-01 0.000000000000000000e+00 8.525798141580567258e-01 6.560942693636407919e-01 6.263948437214289511e-01 1.058661590439040623e+00 8.563582257707885725e-01 4.717461483745843953e-01 2.771559018932019947e-01 5.852814767622767089e-01 1.084104143698620515e+00 4.004272318115270068e-01 2.834050642730296943e-01 8.628570264334448625e-01 9.861036082018964644e-01 3.437954872340419632e-01 6.463067282847642092e-01 4.239177055719628440e-01 7.680334131344344062e-01 9.544711475671302514e-02 8.292915951986143952e-01 1.154959711768162922e+00 6.737346297215127677e-01 9.811342013343632429e-01 1.095634743703324476e+00
5.770325870119777933e-01 3.568861335474398655e-01 9.105862831438825689e-01 3.498436873764497190e-01 4.758329006971955821e-01 5.375432547829679386e-01 8.301952732662295498e-01 9.384581276924135462e-01 8.781931488344644210e-01 8.550348289376235034e-01 3.347312664782862712e-01 1.025133362568215301e+00 3.321249577125016117e-01 3.529852222348739410e-01 7.106523493047344209e-01 4.178872482177599101e-01 8.525798141580567258e-01 0.000000000000000000e+00 9.878487145204652986e-01 7.194757593593219536e-01 6.239008927541300764e-01 8.021894565584318793e-01 3.828470708918809140e-01 7.691043481572735763e-01 3.110215482253594899e-01 6.426301854405649383e-01 5.624637569493979861e-01 6.617506612480787975e-01 9.036415671127874527e-02 2.575056252239052434e-01 5.246761134074600097e-01 2.152342283047274929e-01 5.174094087390410657e-01 4.958906289700538705e-01 8.955865625823944409e-01 2.690904863240774908e-02 5.748551933734054042e-01 7.478311477634392856e-01 2.726127440440827554e-01 4.312979886933225315e-01
8.459217094291441308e-01 1.197037250878707937e+00 1.830850908326326076e-01 1.193050157932910915e+00 5.185732732290033731e-01 7.108830217535923035e-01 6.030215160033642885e-01 5.505600976143907310e-01 1.793304634622038818e-01 7.036507034611205746e-01 9.805028014856906893e-01 6.487225750107830646e-02 6.619098469980564392e-01 9.392858127072785113e-01 2.783422795054390497e-01 5.977362440693987367e-01 6.560942693636407919e-01 9.878487145204652986e-01 0.000000000000000000e+00 2.784875086049763415e-01 7.492121955263568722e-01 3.777350581605991575e-01 7.176464765468623108e-01 4.001561815524442567e-01 6.943065739858538254e-01 7.669209426897554138e-01 4.848594044702060346e-01 8.374674422230887760e-01 1.053126904049485502e+00 9.458284392916995742e-01 6.106425795496176478e-01 8.011396719529570998e-01 5.231079074055910993e-01 5.605074281697778327e-01 5.786849596796975748e-01 9.614792407017955789e-01 9.133854842751608638e-01 2.704220942328570687e-01 9.275818972332274814e-01 9.484031405711926821e-01
5.981131520158127213e-01 9.613555983704439312e-01 2.859055293726904812e-01 9.565922375572628589e-01 2.443491279938820870e-01 4.560429906948256784e-01 5.716368217004590413e-01 5.799305952881168569e-01 1.667287564957740387e-01 6.671753504368008736e-01 7.613006275233888953e-01 3.071730557078408697e-01 3.888387759798757060e-01 7.255822802966225282e-01 8.504391158720256416e-02 3.626746285221796873e-01 6.263948437214289511e-01 7.194757593593219536e-01 2.784875086049763415e-01 0.000000000000000000e+00 5.135918661099091453e-01 2.299897897467458596e-01 5.024813135280923326e-01 3.535822695927954284e-01 4.437028840307797872e-01 5.352601093047532066e-01 2.984459971571870041e-01 7.135002441738412804e-01 7.903942972907415099e-01 6.675674887836254845e-01 4.371689534620047946e-01 5.479415242580565337e-01 3.200264879045768285e-01 2.853459353501386353e-01 5.818324866728188383e-01 6.937021592476837473e-01 6.628289142728869265e-01 5.040628587523957732e-02 6.495706831636294254e-01 6.791609808116859659e-01
1.083839358777672485e-01 9.751098823460332410e-01 7.993959421747749428e-01 9.682982526459372741e-01 4.211954176940862493e-01 9.980693323289610563e-02 1.010200824657459195e+00 1.055874437048949677e+00 5.727224676726100361e-01 1.088500015728992132e+00 8.717876741566205068e-01 7.456894131959624916e-01 4.281448155528878030e-01 8.609077017560733402e-01 5.801298260169592824e-01 5.890111914873845667e-01 1.058661590439040623e+00 6.239008927541300764e-01 7.492121955263568722e-01 5.135918661099091453e-01 0.000000000000000000e+00 3.860096895440660592e-01 7.081767900032568397e-01 8.220120217222351977e-01 5.693523556542235964e-01 2.578225676439680272e-02 6.590234907457755975e-01 1.028931251796550317e+00 7.140942011289844737e-01 4.020643574820213506e-01 7.526721590408412821e-01 6.082726448005570941e-01 6.419647896486576633e-01 2.910231355546402110e-01 1.042744127894928097e+00 6.111568959924931210e-01 1.751558490962562553e-01 4.941043669038814867e-01 3.795523334865326115e-01 2.810969735391891100e-01
4.904255829038339232e-01 1.097330724652565204e+00 4.741774806921466023e-01 1.091686809170914652e+00 3.613347484620265115e-01 3.727117658603152361e-01 8.015399798541900100e-01 8.046044257210497319e-01 1.987048791839993722e-01 8.971258814317935038e-01 9.226455669351850686e-01 3.641912950498207846e-01 4.828074611536625760e-01 8.935177184387460558e-01 3.149242853035941758e-01 5.343971732577268430e-01 8.563582257707885725e-01 8.021894565584318793e-01 3.777350581605991575e-01 2.299897897467458596e-01 3.860096895440660592e-01 0.000000000000000000e+00 6.807743878775560642e-01 5.825418879957074969e-01 5.861476076171084904e-01 4.001210584987695551e-01 5.109684906634708312e-01 9.304404512937456406e-01 8.853666001118705164e-01 6.742243944365839958e-01 6.455254223467133956e-01 6.768634103544833858e-01 5.221048745951274439e-01 3.064351031759715571e-01 8.097756732358983855e-01 7.796630103643488185e-01 5.587230928061700519e-01 1.833791020692555063e-01 6.523775382712914128e-01 6.260209725764128708e-01
7.209477941703690274e-01 4.822763933835926831e-01 5.932793181388886783e-01 4.788285846674643631e-01 3.293989597208040188e-01 6.087986330988642836e-01 4.474379141465116838e-01 5.568103180911952998e-01 6.670517257074075612e-01 4.782139648795927234e-01 2.632971878643565189e-01 7.698638075675696690e-01 2.810952770097003284e-01 2.242362698120567155e-01 4.528493419913154905e-01 1.463796221385223473e-01 4.717461483745843953e-01 3.828470708918809140e-01 7.176464765468623108e-01 5.024813135280923326e-01 7.081767900032568397e-01 6.807743878775560642e-01 0.000000000000000000e+00 4.095584330497998304e-01 1.423967437973219230e-01 7.334517669355423708e-01 2.341158378264531770e-01 3.310194887522890927e-01 4.052580931116105956e-01 5.285909574102165553e-01 1.461152649728145736e-01 1.749444490166236765e-01 1.945711515916145606e-01 4.418692894442635133e-01 5.128915455505428378e-01 3.586913199201075542e-01 7.541288774073463541e-01 5.478716934531380200e-01 5.274987768493161200e-01 6.619448032696932938e-01
8.846981701677674170e-01 8.795109478930842606e-01 2.263971670763114397e-01 8.770387852469714307e-01 4.219141594190867761e-01 7.422515702911801627e-01 2.217020405443517750e-01 2.341820844731284101e-01 4.512686438468893613e-01 3.211841415595292903e-01 6.493822477119716163e-01 4.641849331609231855e-01 5.146453675752504786e-01 6.035299461880607730e-01 2.687551197304375861e-01 3.562787454351049043e-01 2.771559018932019947e-01 7.691043481572735763e-01 4.001561815524442567e-01 3.535822695927954284e-01 8.220120217222351977e-01 5.825418879957074969e-01 4.095584330497998304e-01 0.000000000000000000e+00 4.610383437969060028e-01 8.465300353143752066e-01 2.122030900609829240e-01 4.401939498937154083e-01 8.077394157803260422e-01 8.333289215355886848e-01 2.679952683485292697e-01 5.547506514770098596e-01 2.550603868000987928e-01 5.398222565697115005e-01 2.288344323726514418e-01 7.426914980772736374e-01 9.407636197903248565e-01 3.992150951545862525e-01 8.228432102844518425e-01 9.090985729849392349e-01
5.787736143994439697e-01 5.192141803842461600e-01 6.021595150691566589e-01 5.141887725089531180e-01 2.248321025954883590e-01 4.696239801278679904e-01 5.525058648148563067e-01 6.475208853419259780e-01 6.099437281868089755e-01 5.989025441293779339e-01 3.376129748165461741e-01 7.382274484071552623e-01 1.412341926337828679e-01 3.124756728449390453e-01 4.164825941860174630e-01 1.068663208267238429e-01 5.852814767622767089e-01 3.110215482253594899e-01 6.943065739858538254e-01 4.437028840307797872e-01 5.693523556542235964e-01 5.861476076171084904e-01 1.423967437973219230e-01 4.610383437969060028e-01 0.000000000000000000e+00 5.943539532243318213e-01 2.518256021406969913e-01 4.729063956923952317e-01 3.628320683341575981e-01 4.009869006754829823e-01 2.415428189854604557e-01 1.068700738859902355e-01 2.070465315041136733e-01 3.164913904911522691e-01 6.107654962786660535e-01 2.842123042820049461e-01 6.118161245854281116e-01 4.819124388534634096e-01 3.968998007804315775e-01 5.234038472836823885e-01
1.051577393161696322e-01 9.951224105433458256e-01 8.208314796594053941e-01 9.882766400422523523e-01 4.468683513853536349e-01 1.247411965609093037e-01 1.035527868243093952e+00 1.080485847682152833e+00 5.895884700920157595e-01 1.114071523992184787e+00 8.949007004610736171e-01 7.617300536833480074e-01 4.531906725879403797e-01 8.845835808198917460e-01 6.030108408269579945e-01 6.147320142391384801e-01 1.084104143698620515e+00 6.426301854405649383e-01 7.669209426897554138e-01 5.352601093047532066e-01 2.578225676439680272e-02 4.001210584987695551e-01 7.334517669355423708e-01 8.465300353143752066e-01 5.943539532243318213e-01 0.000000000000000000e+00 6.845820039297230153e-01 1.054571258268347744e+00 7.326460922616280236e-01 4.158486158707143665e-01 7.784528128240620903e-01 6.318862712063890719e-01 6.676864655320603470e-01 3.166347521614888971e-01 1.067718367708861971e+00 6.305471897868393238e-01 1.680695698648392022e-01 5.144309369435632329e-01 3.936423069031099176e-01 2.864230278761515924e-01
7.063413078202388506e-01 7.161629494154851949e-01 3.618762145705170519e-01 7.125922243366394904e-01 2.387362770990653638e-01 5.694701531104628955e-01 3.541555242159188377e-01 4.218622389776985337e-01 4.527542178836617692e-01 4.294968708861792162e-01 4.959212064687786858e-01 5.389985479833044879e-01 3.062223444963947938e-01 4.544267127712288690e-01 2.320097598098389002e-01 1.454169193118108050e-01 4.004272318115270068e-01 5.624637569493979861e-01 4.848594044702060346e-01 2.984459971571870041e-01 6.590234907457755975e-01 5.109684906634708312e-01 2.341158378264531770e-01 2.122030900609829240e-01 2.518256021406969913e-01 6.845820039297230153e-01 0.000000000000000000e+00 4.194719780942881560e-01 6.081989733815840182e-01 6.230733687178291458e-01 1.388713141570960818e-01 3.511337297122515966e-01 4.525683094246411853e-02 3.680535605778608721e-01 3.963249408951142194e-01 5.357431666962807482e-01 7.566338803668826163e-01 3.482028477612896245e-01 6.135084881580002980e-01 7.089279487103028465e-01
1.049372093654136640e+00 5.792462694677181778e-01 6.665403403054332987e-01 5.799814721612714941e-01 6.219681894929368626e-01 9.309443373160406487e-01 3.022336711500751005e-01 4.278064019692977005e-01 8.551048776190258716e-01 2.560480307697343139e-01 3.730553206642372999e-01 9.002999779967251204e-01 6.079408049187688956e-01 3.328754594432052349e-01 6.379069319975683161e-01 4.408048587470655977e-01 2.834050642730296943e-01 6.617506612480787975e-01 8.374674422230887760e-01 7.135002441738412804e-01 1.028931251796550317e+00 9.304404512937456406e-01 3.310194887522890927e-01 4.401939498937154083e-01 4.729063956923952317e-01 1.054571258268347744e+00 4.194719780942881560e-01 0.000000000000000000e+00 6.482023107166285936e-01 8.507905855243570459e-01 2.886383489230906485e-01 4.884535765252577266e-01 4.125860634237334956e-01 7.482008844005417769e-01 3.716206611531645554e-01 6.432265819395250883e-01 1.084580355270782670e+00 7.638649826713045377e-01 8.521177224510394499e-01 9.917318359015749873e-01
6.653564897064699890e-01 2.715134115074191445e-01 9.645604708249968517e-01 2.643950482468380159e-01 5.493061141719459695e-01 6.278909534518598567e-01 8.459423998485952056e-01 9.603838611141437553e-01 9.520959255841117130e-01 8.602741921197650798e-01 2.931602207785434233e-01 1.093454086489660027e+00 4.083250451537896453e-01 3.217225503519183794e-01 7.748311287480333931e-01 4.676168181689698833e-01 8.628570264334448625e-01 9.036415671127874527e-02 1.053126904049485502e+00 7.903942972907415099e-01 7.140942011289844737e-01 8.853666001118705164e-01 4.052580931116105956e-01 8.077394157803260422e-01 3.628320683341575981e-01 7.326460922616280236e-01 6.081989733815840182e-01 6.482023107166285936e-01 0.000000000000000000e+00 3.401682902932156027e-01 5.511643507671667441e-01 2.577791320880289949e-01 5.629864987453938596e-01 5.799311461266034584e-01 9.142593191618494375e-01 1.074610469734246093e-01 6.605350345882263774e-01 8.216105564397778727e-01 3.571392902217177534e-01 5.137324976334870508e-01
3.340018908458545210e-01 6.116293539882426966e-01 9.163957929769640520e-01 6.045181435652355884e-01 4.405541589963140048e-01 3.356200392643411967e-01 9.519319296791139973e-01 1.040228223068563551e+00 8.013250747167154353e-01 9.996921388521543550e-01 5.750848644117230180e-01 9.683197558809624184e-01 3.192162503020921638e-01 5.827984161270565178e-01 6.897641621183638883e-01 4.879847741946774509e-01 9.861036082018964644e-01 2.575056252239052434e-01 9.458284392916995742e-01 6.675674887836254845e-01 4.020643574820213506e-01 6.742243944365839958e-01 5.285909574102165553e-01 8.333289215355886848e-01 4.009869006754829823e-01 4.158486158707143665e-01 6.230733687178291458e-01 8.507905855243570459e-01 3.401682902932156027e-01 0.000000000000000000e+00 6.423112617662436463e-01 3.623790892983086986e-01 5.841531719155500513e-01 3.892847303213065602e-01 1.007331041568908070e+00 2.563184775668358450e-01 3.215249839977577517e-01 6.795156541297663333e-01 2.305867819517478517e-02 1.739045764651427350e-01
7.848455318020700622e-01 6.124985497975480309e-01 4.677627866759991870e-01 6.098291606498894568e-01 3.368255386302163035e-01 6.572329172192686864e-01 3.117888688245821216e-01 4.139633526749645909e-01 5.909103967399310653e-01 3.591565482966519451e-01 3.837436373221833064e-01 6.679771545452005688e-01 3.508206084327336050e-01 3.388415019493757896e-01 3.699537860917564425e-01 1.683395282097951418e-01 3.437954872340419632e-01 5.246761134074600097e-01 6.106425795496176478e-01 4.371689534620047946e-01 7.526721590408412821e-01 6.455254223467133956e-01 1.461152649728145736e-01 2.679952683485292697e-01 2.415428189854604557e-01 7.784528128240620903e-01 1.388713141570960818e-01 2.886383489230906485e-01 5.511643507671667441e-01 6.423112617662436463e-01 0.000000000000000000e+00 3.111316070900488895e-01 1.242804437514456045e-01 4.657236628960915725e-01 3.729678266902425321e-01 4.996036617770310828e-01 8.275203112062564648e-01 4.867487436905058029e-01 6.375223024701729413e-01 7.562836327785686930e-01
5.987847453534336228e-01 4.209657395285595904e-01 7.068971864366319080e-01 4.155085274213202728e-01 3.190863163947550429e-01 5.095237781619567086e-01 6.202058947884313556e-01 7.250300128950720735e-01 7.134618611274760047e-01 6.531257177579020690e-01 2.654604156989956443e-01 8.446768504016624046e-01 2.009757014053418500e-01 2.527116209101010202e-01 5.232004593589232311e-01 2.098878334820606095e-01 6.463067282847642092e-01 2.152342283047274929e-01 8.011396719529570998e-01 5.479415242580565337e-01 6.082726448005570941e-01 6.768634103544833858e-01 1.749444490166236765e-01 5.547506514770098596e-01 1.068700738859902355e-01 6.318862712063890719e-01 3.511337297122515966e-01 4.884535765252577266e-01 2.577791320880289949e-01 3.623790892983086986e-01 3.111316070900488895e-01 0.000000000000000000e+00 3.058769308275623988e-01 3.889956528957751458e-01 6.836745449161915067e-01 1.894018956817961341e-01 6.208446851511629783e-01 5.843626491165334613e-01 3.643887654224290396e-01 5.100997630185368781e-01
6.833171199829525255e-01 6.751378797567061385e-01 4.057452173279225693e-01 6.713999911903444362e-01 2.211507845355645541e-01 5.496053330423288363e-01 3.808206840976153251e-01 4.571288340563992025e-01 4.798886406876273214e-01 4.492979816335361809e-01 4.577168577766079771e-01 5.754629248804559172e-01 2.702432646681363071e-01 4.174940610756858184e-01 2.613626662296776870e-01 1.012560863753700496e-01 4.239177055719628440e-01 5.174094087390410657e-01 5.231079074055910993e-01 3.200264879045768285e-01 6.419647896486576633e-01 5.221048745951274439e-01 1.945711515916145606e-01 2.550603868000987928e-01 2.070465315041136733e-01 6.676864655320603470e-01 4.525683094246411853e-02 4.125860634237334956e-01 5.629864987453938596e-01 5.841531719155500513e-01 1.242804437514456045e-01 3.058769308275623988e-01 0.000000000000000000e+00 3.516108138200209066e-01 4.280871679285700449e-01 4.907164618580595050e-01 7.310827942962907500e-01 3.684502356484568031e-01 5.754290108861589426e-01 6.763490523137635213e-01
3.448827605509595107e-01 8.027628174812376782e-01 5.573029759571244135e-01 7.967512747539841067e-01 1.304709293244722956e-01 2.033205539995309730e-01 7.201915508110980912e-01 7.717531067986505011e-01 4.120980425757671539e-01 7.974942571986627371e-01 6.495009724780942406e-01 5.797269111310185963e-01 1.880745487756558254e-01 6.279166126087721844e-01 3.260564326504807320e-01 3.082332512733946817e-01 7.680334131344344062e-01 4.958906289700538705e-01 5.605074281697778327e-01 2.853459353501386353e-01 2.910231355546402110e-01 3.064351031759715571e-01 4.418692894442635133e-01 5.398222565697115005e-01 3.164913904911522691e-01 3.166347521614888971e-01 3.680535605778608721e-01 7.482008844005417769e-01 5.799311461266034584e-01 3.892847303213065602e-01 4.657236628960915725e-01 3.889956528957751458e-01 3.516108138200209066e-01 0.000000000000000000e+00 7.553298714832489269e-01 4.736741821612475145e-01 4.019368011850014133e-01 2.914193808437322009e-01 3.697052904476808011e-01 3.957612908233005267e-01
1.098714395461549476e+00 9.198985313242649120e-01 3.960884766110872035e-01 9.191664532539250976e-01 6.304182512688735196e-01 9.586412482395622048e-01 7.284151881071981860e-02 5.618695634230327918e-02 6.660334518494811507e-01 1.403500989341949778e-01 6.928459725340061492e-01 6.431047608951537820e-01 6.980939278858367958e-01 6.464063515972899854e-01 4.972689284581037206e-01 5.196402966619512176e-01 9.544711475671302514e-02 8.955865625823944409e-01 5.786849596796975748e-01 5.818324866728188383e-01 1.042744127894928097e+00 8.097756732358983855e-01 5.128915455505428378e-01 2.288344323726514418e-01 6.107654962786660535e-01 1.067718367708861971e+00 3.963249408951142194e-01 3.716206611531645554e-01 9.142593191618494375e-01 1.007331041568908070e+00 3.729678266902425321e-01 6.836745449161915067e-01 4.280871679285700449e-01 7.553298714832489269e-01 0.000000000000000000e+00 8.710768774613738552e-01 1.151292084673293248e+00 6.264419566923171701e-01 1.000271887688685801e+00 1.104269331074698268e+00
5.683831669959634736e-01 3.654583225746342867e-01 8.836843341064648527e-01 3.585142993346332463e-01 4.503501772954547344e-01 5.228465006102923640e-01 8.061286076733982231e-01 9.135194180622333571e-01 8.529688377672972610e-01 8.325507940249907701e-01 3.254451612339245292e-01 9.990872925439774344e-01 3.070428211661003215e-01 3.405119360977355569e-01 6.841357696568080016e-01 3.910780534563453315e-01 8.292915951986143952e-01 2.690904863240774908e-02 9.614792407017955789e-01 6.937021592476837473e-01 6.111568959924931210e-01 7.796630103643488185e-01 3.586913199201075542e-01 7.426914980772736374e-01 2.842123042820049461e-01 6.305471897868393238e-01 5.357431666962807482e-01 6.432265819395250883e-01 1.074610469734246093e-01 2.563184775668358450e-01 4.996036617770310828e-01 1.894018956817961341e-01 4.907164618580595050e-01 4.736741821612475145e-01 8.710768774613738552e-01 0.000000000000000000e+00 5.693037302159621449e-01 7.225455923713784978e-01 2.695790324280799011e-01 4.290395833627317912e-01
6.832996417095045516e-02 9.313719649558879210e-01 9.471975255629512258e-01 9.242926346059651133e-01 5.211372267659439839e-01 2.068804692553039004e-01 1.110540046602316089e+00 1.170983135802326602e+00 7.398775192033566483e-01 1.179578654247403824e+00 8.691806813609751492e-01 9.141443466160695808e-01 4.790234477790367151e-01 8.676847221209262884e-01 7.200271497921857389e-01 6.591867797565162945e-01 1.154959711768162922e+00 5.748551933734054042e-01 9.133854842751608638e-01 6.628289142728869265e-01 1.751558490962562553e-01 5.587230928061700519e-01 7.541288774073463541e-01 9.407636197903248565e-01 6.118161245854281116e-01 1.680695698648392022e-01 7.566338803668826163e-01 1.084580355270782670e+00 6.605350345882263774e-01 3.215249839977577517e-01 8.275203112062564648e-01 6.208446851511629783e-01 7.310827942962907500e-01 4.019368011850014133e-01 1.151292084673293248e+00 5.693037302159621449e-01 0.000000000000000000e+00 6.504411026985941202e-01 3.034588319541578483e-01 1.546548934178595680e-01
5.842112698441410679e-01 1.000893900312993301e+00 3.094456027556207189e-01 9.959628042404479187e-01 2.724097588998297681e-01 4.450588089032707084e-01 6.187478482461843399e-01 6.221624482766499042e-01 1.305008468509779862e-01 7.151236006431388459e-01 8.047185981553176548e-01 2.888326160352512328e-01 4.157544741903796415e-01 7.700005796565588811e-01 1.328547262248035432e-01 4.059536448585532309e-01 6.737346297215127677e-01 7.478311477634392856e-01 2.704220942328570687e-01 5.040628587523957732e-02 4.941043669038814867e-01 1.833791020692555063e-01 5.478716934531380200e-01 3.992150951545862525e-01 4.819124388534634096e-01 5.144309369435632329e-01 3.482028477612896245e-01 7.638649826713045377e-01 8.216105564397778727e-01 6.795156541297663333e-01 4.867487436905058029e-01 5.843626491165334613e-01 3.684502356484568031e-01 2.914193808437322009e-01 6.264419566923171701e-01 7.225455923713784978e-01 6.504411026985941202e-01 0.000000000000000000e+00 6.605032603425161630e-01 6.782285334497749618e-01
3.133204552761166828e-01 6.282626172497534078e-01 9.012519183237589493e-01 6.211680930035196058e-01 4.253571585434782754e-01 3.125623186021335709e-01 9.459587599562374605e-01 1.032188559730301769e+00 7.814965150657409154e-01 9.957704081453212508e-01 5.845610418287205956e-01 9.492038492443429787e-01 3.082055439162415533e-01 5.905741584827999269e-01 6.736591148333930246e-01 4.806328767882364073e-01 9.811342013343632429e-01 2.726127440440827554e-01 9.275818972332274814e-01 6.495706831636294254e-01 3.795523334865326115e-01 6.523775382712914128e-01 5.274987768493161200e-01 8.228432102844518425e-01 3.968998007804315775e-01 3.936423069031099176e-01 6.135084881580002980e-01 8.521177224510394499e-01 3.571392902217177534e-01 2.305867819517478517e-02 6.375223024701729413e-01 3.643887654224290396e-01 5.754290108861589426e-01 3.697052904476808011e-01 1.000271887688685801e+00 2.695790324280799011e-01 3.034588319541578483e-01 6.605032603425161630e-01 0.000000000000000000e+00 1.595020191960778988e-01
