0.000000000000000000e+00 4.239073298729244543e-01 4.259055104159416016e-01 2.771557013100952038e-01 5.802759655730381771e-01 4.570992043033505481e-01 6.934323439467097172e-01 4.121339605942812012e-01 8.607469263503669810e-01 4.434029743816035318e-01 3.726895368636845562e-01 2.218239296282124851e-01 4.291266212491054999e-01 2.049619640282603628e-01 4.205970986608950635e-01 6.055254723080564228e-01 5.906911975445859886e-01 3.793188355571486814e-01 2.979142813209910701e-01 3.535323651568258452e-01 4.307805422748518520e-01 6.994191941974403637e-02 6.064826488607231170e-01 9.402260021585510941e-02 2.329433175867269279e-01 3.395453522803561497e-01 7.141258184029849465e-01 4.194948960440932351e-01 6.863952714328235283e-01 2.135128308777469452e-01 5.145298216306198880e-01 2.633031619827685410e-01 3.478191585572020239e-01 2.306977066308162627e-01 3.763009595293904663e-01 4.989051536229171524e-01 5.070594346884244041e-01 2.091041594522262403e-01 8.052211072549136928e-01 1.952638324946868453e-01
4.239073298729244543e-01 0.000000000000000000e+00 8.494440067491348945e-01 2.104831039465437648e-01 9.891636789398293717e-01 2.566080689911213186e-01 1.062704876523163477e+00 7.438865854986341786e-01 1.193248328850510909e+00 3.364997034391983277e-01 7.121590464405335164e-01 2.873788194448123612e-01 2.371193480183994562e-01 4.285688181269083352e-01 7.904498611044361578e-01 8.530174451934586788e-01 9.705822032154464152e-01 2.875360747715638987e-01 1.390987951730935368e-01 7.510596565257504631e-01 7.597791673242744459e-02 4.046453916868796297e-01 5.952990922372862759e-01 5.070106828316046643e-01 4.654301108432931655e-01 7.468917037734612574e-01 8.499207265682503509e-01 2.369769220954878186e-01 9.660661515971304958e-01 2.242432291902848873e-01 7.553298696153530889e-01 6.851657321643059850e-01 1.274783891678634984e-01 5.933398075429617835e-01 5.344223358862478790e-01 3.392066884516871106e-01 8.884554723349908922e-01 3.960453994882007778e-01 1.127559591989401255e+00 2.456836615157397263e-01
4.259055104159416016e-01 8.494440067491348945e-01 0.000000000000000000e+00 6.819678658500601953e-01 2.114625049753011410e-01 8.374925760984622825e-01 4.135989374182490463e-01 3.606048764984506327e-01 6.214965029802340668e-01 7.911795432116225379e-01 3.408164331999662400e-01 6.085732579543954301e-01 8.139939897034601524e-01 5.211393356652482822e-01 3.212373539201412997e-01 5.812213187729619035e-01 3.145530777981613291e-01 7.445072664435546939e-01 7.193884852611788228e-01 1.931776917853514630e-01 8.551860419974025573e-01 4.587867847653694375e-01 8.454177217621134943e-01 3.451087210949887463e-01 5.144755334503086086e-01 1.615623771232015671e-01 7.891828490797723195e-01 8.040077452724545548e-01 5.823585475809048839e-01 6.322688954692977648e-01 5.431086932392790168e-01 1.659985851749525287e-01 7.635685169444829112e-01 3.525739978161795962e-01 5.831274397194965431e-01 8.532155333465567537e-01 3.153848785452971204e-01 5.311925687298639787e-01 5.953393437331748750e-01 6.119090338151296216e-01
2.771557013100952038e-01 2.104831039465437648e-01 6.819678658500601953e-01 0.000000000000000000e+00 7.993106321202185782e-01 1.869508274306071749e-01 8.572446242923006388e-01 5.360355060834869345e-01 9.831016874489209023e-01 2.066266119932503031e-01 5.058460877159087765e-01 8.034031363710861240e-02 1.574438171457118729e-01 3.794332511688935372e-01 6.914183459238534279e-01 6.447240272127120475e-01 7.684314160894558654e-01 1.365317742769324716e-01 8.222856067417179393e-02 5.592993382524255042e-01 2.611556715712626264e-01 2.915133640625956479e-01 4.436294201285752026e-01 3.386444220544858608e-01 4.196131516261632499e-01 5.606810458639452932e-01 6.605761808569222682e-01 1.486432077647710515e-01 7.562291765448115877e-01 7.794324980837252781e-02 5.465892530364830915e-01 5.161309877558752923e-01 8.941302108913816438e-02 4.938939329645775644e-01 3.291426106551250119e-01 2.467356613242224495e-01 7.817655245917290996e-01 1.873564762445125986e-01 9.171698567556657578e-01 8.729589492356867875e-02
5.802759655730381771e-01 9.891636789398293717e-01 2.114625049753011410e-01 7.993106321202185782e-01 0.000000000000000000e+00 9.272446508730433079e-01 2.192545587899913939e-01 3.333099628926615154e-01 4.267624856803211575e-01 8.632763256717718159e-01 3.375946852249403496e-01 7.200457733428318186e-01 9.082913483224169804e-01 7.122916647290454817e-01 5.285045701835995313e-01 4.944438229341168722e-01 1.457820341030832967e-01 8.307341680366079339e-01 8.521026983784766307e-01 2.400219792187256174e-01 1.007343452115691651e+00 6.281094824224678907e-01 8.536668873743824548e-01 4.881773279432005674e-01 7.111813666839054138e-01 2.426859553397251457e-01 7.213713975011140089e-01 8.986434624666279625e-01 4.533156139078100000e-01 7.651891033412060450e-01 4.929439268981098410e-01 3.257044950479349166e-01 8.869829619866352877e-01 5.565353452394297129e-01 6.124758973913889681e-01 9.247718773737911846e-01 5.062493880742893193e-01 6.235065859016657441e-01 4.135975004850947490e-01 7.438097114731460069e-01
4.570992043033505481e-01 2.566080689911213186e-01 8.374925760984622825e-01 1.869508274306071749e-01 9.272446508730433079e-01 0.000000000000000000e+00 9.482314835506830963e-01 6.264960671203866349e-01 1.042347106403568979e+00 9.502940999068110184e-02 6.049149620352303192e-01 2.371259272089033254e-01 2.979727223940672326e-02 5.638822729739442208e-01 8.757583675116540345e-01 6.721728985031522052e-01 8.720731163464452429e-01 9.659937733210399724e-02 2.214739912835350655e-01 6.908795007228129004e-01 3.317647325323640484e-01 4.777318800057658854e-01 3.448809630022673933e-01 5.049935339925234468e-01 6.041722104362418078e-01 7.002012384092217712e-01 6.225183126279297818e-01 3.832435912915570925e-02 7.938229013202426909e-01 2.640619446648284629e-01 5.811481277204215701e-01 6.746767869636624004e-01 1.673608701634727580e-01 6.795013208110581848e-01 3.595965166502783639e-01 8.264071172426895595e-02 9.640960058144611988e-01 3.079452280595975644e-01 9.724681108440480504e-01 2.741379419011723551e-01
6.934323439467097172e-01 1.062704876523163477e+00 4.135989374182490463e-01 8.572446242923006388e-01 2.192545587899913939e-01 9.482314835506830963e-01 0.000000000000000000e+00 3.235565578449635105e-01 2.088669461142746431e-01 8.692109480792982179e-01 3.514291418546728885e-01 7.773538304019276257e-01 9.351523718932382989e-01 8.601418686335037256e-01 7.347467485127107123e-01 3.700412438640277024e-01 1.072597566748272335e-01 8.536200261900650510e-01 9.237530442243094830e-01 3.453156570744967402e-01 1.094958671294879782e+00 7.534818160602588799e-01 7.938528720911383063e-01 6.000849186640957456e-01 8.671330162123577212e-01 3.706870513924661048e-01 5.927923264000865000e-01 9.263914013305858397e-01 2.851626818955039777e-01 8.420279465197371138e-01 4.109679267785259493e-01 4.773075338595204054e-01 9.465650864876846704e-01 7.292425043105671412e-01 5.967079999398189338e-01 9.265480461070425555e-01 7.217562390662948246e-01 6.702349004638181729e-01 1.962148030383093489e-01 8.209362386340881557e-01
4.121339605942812012e-01 7.438865854986341786e-01 3.606048764984506327e-01 5.360355060834869345e-01 3.333099628926615154e-01 6.264960671203866349e-01 3.235565578449635105e-01 0.000000000000000000e+00 4.560879683495632775e-01 5.509892914044423051e-01 3.998543952913081317e-02 4.568732400977123520e-01 6.124206396276314912e-01 6.060784548014022111e-01 6.166174833531543609e-01 2.332802205181826738e-01 2.472287465024969044e-01 5.311470017695892887e-01 6.057278910033140340e-01 1.707449270037688926e-01 7.811322244911022006e-01 4.800080044222174713e-01 5.204716436674688973e-01 3.281318048005678611e-01 6.239425073869554472e-01 2.083064695425103086e-01 4.288022712685249926e-01 6.035222000387455710e-01 2.811101469674203712e-01 5.273799137558241590e-01 1.825120320868859336e-01 2.937923434764324604e-01 6.250245892475226883e-01 5.272681658912932168e-01 2.852047608911720267e-01 6.102253930909637969e-01 6.490765343983203595e-01 3.486809002547875402e-01 3.960501034444541824e-01 5.068844859085355203e-01
8.607469263503669810e-01 1.193248328850510909e+00 6.214965029802340668e-01 9.831016874489209023e-01 4.267624856803211575e-01 1.042347106403568979e+00 2.088669461142746431e-01 4.560879683495632775e-01 0.000000000000000000e+00 9.544674049610030186e-01 4.928754488716483584e-01 9.062248621139893379e-01 1.034487178344250191e+00 1.041860889394303324e+00 9.421983538970472027e-01 3.839995056165554921e-01 3.087070799459826209e-01 9.533319676443731128e-01 1.056913636440252935e+00 5.308830348649110631e-01 1.234737144551015131e+00 9.255265451605055871e-01 8.236822142211310815e-01 7.706380389384618335e-01 1.052947337605875111e+00 5.617081010772083660e-01 5.622464408010808823e-01 1.026777169287211633e+00 2.614781085211855260e-01 9.815580700457078311e-01 4.636945640374272037e-01 6.705739547813311940e-01 1.070360912115599916e+00 9.248657901416723615e-01 6.828615776767600343e-01 1.005675687352393100e+00 9.306213729442122107e-01 7.976374535416317357e-01 7.155390764953319105e-02 9.614459443191902821e-01
4.434029743816035318e-01 3.364997034391983277e-01 7.911795432116225379e-01 2.066266119932503031e-01 8.632763256717718159e-01 9.502940999068110184e-02 8.692109480792982179e-01 5.509892914044423051e-01 9.544674049610030186e-01 0.000000000000000000e+00 5.330132038323303068e-01 2.245612723996138482e-01 1.021674676886503291e-01 5.809171770856427219e-01 8.633732311495316836e-01 5.805899651815659146e-01 7.980928618176682532e-01 7.048478366713101240e-02 2.680040815289856382e-01 6.318878296887937562e-01 4.088549328972485020e-01 4.771920976079757071e-01 2.588287943774102429e-01 4.745207977472198357e-01 6.206248287921803941e-01 6.454528768417463480e-01 5.280038772456726592e-01 1.002190727964613060e-01 7.030825757399871145e-01 2.819708640510694142e-01 4.915355355453139286e-01 6.331817858562860390e-01 2.263230722852477284e-01 6.730050261550908353e-01 2.742258932890755951e-01 6.222962471664876538e-02 9.463544994491398521e-01 2.623603024441105713e-01 8.840677287492851866e-01 2.851208314822485934e-01
3.726895368636845562e-01 7.121590464405335164e-01 3.408164331999662400e-01 5.058460877159087765e-01 3.375946852249403496e-01 6.049149620352303192e-01 3.514291418546728885e-01 3.998543952913081317e-02 4.928754488716483584e-01 5.330132038323303068e-01 0.000000000000000000e+00 4.260598873396440056e-01 5.894275411900848916e-01 5.661051301580407591e-01 5.838102135382338131e-01 2.676165591938809429e-01 2.674134957848636751e-01 5.088175290737753098e-01 5.735015500160065560e-01 1.478114888542856886e-01 7.473547072508115452e-01 4.403287514275497916e-01 5.214358121927332723e-01 2.881857917406631109e-01 5.839831559361906566e-01 1.829483109025114851e-01 4.530336673195767827e-01 5.802933989235984358e-01 3.207999324673911912e-01 4.936115454953747816e-01 2.070908577124754568e-01 2.601479772866979179e-01 5.951447796863805761e-01 4.889136637833671473e-01 2.749243818376574389e-01 5.933326860213280485e-01 6.201332016558779303e-01 3.188146042256528867e-01 4.340964417455310254e-01 4.728667814090345978e-01
2.218239296282124851e-01 2.873788194448123612e-01 6.085732579543954301e-01 8.034031363710861240e-02 7.200457733428318186e-01 2.371259272089033254e-01 7.773538304019276257e-01 4.568732400977123520e-01 9.062248621139893379e-01 2.245612723996138482e-01 4.260598873396440056e-01 0.000000000000000000e+00 2.103697413469386990e-01 3.625914679072376190e-01 6.423039415570815924e-01 5.759932071798310460e-01 6.881229536413413506e-01 1.580299079282973251e-01 1.510611502697228881e-01 4.800396214627773994e-01 3.310534275772570867e-01 2.527017040843856921e-01 4.263030683169909962e-01 2.693555041997306443e-01 4.013567169178394733e-01 4.826245787944664078e-01 6.113412213373552451e-01 2.004844992291936467e-01 6.841531066386767890e-01 9.126276469919636369e-02 4.774809346410481270e-01 4.434797629184409340e-01 1.696940291673876000e-01 4.493609994515055939e-01 2.684245780649153201e-01 2.777184329599282075e-01 7.285046831495948227e-01 1.086798880037315035e-01 8.410663438269054826e-01 8.017950097437516466e-02
4.291266212491054999e-01 2.371193480183994562e-01 8.139939897034601524e-01 1.574438171457118729e-01 9.082913483224169804e-01 2.979727223940672326e-02 9.351523718932382989e-01 6.124206396276314912e-01 1.034487178344250191e+00 1.021674676886503291e-01 5.894275411900848916e-01 2.103697413469386990e-01 0.000000000000000000e+00 5.340855591973192595e-01 8.471328975072809353e-01 6.681124871806896071e-01 8.568321214508255457e-01 8.175587878770672334e-02 1.926669966677525547e-01 6.708328403745026369e-01 3.111737818264235234e-01 4.485502986432527428e-01 3.592921938530767023e-01 4.791931612975849908e-01 5.743753451408868393e-01 6.789665246814163835e-01 6.287630120537250900e-01 9.995354578518153219e-03 7.886980958174215628e-01 2.343641486195349177e-01 5.754096988043929661e-01 6.504454417489908824e-01 1.399982594322338458e-01 6.505263354816284149e-01 3.519188740377266478e-01 1.059768529249522084e-01 9.359400563075488400e-01 2.865062620677127359e-01 9.650789822969190190e-01 2.447027461194013764e-01
2.049619640282603628e-01 4.285688181269083352e-01 5.211393356652482822e-01 3.794332511688935372e-01 7.122916647290454817e-01 5.638822729739442208e-01 8.601418686335037256e-01 6.060784548014022111e-01 1.041860889394303324e+00 5.809171770856427219e-01 5.661051301580407591e-01 3.625914679072376190e-01 5.340855591973192595e-01 0.000000000000000000e+00 3.693714919664474738e-01 8.089829491428971453e-01 7.536722078293394134e-01 5.107899845545801343e-01 3.522719209008713936e-01 5.150602640974509816e-01 3.989298564492373966e-01 1.360351099386409857e-01 7.837155944498278570e-01 2.780603234449917083e-01 4.029308383932546367e-02 4.903994243322813973e-01 9.168788553657227780e-01 5.260856933377453526e-01 8.849182840673783801e-01 3.015230765459710471e-01 7.191061285973335826e-01 3.889893131560867579e-01 4.118417849598655089e-01 1.861614769666695146e-01 5.739369770907424284e-01 6.258388662336473729e-01 4.694345107543160811e-01 3.952294558476635022e-01 9.910782036015136631e-01 2.959367770100992945e-01
4.205970986608950635e-01 7.904498611044361578e-01 3.212373539201412997e-01 6.914183459238534279e-01 5.285045701835995313e-01 8.757583675116540345e-01 7.347467485127107123e-01 6.166174833531543609e-01 9.421983538970472027e-01 8.633732311495316836e-01 5.838102135382338131e-01 6.423039415570815924e-01 8.471328975072809353e-01 3.693714919664474738e-01 0.000000000000000000e+00 8.498903767974502754e-01 6.341051205673899904e-01 7.999137886643027384e-01 6.919919971162634686e-01 4.543880229824273642e-01 7.672317803992005913e-01 4.013229020228242239e-01 1.000216456022096967e+00 4.015422069030807339e-01 3.398118763471242865e-01 4.156492528790330376e-01 1.028476514030204125e+00 8.377325221378776332e-01 8.774514392379947347e-01 6.191584651345253265e-01 7.877773857904778465e-01 3.237275008818924493e-01 7.490277139396381845e-01 1.994814533934513856e-01 7.432541369008749399e-01 9.194716726635847603e-01 1.003188489668005445e-01 6.146032326949776303e-01 9.131744113590686274e-01 6.049397434495786818e-01
6.055254723080564228e-01 8.530174451934586788e-01 5.812213187729619035e-01 6.447240272127120475e-01 4.944438229341168722e-01 6.721728985031522052e-01 3.700412438640277024e-01 2.332802205181826738e-01 3.839995056165554921e-01 5.805899651815659146e-01 2.676165591938809429e-01 5.759932071798310460e-01 6.681124871806896071e-01 8.089829491428971453e-01 8.498903767974502754e-01 0.000000000000000000e+00 3.596189871766832802e-01 5.893578459931237967e-01 7.247540929458389236e-01 4.001681313391521333e-01 9.053452743412169212e-01 6.754673136458639870e-01 4.416493835116856448e-01 5.352617964786929861e-01 8.322148753999893955e-01 4.387620693104769543e-01 2.284686148735219913e-01 6.613721711304920703e-01 1.239701244189156809e-01 6.623097580442425247e-01 9.852306172643729432e-02 5.269261737313866156e-01 7.259934055861267943e-01 7.530581853546323146e-01 3.202837633084960611e-01 6.279356665075095378e-01 8.801761681300516171e-01 4.736870464909990197e-01 3.124469314246993701e-01 6.449260670702211540e-01
5.906911975445859886e-01 9.705822032154464152e-01 3.145530777981613291e-01 7.684314160894558654e-01 1.457820341030832967e-01 8.720731163464452429e-01 1.072597566748272335e-01 2.472287465024969044e-01 3.087070799459826209e-01 7.980928618176682532e-01 2.674134957848636751e-01 6.881229536413413506e-01 8.568321214508255457e-01 7.536722078293394134e-01 6.341051205673899904e-01 3.596189871766832802e-01 0.000000000000000000e+00 7.761251748787219018e-01 8.314936653332231087e-01 2.396197769907910946e-01 9.993393799827412494e-01 6.491908765752801846e-01 7.510971642405758208e-01 4.968930227482979967e-01 7.601535676916868489e-01 2.636966131023769644e-01 5.880820832188098368e-01 8.477061221779382816e-01 3.082541095534268027e-01 7.479327093781413804e-01 3.744360411606814099e-01 3.700502899489179209e-01 8.578167446458965228e-01 6.221638683439070228e-01 5.312763284060830760e-01 8.574515595143269442e-01 6.276560209250616751e-01 5.830955587890336300e-01 2.811945084669842387e-01 7.266324468314963037e-01
3.793188355571486814e-01 2.875360747715638987e-01 7.445072664435546939e-01 1.365317742769324716e-01 8.307341680366079339e-01 9.659937733210399724e-02 8.536200261900650510e-01 5.311470017695892887e-01 9.533319676443731128e-01 7.048478366713101240e-02 5.088175290737753098e-01 1.580299079282973251e-01 8.175587878770672334e-02 5.107899845545801343e-01 7.999137886643027384e-01 5.893578459931237967e-01 7.761251748787219018e-01 0.000000000000000000e+00 2.022730039635077248e-01 5.947627463766085310e-01 3.559034523431295893e-01 4.095163586775933395e-01 3.158535240061979832e-01 4.177429495030702822e-01 5.505850817871597025e-01 6.048098870541622762e-01 5.633813025625085125e-01 7.354081550270828715e-02 7.090433615254035926e-01 2.114864370669493343e-01 4.955694558272291106e-01 5.831359796637629600e-01 1.675209659996507450e-01 6.073811487251766783e-01 2.713495901242932162e-01 1.196951784714484907e-01 8.849474180814242974e-01 2.135099066012656754e-01 8.841213492463755319e-01 2.148789992265006943e-01
2.979142813209910701e-01 1.390987951730935368e-01 7.193884852611788228e-01 8.222856067417179393e-02 8.521026983784766307e-01 2.214739912835350655e-01 9.237530442243094830e-01 6.057278910033140340e-01 1.056913636440252935e+00 2.680040815289856382e-01 5.735015500160065560e-01 1.510611502697228881e-01 1.926669966677525547e-01 3.522719209008713936e-01 6.919919971162634686e-01 7.247540929458389236e-01 8.314936653332231087e-01 2.022730039635077248e-01 0.000000000000000000e+00 6.132662265154941172e-01 1.806517294386728312e-01 2.926443278390890579e-01 5.170607451716677794e-01 3.746404411424013592e-01 3.922414970878988494e-01 6.104107922563456468e-01 7.424013974410824668e-01 1.866878186970641895e-01 8.345997573148574711e-01 8.756736354245160669e-02 6.263979733000414329e-01 5.538621680583102336e-01 5.957257296637472749e-02 4.925105950044617598e-01 4.108392329741717419e-01 2.955652341869056676e-01 7.866346896871784233e-01 2.593264167761895056e-01 9.920146496445776396e-01 1.086468993665929139e-01
3.535323651568258452e-01 7.510596565257504631e-01 1.931776917853514630e-01 5.592993382524255042e-01 2.400219792187256174e-01 6.908795007228129004e-01 3.453156570744967402e-01 1.707449270037688926e-01 5.308830348649110631e-01 6.318878296887937562e-01 1.478114888542856886e-01 4.800396214627773994e-01 6.708328403745026369e-01 5.150602640974509816e-01 4.543880229824273642e-01 4.001681313391521333e-01 2.396197769907910946e-01 5.947627463766085310e-01 6.132662265154941172e-01 0.000000000000000000e+00 7.726257364783225556e-01 4.100234257132077675e-01 6.581189618268331598e-01 2.595183841614987497e-01 5.234041244361761214e-01 3.888167733298331097e-02 5.989854368695508580e-01 6.610779902707641931e-01 4.238933977107975926e-01 5.268264468923768984e-01 3.524870110843736359e-01 1.430755614549222010e-01 6.470969097486252153e-01 3.962636505568042367e-01 3.998724306527834949e-01 6.939675062315445730e-01 4.800082685202465282e-01 3.848545391023835971e-01 4.863011155969030330e-01 5.053934838438309818e-01
4.307805422748518520e-01 7.597791673242744459e-02 8.551860419974025573e-01 2.611556715712626264e-01 1.007343452115691651e+00 3.317647325323640484e-01 1.094958671294879782e+00 7.811322244911022006e-01 1.234737144551015131e+00 4.088549328972485020e-01 7.473547072508115452e-01 3.310534275772570867e-01 3.111737818264235234e-01 3.989298564492373966e-01 7.672317803992005913e-01 9.053452743412169212e-01 9.993393799827412494e-01 3.559034523431295893e-01 1.806517294386728312e-01 7.726257364783225556e-01 0.000000000000000000e+00 3.995711725778118284e-01 6.675408831227109818e-01 5.198595522276212577e-01 4.327057852091273915e-01 7.647432806738997391e-01 9.146617353129400385e-01 3.103564750795079208e-01 1.015101347201894599e+00 2.537851669861017623e-01 8.070204417489202919e-01 6.940555180714901296e-01 1.897301918218483041e-01 5.745935926212528688e-01 5.901640848522223814e-01 4.144053711743883039e-01 8.667383819134659717e-01 4.383570077534105214e-01 1.170658052708659858e+00 2.744964914845643422e-01
6.994191941974403637e-02 4.046453916868796297e-01 4.587867847653694375e-01 2.915133640625956479e-01 6.281094824224678907e-01 4.777318800057658854e-01 7.534818160602588799e-01 4.800080044222174713e-01 9.255265451605055871e-01 4.771920976079757071e-01 4.403287514275497916e-01 2.527017040843856921e-01 4.485502986432527428e-01 1.360351099386409857e-01 4.013229020228242239e-01 6.754673136458639870e-01 6.491908765752801846e-01 4.095163586775933395e-01 2.926443278390890579e-01 4.100234257132077675e-01 3.995711725778118284e-01 0.000000000000000000e+00 6.596295430278550365e-01 1.549153464139585712e-01 1.666207472864588701e-01 3.918695351575463559e-01 7.811163977220103583e-01 4.394455999436763238e-01 7.556480903592019960e-01 2.178910485343574233e-01 5.843372563011524079e-01 3.040707423719514746e-01 3.484141405923034118e-01 2.026472417669245574e-01 4.397622299622626074e-01 5.286379324149912406e-01 4.944271352656141039e-01 2.648255737783047903e-01 8.713093917789707099e-01 2.043920071337798350e-01
6.064826488607231170e-01 5.952990922372862759e-01 8.454177217621134943e-01 4.436294201285752026e-01 8.536668873743824548e-01 3.448809630022673933e-01 7.938528720911383063e-01 5.204716436674688973e-01 8.236822142211310815e-01 2.588287943774102429e-01 5.214358121927332723e-01 4.263030683169909962e-01 3.592921938530767023e-01 7.837155944498278570e-01 1.000216456022096967e+00 4.416493835116856448e-01 7.510971642405758208e-01 3.158535240061979832e-01 5.170607451716677794e-01 6.581189618268331598e-01 6.675408831227109818e-01 6.596295430278550365e-01 0.000000000000000000e+00 5.995655249754995308e-01 8.207432404912501367e-01 6.846527436366343089e-01 3.061956931059132692e-01 3.585370861251877539e-01 5.622438158625261417e-01 5.079216776778475717e-01 3.828850856166233219e-01 7.133171585608156784e-01 4.824196837987745345e-01 8.311097272210036246e-01 2.643509201384852680e-01 2.679388547239108798e-01 1.067976543671016021e+00 3.973784918476707118e-01 7.523760839747365425e-01 5.035656902241365529e-01
9.402260021585510941e-02 5.070106828316046643e-01 3.451087210949887463e-01 3.386444220544858608e-01 4.881773279432005674e-01 5.049935339925234468e-01 6.000849186640957456e-01 3.281318048005678611e-01 7.706380389384618335e-01 4.745207977472198357e-01 2.881857917406631109e-01 2.693555041997306443e-01 4.791931612975849908e-01 2.780603234449917083e-01 4.015422069030807339e-01 5.352617964786929861e-01 4.968930227482979967e-01 4.177429495030702822e-01 3.746404411424013592e-01 2.595183841614987497e-01 5.198595522276212577e-01 1.549153464139585712e-01 5.995655249754995308e-01 0.000000000000000000e+00 2.978315843299820243e-01 2.464004486035498431e-01 6.663833982146222246e-01 4.692407025210152960e-01 6.070129535458537173e-01 2.873101739702378921e-01 4.496819374347049703e-01 1.792862950804532951e-01 4.185978279919804201e-01 2.385953802144735458e-01 3.483077123168329403e-01 5.341826875576414224e-01 4.760390737772628444e-01 2.159530827563153066e-01 7.168421285979051927e-01 2.668326859038636645e-01
2.329433175867269279e-01 4.654301108432931655e-01 5.144755334503086086e-01 4.196131516261632499e-01 7.111813666839054138e-01 6.041722104362418078e-01 8.671330162123577212e-01 6.239425073869554472e-01 1.052947337605875111e+00 6.206248287921803941e-01 5.839831559361906566e-01 4.013567169178394733e-01 5.743753451408868393e-01 4.029308383932546367e-02 3.398118763471242865e-01 8.322148753999893955e-01 7.601535676916868489e-01 5.505850817871597025e-01 3.922414970878988494e-01 5.234041244361761214e-01 4.327057852091273915e-01 1.666207472864588701e-01 8.207432404912501367e-01 2.978315843299820243e-01 0.000000000000000000e+00 4.964663398987091969e-01 9.469684229001879006e-01 5.663674776615204021e-01 9.041768972629848911e-01 3.416861162831853482e-01 7.440971349844341942e-01 3.918385774246769260e-01 4.518137716537141690e-01 1.682806519176827387e-01 6.063695271680459298e-01 6.659233143380297593e-01 4.401303195860436501e-01 4.297877834670491004e-01 1.004096282980738053e+00 3.358050532410778444e-01
3.395453522803561497e-01 7.468917037734612574e-01 1.615623771232015671e-01 5.606810458639452932e-01 2.426859553397251457e-01 7.002012384092217712e-01 3.706870513924661048e-01 2.083064695425103086e-01 5.617081010772083660e-01 6.454528768417463480e-01 1.829483109025114851e-01 4.826245787944664078e-01 6.789665246814163835e-01 4.903994243322813973e-01 4.156492528790330376e-01 4.387620693104769543e-01 2.636966131023769644e-01 6.048098870541622762e-01 6.104107922563456468e-01 3.888167733298331097e-02 7.647432806738997391e-01 3.918695351575463559e-01 6.846527436366343089e-01 2.464004486035498431e-01 4.964663398987091969e-01 0.000000000000000000e+00 6.355491551805299011e-01 6.691037184683473749e-01 4.622672579164880391e-01 5.232159541141931935e-01 3.891475023451264059e-01 1.089894624919621607e-01 6.472035133823614839e-01 3.633691792449687541e-01 4.236337235900650144e-01 7.076755014927401666e-01 4.414620791029903457e-01 3.924869350205648089e-01 5.195140292151840811e-01 5.018976407051051192e-01
7.141258184029849465e-01 8.499207265682503509e-01 7.891828490797723195e-01 6.605761808569222682e-01 7.213713975011140089e-01 6.225183126279297818e-01 5.927923264000865000e-01 4.288022712685249926e-01 5.622464408010808823e-01 5.280038772456726592e-01 4.530336673195767827e-01 6.113412213373552451e-01 6.287630120537250900e-01 9.168788553657227780e-01 1.028476514030204125e+00 2.284686148735219913e-01 5.880820832188098368e-01 5.633813025625085125e-01 7.424013974410824668e-01 5.989854368695508580e-01 9.146617353129400385e-01 7.811163977220103583e-01 3.061956931059132692e-01 6.663833982146222246e-01 9.469684229001879006e-01 6.355491551805299011e-01 0.000000000000000000e+00 6.249698336104878571e-01 3.155020063932398311e-01 7.025747461588155440e-01 2.464984776790671295e-01 7.070354038958298615e-01 7.251705192886113149e-01 9.018307633601508888e-01 3.486053114783289053e-01 5.566201479279609954e-01 1.071838635528336026e+00 5.323170746341664428e-01 4.946929670157129144e-01 6.902720396057229202e-01
4.194948960440932351e-01 2.369769220954878186e-01 8.040077452724545548e-01 1.486432077647710515e-01 8.986434624666279625e-01 3.832435912915570925e-02 9.263914013305858397e-01 6.035222000387455710e-01 1.026777169287211633e+00 1.002190727964613060e-01 5.802933989235984358e-01 2.004844992291936467e-01 9.995354578518153219e-03 5.260856933377453526e-01 8.377325221378776332e-01 6.613721711304920703e-01 8.477061221779382816e-01 7.354081550270828715e-02 1.866878186970641895e-01 6.610779902707641931e-01 3.103564750795079208e-01 4.394455999436763238e-01 3.585370861251877539e-01 4.692407025210152960e-01 5.663674776615204021e-01 6.691037184683473749e-01 6.249698336104878571e-01 0.000000000000000000e+00 7.816633212118079266e-01 2.258720547054719197e-01 5.682861790616033915e-01 6.404501452362553193e-01 1.355585619726677182e-01 6.412936598959906309e-01 3.444667534195952063e-01 1.099125959822259135e-01 9.263733041202530938e-01 2.766640587419298969e-01 9.574827536305038356e-01 2.358147088827093618e-01
6.863952714328235283e-01 9.660661515971304958e-01 5.823585475809048839e-01 7.562291765448115877e-01 4.533156139078100000e-01 7.938229013202426909e-01 2.851626818955039777e-01 2.811101469674203712e-01 2.614781085211855260e-01 7.030825757399871145e-01 3.207999324673911912e-01 6.841531066386767890e-01 7.886980958174215628e-01 8.849182840673783801e-01 8.774514392379947347e-01 1.239701244189156809e-01 3.082541095534268027e-01 7.090433615254035926e-01 8.345997573148574711e-01 4.238933977107975926e-01 1.015101347201894599e+00 7.556480903592019960e-01 5.622438158625261417e-01 6.070129535458537173e-01 9.041768972629848911e-01 4.622672579164880391e-01 3.155020063932398311e-01 7.816633212118079266e-01 0.000000000000000000e+00 7.672828891627122561e-01 2.135021119616878349e-01 5.632782659338860798e-01 8.399022800822224522e-01 8.064346943693175840e-01 4.381454555263464279e-01 7.513537299318892027e-01 8.941204649877305677e-01 5.784195375435169373e-01 1.901330938299501117e-01 7.487867008652721035e-01
2.135128308777469452e-01 2.242432291902848873e-01 6.322688954692977648e-01 7.794324980837252781e-02 7.651891033412060450e-01 2.640619446648284629e-01 8.420279465197371138e-01 5.273799137558241590e-01 9.815580700457078311e-01 2.819708640510694142e-01 4.936115454953747816e-01 9.126276469919636369e-02 2.343641486195349177e-01 3.015230765459710471e-01 6.191584651345253265e-01 6.623097580442425247e-01 7.479327093781413804e-01 2.114864370669493343e-01 8.756736354245160669e-02 5.268264468923768984e-01 2.537851669861017623e-01 2.178910485343574233e-01 5.079216776778475717e-01 2.873101739702378921e-01 3.416861162831853482e-01 5.232159541141931935e-01 7.025747461588155440e-01 2.258720547054719197e-01 7.672828891627122561e-01 0.000000000000000000e+00 5.638556203799466315e-01 4.665871314781856460e-01 1.343265804093860816e-01 4.204747628708017659e-01 3.591310710868410028e-01 3.244260361673519943e-01 7.113713409040562929e-01 1.890332651211230341e-01 9.181288544586521105e-01 2.144492696116395702e-02
5.145298216306198880e-01 7.553298696153530889e-01 5.431086932392790168e-01 5.465892530364830915e-01 4.929439268981098410e-01 5.811481277204215701e-01 4.109679267785259493e-01 1.825120320868859336e-01 4.636945640374272037e-01 4.915355355453139286e-01 2.070908577124754568e-01 4.774809346410481270e-01 5.754096988043929661e-01 7.191061285973335826e-01 7.877773857904778465e-01 9.852306172643729432e-02 3.744360411606814099e-01 4.955694558272291106e-01 6.263979733000414329e-01 3.524870110843736359e-01 8.070204417489202919e-01 5.843372563011524079e-01 3.828850856166233219e-01 4.496819374347049703e-01 7.440971349844341942e-01 3.891475023451264059e-01 2.464984776790671295e-01 5.682861790616033915e-01 2.135021119616878349e-01 5.638556203799466315e-01 0.000000000000000000e+00 4.644770799691642083e-01 6.285259850315276786e-01 6.755833576254902662e-01 2.246870528399330935e-01 5.419921144392806367e-01 8.270545404919965593e-01 3.753641569497395691e-01 3.928746642374935094e-01 5.465707845839334889e-01
2.633031619827685410e-01 6.851657321643059850e-01 1.659985851749525287e-01 5.161309877558752923e-01 3.257044950479349166e-01 6.746767869636624004e-01 4.773075338595204054e-01 2.937923434764324604e-01 6.705739547813311940e-01 6.331817858562860390e-01 2.601479772866979179e-01 4.434797629184409340e-01 6.504454417489908824e-01 3.889893131560867579e-01 3.237275008818924493e-01 5.269261737313866156e-01 3.700502899489179209e-01 5.831359796637629600e-01 5.538621680583102336e-01 1.430755614549222010e-01 6.940555180714901296e-01 3.040707423719514746e-01 7.133171585608156784e-01 1.792862950804532951e-01 3.918385774246769260e-01 1.089894624919621607e-01 7.070354038958298615e-01 6.404501452362553193e-01 5.632782659338860798e-01 4.665871314781856460e-01 4.644770799691642083e-01 0.000000000000000000e+00 5.975858699366913829e-01 2.543850280028608357e-01 4.491069059077819614e-01 6.947414049901956545e-01 3.665570939885350876e-01 3.711480860014634842e-01 6.283673327822000276e-01 4.461136248114781488e-01
3.478191585572020239e-01 1.274783891678634984e-01 7.635685169444829112e-01 8.941302108913816438e-02 8.869829619866352877e-01 1.673608701634727580e-01 9.465650864876846704e-01 6.250245892475226883e-01 1.070360912115599916e+00 2.263230722852477284e-01 5.951447796863805761e-01 1.696940291673876000e-01 1.399982594322338458e-01 4.118417849598655089e-01 7.490277139396381845e-01 7.259934055861267943e-01 8.578167446458965228e-01 1.675209659996507450e-01 5.957257296637472749e-02 6.470969097486252153e-01 1.897301918218483041e-01 3.484141405923034118e-01 4.824196837987745345e-01 4.185978279919804201e-01 4.518137716537141690e-01 6.472035133823614839e-01 7.251705192886113149e-01 1.355585619726677182e-01 8.399022800822224522e-01 1.343265804093860816e-01 6.285259850315276786e-01 5.975858699366913829e-01 0.000000000000000000e+00 5.496199639791391478e-01 4.070155265256747978e-01 2.454597105235498955e-01 8.428401376280362234e-01 2.764571023094351543e-01 1.003863460324910362e+00 1.530380527531457757e-01
2.306977066308162627e-01 5.933398075429617835e-01 3.525739978161795962e-01 4.938939329645775644e-01 5.565353452394297129e-01 6.795013208110581848e-01 7.292425043105671412e-01 5.272681658912932168e-01 9.248657901416723615e-01 6.730050261550908353e-01 4.889136637833671473e-01 4.493609994515055939e-01 6.505263354816284149e-01 1.861614769666695146e-01 1.994814533934513856e-01 7.530581853546323146e-01 6.221638683439070228e-01 6.073811487251766783e-01 4.925105950044617598e-01 3.962636505568042367e-01 5.745935926212528688e-01 2.026472417669245574e-01 8.311097272210036246e-01 2.385953802144735458e-01 1.682806519176827387e-01 3.633691792449687541e-01 9.018307633601508888e-01 6.412936598959906309e-01 8.064346943693175840e-01 4.204747628708017659e-01 6.755833576254902662e-01 2.543850280028608357e-01 5.496199639791391478e-01 0.000000000000000000e+00 5.860806224271378762e-01 7.270486318961385530e-01 2.954455456783240397e-01 4.358103939637524293e-01 8.824556386203856739e-01 4.069398829912320714e-01
3.763009595293904663e-01 5.344223358862478790e-01 5.831274397194965431e-01 3.291426106551250119e-01 6.124758973913889681e-01 3.595965166502783639e-01 5.967079999398189338e-01 2.852047608911720267e-01 6.828615776767600343e-01 2.742258932890755951e-01 2.749243818376574389e-01 2.684245780649153201e-01 3.519188740377266478e-01 5.739369770907424284e-01 7.432541369008749399e-01 3.202837633084960611e-01 5.312763284060830760e-01 2.713495901242932162e-01 4.108392329741717419e-01 3.998724306527834949e-01 5.901640848522223814e-01 4.397622299622626074e-01 2.643509201384852680e-01 3.483077123168329403e-01 6.063695271680459298e-01 4.236337235900650144e-01 3.486053114783289053e-01 3.444667534195952063e-01 4.381454555263464279e-01 3.591310710868410028e-01 2.246870528399330935e-01 4.491069059077819614e-01 4.070155265256747978e-01 5.860806224271378762e-01 0.000000000000000000e+00 3.300457183070958367e-01 8.066789874216605538e-01 1.837813345589686398e-01 6.132289007220436128e-01 3.449916239736843249e-01
4.989051536229171524e-01 3.392066884516871106e-01 8.532155333465567537e-01 2.467356613242224495e-01 9.247718773737911846e-01 8.264071172426895595e-02 9.265480461070425555e-01 6.102253930909637969e-01 1.005675687352393100e+00 6.222962471664876538e-02 5.933326860213280485e-01 2.777184329599282075e-01 1.059768529249522084e-01 6.258388662336473729e-01 9.194716726635847603e-01 6.279356665075095378e-01 8.574515595143269442e-01 1.196951784714484907e-01 2.955652341869056676e-01 6.939675062315445730e-01 4.144053711743883039e-01 5.286379324149912406e-01 2.679388547239108798e-01 5.341826875576414224e-01 6.659233143380297593e-01 7.076755014927401666e-01 5.566201479279609954e-01 1.099125959822259135e-01 7.513537299318892027e-01 3.244260361673519943e-01 5.419921144392806367e-01 6.947414049901956545e-01 2.454597105235498955e-01 7.270486318961385530e-01 3.300457183070958367e-01 0.000000000000000000e+00 1.003950373121157202e+00 3.236634239598872864e-01 9.348425942912294007e-01 3.305989549094065505e-01
5.070594346884244041e-01 8.884554723349908922e-01 3.153848785452971204e-01 7.817655245917290996e-01 5.062493880742893193e-01 9.640960058144611988e-01 7.217562390662948246e-01 6.490765343983203595e-01 9.306213729442122107e-01 9.463544994491398521e-01 6.201332016558779303e-01 7.285046831495948227e-01 9.359400563075488400e-01 4.694345107543160811e-01 1.003188489668005445e-01 8.801761681300516171e-01 6.276560209250616751e-01 8.849474180814242974e-01 7.866346896871784233e-01 4.800082685202465282e-01 8.667383819134659717e-01 4.944271352656141039e-01 1.067976543671016021e+00 4.760390737772628444e-01 4.401303195860436501e-01 4.414620791029903457e-01 1.071838635528336026e+00 9.263733041202530938e-01 8.941204649877305677e-01 7.113713409040562929e-01 8.270545404919965593e-01 3.665570939885350876e-01 8.428401376280362234e-01 2.954455456783240397e-01 8.066789874216605538e-01 1.003950373121157202e+00 0.000000000000000000e+00 6.918120976887175422e-01 9.088385789855103480e-01 6.961871928264201648e-01
2.091041594522262403e-01 3.960453994882007778e-01 5.311925687298639787e-01 1.873564762445125986e-01 6.235065859016657441e-01 3.079452280595975644e-01 6.702349004638181729e-01 3.486809002547875402e-01 7.976374535416317357e-01 2.623603024441105713e-01 3.188146042256528867e-01 1.086798880037315035e-01 2.865062620677127359e-01 3.952294558476635022e-01 6.146032326949776303e-01 4.736870464909990197e-01 5.830955587890336300e-01 2.135099066012656754e-01 2.593264167761895056e-01 3.848545391023835971e-01 4.383570077534105214e-01 2.648255737783047903e-01 3.973784918476707118e-01 2.159530827563153066e-01 4.297877834670491004e-01 3.924869350205648089e-01 5.323170746341664428e-01 2.766640587419298969e-01 5.784195375435169373e-01 1.890332651211230341e-01 3.753641569497395691e-01 3.711480860014634842e-01 2.764571023094351543e-01 4.358103939637524293e-01 1.837813345589686398e-01 3.236634239598872864e-01 6.918120976887175422e-01 0.000000000000000000e+00 7.327149286020357977e-01 1.712471395354442372e-01
8.052211072549136928e-01 1.127559591989401255e+00 5.953393437331748750e-01 9.171698567556657578e-01 4.135975004850947490e-01 9.724681108440480504e-01 1.962148030383093489e-01 3.960501034444541824e-01 7.155390764953319105e-02 8.840677287492851866e-01 4.340964417455310254e-01 8.410663438269054826e-01 9.650789822969190190e-01 9.910782036015136631e-01 9.131744113590686274e-01 3.124469314246993701e-01 2.811945084669842387e-01 8.841213492463755319e-01 9.920146496445776396e-01 4.863011155969030330e-01 1.170658052708659858e+00 8.713093917789707099e-01 7.523760839747365425e-01 7.168421285979051927e-01 1.004096282980738053e+00 5.195140292151840811e-01 4.946929670157129144e-01 9.574827536305038356e-01 1.901330938299501117e-01 9.181288544586521105e-01 3.928746642374935094e-01 6.283673327822000276e-01 1.003863460324910362e+00 8.824556386203856739e-01 6.132289007220436128e-01 9.348425942912294007e-01 9.088385789855103480e-01 7.327149286020357977e-01 0.000000000000000000e+00 8.982938673000600005e-01
