0.000000000000000000e+00 7.025845382211286516e-01 5.637617662103000526e-01 1.879684141244400419e-01 7.794571057175503359e-01 6.837271439470382628e-01 2.219638412374603798e-01 2.668532441794463361e-01 2.690735339386359781e-01 1.892320371210166885e-01 5.283669428232561360e-01 2.027500341555842911e-01 1.756388931849865720e-01 1.199383241218138357e-01 4.415653633353686103e-01 1.899517395648836204e-01 5.574508051379224449e-01 7.526790958967174427e-01 2.055140346377146154e-01 5.846564572683969896e-01 2.300856040422669113e-01 2.743119150323505839e-01 5.115569180623358303e-01 7.740716498606069473e-01 3.812469139630814685e-01 6.323073471956298652e-01 4.877995652055398534e-01 5.883650579809578396e-01 5.190957363944792569e-01 5.272221368751786041e-01 2.388692493232358882e-01 4.361181946710446788e-01 7.680006061771221804e-01 1.650534424284469392e-01 6.682133013474506056e-01 9.573404581403326119e-02 9.851957375204322132e-01 5.705491791767408616e-01 6.494219656679269814e-01 1.762967610872717972e-01 9.908452819799120626e-01 2.228809457945276906e-01 1.025481475338574366e+00 9.955297817955158224e-02 8.151064881963029363e-01 2.479512303381639360e-01 7.127473769468486431e-01 1.619890612969082100e-01 7.209206666147992548e-01 1.574752179468212887e-01
7.025845382211286516e-01 0.000000000000000000e+00 2.680020926822045402e-01 5.615492628171602219e-01 1.123434741844113960e+00 4.576741425731766649e-02 5.003494817795749450e-01 8.356650944453087870e-01 5.786428606795854801e-01 8.873604178847156465e-01 5.112822436627192380e-01 7.177557087650741074e-01 8.653228934372203529e-01 7.601935830751344048e-01 4.139147148703232193e-01 7.942041411183956567e-01 2.996252609198089001e-01 1.102618154082593227e+00 7.464877823248615707e-01 7.513223682484628796e-01 8.629505473667622439e-01 5.543046312645362184e-01 8.118007937857660838e-01 6.024429892687422905e-01 6.588273591451271338e-01 4.425185224794703776e-01 2.367966536097440566e-01 3.268269915046604357e-01 5.159437619797229146e-01 9.247846657940128612e-01 9.296753036589053831e-01 9.205475993883048824e-01 1.147404862798374170e+00 6.774324011707696380e-01 3.947429287288996280e-02 6.882013615301144638e-01 6.032590594717822663e-01 9.555942000065854591e-01 9.572461760069718162e-01 7.518571678901239119e-01 7.045337528246427006e-01 4.938930504271935029e-01 6.950086474131235148e-01 6.895748102097644106e-01 3.118436829996235060e-01 4.668890101758312872e-01 1.162479400097004428e-01 7.049657504895047166e-01 5.303377889335360307e-02 7.734802824110045272e-01
5.637617662103000526e-01 2.680020926822045402e-01 0.000000000000000000e+00 3.853272454647594381e-01 1.165032080870803455e+00 2.241243602370718568e-01 3.418250360697069890e-01 7.679565304265857373e-01 3.619946088581946775e-01 7.269000788464200502e-01 6.070962253036685796e-01 6.526605462580198358e-01 7.391268877807340987e-01 5.835179825811002141e-01 4.730195223253664261e-01 7.075416271133690982e-01 4.305983201371128555e-01 1.140871283330339603e+00 6.773838770977063106e-01 8.243443736617743767e-01 7.698186658796574156e-01 5.276633855562796738e-01 8.438590336671381031e-01 7.758724145238526937e-01 6.722395305115818065e-01 5.942523459715111089e-01 1.275859535605849138e-01 7.040406492198061916e-02 6.070391363077375368e-01 9.327379978501098012e-01 8.026307119883507868e-01 8.945999412122307426e-01 1.176903418750548269e+00 4.841732714807831517e-01 2.313663550793136070e-01 5.171060117325433358e-01 8.399676990170052981e-01 9.708765786652434615e-01 1.001271323947682257e+00 5.559490782972126288e-01 9.222998691012881389e-01 3.417360050106505454e-01 9.238518001602378238e-01 5.170650263296279192e-01 5.582665603417681366e-01 3.185222076218028331e-01 3.640072454722044215e-01 6.261032207927046400e-01 3.175267707108170856e-01 6.795261173148549050e-01
1.879684141244400419e-01 5.615492628171602219e-01 3.853272454647594381e-01 0.000000000000000000e+00 9.209618366077418905e-01 5.349895113451321738e-01 6.543784417199602355e-02 4.365357988763018393e-01 1.031203328198890823e-01 3.417903206428027918e-01 5.371595848642071180e-01 3.419485505742927423e-01 3.618202334259040809e-01 2.017625686374175664e-01 4.150881521767257887e-01 3.635254914114132152e-01 4.918720388287385892e-01 8.945013024142729474e-01 3.570832207232055855e-01 6.637441863792082897e-01 4.139334374226047442e-01 3.138641620847971159e-01 6.231130527658781393e-01 7.768409977176430337e-01 4.628415573791306303e-01 6.089112785324086730e-01 3.298729335854295730e-01 4.033981811255302752e-01 5.303754789275263448e-01 6.687406079034146078e-01 4.231681939586495744e-01 5.948546981325436578e-01 9.172707675421241102e-01 1.183340673620367905e-01 5.239927080753910005e-01 1.323738077316131967e-01 9.487068082371443722e-01 7.116709488520072124e-01 7.751579882148770251e-01 1.916828217305384940e-01 9.803208734166123373e-01 7.587125517197608471e-02 1.005145365762826648e+00 1.327211851646069862e-01 7.336014650056806863e-01 1.001086530590063889e-01 5.960155957119532832e-01 3.037325246432884818e-01 5.895236582424069338e-01 3.314803757517924554e-01
7.794571057175503359e-01 1.123434741844113960e+00 1.165032080870803455e+00 9.209618366077418905e-01 0.000000000000000000e+00 1.137878434420408258e+00 9.073015786208078470e-01 5.219947238959313784e-01 1.022712662051062260e+00 8.197765630767549494e-01 6.159774321688963328e-01 5.830499988090819263e-01 6.991962767682311508e-01 8.825203271228246882e-01 7.147282991937821128e-01 5.967090393754160838e-01 8.262760066019529948e-01 2.677848261765171378e-02 5.746930649899455457e-01 3.774320043569555638e-01 5.897669156869532747e-01 6.440554514145173659e-01 3.212975841090446871e-01 6.638718512867497479e-01 4.930863739754309805e-01 7.192099630385996312e-01 1.040791480603973973e+00 1.221834822535138532e+00 6.099306440390953599e-01 2.531928170592195881e-01 6.944223686371961968e-01 3.507094385247021551e-01 5.552903005997107677e-02 9.434818963109838919e-01 1.111865469304598397e+00 8.749756712644610745e-01 9.141172259696409563e-01 2.098594019923043785e-01 1.665621211388867706e-01 9.487858309102339405e-01 8.139809640564257265e-01 8.983188968185141787e-01 8.739398393470787507e-01 8.788803434913586843e-01 9.853023820891856355e-01 9.058388707319074973e-01 1.047559079634902135e+00 6.237022790417293683e-01 1.101962606258662936e+00 6.267939013215990673e-01
6.837271439470382628e-01 4.576741425731766649e-02 2.241243602370718568e-01 5.349895113451321738e-01 1.137878434420408258e+00 0.000000000000000000e+00 4.756516641598009798e-01 8.299901084198351153e-01 5.457000750135754252e-01 8.660923301054102019e-01 5.304671871535725503e-01 7.114950760350856607e-01 8.498532768207178734e-01 7.353757699860373753e-01 4.243022273254750676e-01 7.849754397867985123e-01 3.206994582518908343e-01 1.116422952015133641e+00 7.398278432781922875e-01 7.690803230662853762e-01 8.531284518159050201e-01 5.524142261142731547e-01 8.229967405133605807e-01 6.362941685362767386e-01 6.653882267351142188e-01 4.709956944109220389e-01 2.060184610143776240e-01 2.815235328296975537e-01 5.343412000154258434e-01 9.326165922072746639e-01 9.144315995961602717e-01 9.225788594956132460e-01 1.159913105781420928e+00 6.492023255128221981e-01 2.653203080922967791e-02 6.637976548046137237e-01 6.468528316717426785e-01 9.648457969707624482e-01 9.713697878482204784e-01 7.236597885837635635e-01 7.457654691835013949e-01 4.700709083487281115e-01 7.377426234347297385e-01 6.649446652348995901e-01 3.559866279671211609e-01 4.430975845823699744e-01 1.587236679355555069e-01 6.962352799889590660e-01 9.857167061302692102e-02 7.628393725201136899e-01
2.219638412374603798e-01 5.003494817795749450e-01 3.418250360697069890e-01 6.543784417199602355e-02 9.073015786208078470e-01 4.756516641598009798e-01 0.000000000000000000e+00 4.454500719777333972e-01 1.427739850323275217e-01 3.930136180792252465e-01 4.856659205388466072e-01 3.401730414719427720e-01 3.973187191747732938e-01 2.599229389623644582e-01 3.584767882768352676e-01 3.773045262900659447e-01 4.282691753932059697e-01 8.812001489939005339e-01 3.597089302540452116e-01 6.290990923182070427e-01 4.346317318144181097e-01 2.792914056731041761e-01 6.003867557808881816e-01 7.214764148997379056e-01 4.337292500726947497e-01 5.501300471942822679e-01 2.725965054746721794e-01 3.692502893244012374e-01 4.795740734676079420e-01 6.577670927872686368e-01 4.608270255103163460e-01 5.938358768773506213e-01 9.075232667289812039e-01 1.834863972401121479e-01 4.634034421495477063e-01 1.881561648702117229e-01 8.864924176556394642e-01 6.999117938167189745e-01 7.558242397931461687e-01 2.561279842221928504e-01 9.216222644687001031e-01 1.248855937633938824e-02 9.448823730125534004e-01 1.893683879817181781e-01 6.683267163285020462e-01 3.481831222513209062e-02 5.313856208204014164e-01 3.058372659683541439e-01 5.265978945386101673e-01 3.468945432304103571e-01
2.668532441794463361e-01 8.356650944453087870e-01 7.679565304265857373e-01 4.365357988763018393e-01 5.219947238959313784e-01 8.299901084198351153e-01 4.454500719777333972e-01 0.000000000000000000e+00 5.301499357330912154e-01 3.082355426840404644e-01 4.780119073011819264e-01 1.186717879766528566e-01 1.875931173362555271e-01 3.613563253725691760e-01 4.631657977715508134e-01 7.709538778266195047e-02 6.039255569434882620e-01 4.953693833269433022e-01 9.131979478607210599e-02 4.176146172432296244e-01 8.171177376547519855e-02 2.852428897177111677e-01 3.051071912594850444e-01 6.948798667455565736e-01 2.618954476177533519e-01 6.083270080526140822e-01 6.646690726041276642e-01 8.076128850001137449e-01 4.672593205694444141e-01 2.767676496816506848e-01 2.083363417173273724e-01 1.722608977618298454e-01 5.054976678355123099e-01 4.314600040956662608e-01 8.087515460435725778e-01 3.618426263168925683e-01 9.446862492709935388e-01 3.184876309425608842e-01 4.110251596857830703e-01 4.284167559232195388e-01 9.132414575517485700e-01 4.404760475392501817e-01 9.596119000645686459e-01 3.654518166438710525e-01 8.518977830273547491e-01 4.577201719572116523e-01 8.092350778447352511e-01 1.420069058952795893e-01 8.381300060470217028e-01 1.093831519335399377e-01
2.690735339386359781e-01 5.786428606795854801e-01 3.619946088581946775e-01 1.031203328198890823e-01 1.022712662051062260e+00 5.457000750135754252e-01 1.427739850323275217e-01 5.301499357330912154e-01 0.000000000000000000e+00 3.861258531386850268e-01 6.284263235809863790e-01 4.416531704608533393e-01 4.324042340181111221e-01 2.380710253635100471e-01 5.000766377400058804e-01 4.549838308556470867e-01 5.594839254879538926e-01 9.961833959320287590e-01 4.548784604238710338e-01 7.653705392291118015e-01 4.991589697546601201e-01 4.149236984151424834e-01 7.262261509695079331e-01 8.631609656656124008e-01 5.654681742047643622e-01 6.896258013411531440e-01 3.419239898673974154e-01 3.619820735907017806e-01 6.223476665764711147e-01 7.700734919143897850e-01 4.890309019280560388e-01 6.927298216007795606e-01 1.017898012265679331e+00 1.319347699231837590e-01 5.394903038431140274e-01 1.869217601019134978e-01 1.019762528681872338e+00 8.131503200794342190e-01 8.780108902486609690e-01 1.973067210280067540e-01 1.060608648058919412e+00 1.552172438538569899e-01 1.081819497615006620e+00 1.849790962898630597e-01 7.869476539285822358e-01 1.681319939700353927e-01 6.312738894487294194e-01 4.023782328462648383e-01 6.139434881808421007e-01 4.224160202368910100e-01
1.892320371210166885e-01 8.873604178847156465e-01 7.269000788464200502e-01 3.417903206428027918e-01 8.197765630767549494e-01 8.660923301054102019e-01 3.930136180792252465e-01 3.082355426840404644e-01 3.861258531386850268e-01 0.000000000000000000e+00 6.955181678202103646e-01 3.171458353483981307e-01 1.215076497620475870e-01 1.480588652339729916e-01 6.231575382493003135e-01 2.482167024654590715e-01 7.444681515836523156e-01 7.937015527870344700e-01 3.020879135681877603e-01 7.064454612595175709e-01 2.316396777790665218e-01 4.448565309805285750e-01 6.075881314629004715e-01 9.372096432455194748e-01 5.167366841941657407e-01 8.085987795337072903e-01 6.653399133908126650e-01 7.406416431900928465e-01 6.855421903753797785e-01 5.830686084545007031e-01 1.368470849713534221e-01 4.709728341964247722e-01 7.959342543840484119e-01 2.542638367763991325e-01 8.519608048714296666e-01 2.098169275262050104e-01 1.161370031253137647e+00 6.234940402933889514e-01 7.189444409875269670e-01 2.008271128132469163e-01 1.156734280837352635e+00 3.971233847436639319e-01 1.195217577196369563e+00 2.099885814117404825e-01 1.002793431057930063e+00 4.238349337770250247e-01 9.014892327905050795e-01 2.877741616352215703e-01 9.078638216127252747e-01 2.306818950205977159e-01
5.283669428232561360e-01 5.112822436627192380e-01 6.070962253036685796e-01 5.371595848642071180e-01 6.159774321688963328e-01 5.304671871535725503e-01 4.856659205388466072e-01 4.780119073011819264e-01 6.284263235809863790e-01 6.955181678202103646e-01 0.000000000000000000e+00 3.939400598291020739e-01 6.083492666089060918e-01 6.429372939924370423e-01 1.392590977751619885e-01 4.826074429201937521e-01 2.117952563371027497e-01 5.966228771268716757e-01 4.188952325428162426e-01 2.404172913159332847e-01 5.435442020193070878e-01 2.541092505212420583e-01 3.203349133547934713e-01 2.461926748603037451e-01 2.202624917181257302e-01 1.328051630149099938e-01 4.802372055891827585e-01 6.739199217745059922e-01 1.075260047163270616e-02 4.462510780391191756e-01 6.583782459633004125e-01 4.817904525114832803e-01 6.444082926787876309e-01 6.294240843386946782e-01 5.039922648396076843e-01 5.872168750616413302e-01 4.709626917766651655e-01 4.683113738602317500e-01 4.515456648409774121e-01 6.815490477162804428e-01 4.627054622172869780e-01 4.732116428782210393e-01 4.997023200171846202e-01 5.910059167246461964e-01 3.982244345051611512e-01 4.625997580320965752e-01 4.316099153714063053e-01 4.124151378605671048e-01 4.866762586270194646e-01 4.825125776815862855e-01
2.027500341555842911e-01 7.177557087650741074e-01 6.526605462580198358e-01 3.419485505742927423e-01 5.830499988090819263e-01 7.114950760350856607e-01 3.401730414719427720e-01 1.186717879766528566e-01 4.416531704608533393e-01 3.171458353483981307e-01 3.939400598291020739e-01 0.000000000000000000e+00 2.162513297933246759e-01 3.178515551138635931e-01 3.566386985773304374e-01 8.982087595281819381e-02 4.953171438397218629e-01 5.563623932942696193e-01 2.925975749422757635e-02 3.927830144544595670e-01 1.562562706876179652e-01 1.722652646582496505e-01 3.095297331248075823e-01 6.274210453270432364e-01 1.997386574992286445e-01 5.183503057748868326e-01 5.469534256401373806e-01 6.948818046389674263e-01 3.833899627772856533e-01 3.298593819509864078e-01 2.644634367448394641e-01 2.540093061038068978e-01 5.763631160317429503e-01 3.625848710057139601e-01 6.904197448581935737e-01 2.958071249235712519e-01 8.649017226906459133e-01 3.731981822204016308e-01 4.473880259042123941e-01 3.786136286886521707e-01 8.476324838293121111e-01 3.336708949734314977e-01 8.895750120591539023e-01 2.998672504930873783e-01 7.484146381933609593e-01 3.481961750235502140e-01 6.946316636806229017e-01 4.117188717119450031e-02 7.214108105068658405e-01 8.985887614130104450e-02
1.756388931849865720e-01 8.653228934372203529e-01 7.391268877807340987e-01 3.618202334259040809e-01 6.991962767682311508e-01 8.498532768207178734e-01 3.973187191747732938e-01 1.875931173362555271e-01 4.324042340181111221e-01 1.215076497620475870e-01 6.083492666089060918e-01 2.162513297933246759e-01 0.000000000000000000e+00 2.129483314366685531e-01 5.546443688771039993e-01 1.349498638887213220e-01 6.859381232883559054e-01 6.730072929470678478e-01 1.954439016087470282e-01 5.944482707365965624e-01 1.101554137868812344e-01 3.688110147040378761e-01 4.900436768131977705e-01 8.436701364153085247e-01 4.136992248471559885e-01 7.292402350490764240e-01 6.590926258749312261e-01 7.638304578078756180e-01 5.979348895479990045e-01 4.615804831919764206e-01 6.465242905101982462e-02 3.497159354841160583e-01 6.766437200453656597e-01 3.089853856261465248e-01 8.326956678671182388e-01 2.456302699203738449e-01 1.078823918725792641e+00 5.019942598466122785e-01 5.976892511512997830e-01 2.796246953453636053e-01 1.063881602423992767e+00 3.976628076771159259e-01 1.105563548169706145e+00 2.478247659618189880e-01 9.440449697536520413e-01 4.220181039512178045e-01 8.639058458158631604e-01 1.966629478192725711e-01 8.790879382343782522e-01 1.264411063250311940e-01
1.199383241218138357e-01 7.601935830751344048e-01 5.835179825811002141e-01 2.017625686374175664e-01 8.825203271228246882e-01 7.353757699860373753e-01 2.599229389623644582e-01 3.613563253725691760e-01 2.380710253635100471e-01 1.480588652339729916e-01 6.429372939924370423e-01 3.178515551138635931e-01 2.129483314366685531e-01 0.000000000000000000e+00 5.470007539104182470e-01 2.858150251882858317e-01 6.523475257223031454e-01 8.558059319290467482e-01 3.159817952695566090e-01 7.041787671857119291e-01 3.049418788209729558e-01 3.900316733774837896e-01 6.273351107300825236e-01 8.891089844788939711e-01 5.011292012990092859e-01 7.409824483971891862e-01 5.311141595587014486e-01 5.941681144090351641e-01 6.340116714529422381e-01 6.330681825416729636e-01 2.604349277136729923e-01 5.336171633984169160e-01 8.668301302487003701e-01 1.062742920534522212e-01 7.233261955220350314e-01 7.221572290340334821e-02 1.092422731416026638e+00 6.759722956544186312e-01 7.601475239554649210e-01 6.804741623605256584e-02 1.104193695233199657e+00 2.663877726117083733e-01 1.136858624304668108e+00 7.063592213372188455e-02 9.060780133795468538e-01 2.933596619551660512e-01 7.859479398414700446e-01 2.782552346722659276e-01 7.852648673153298509e-01 2.561045181307480822e-01
4.415653633353686103e-01 4.139147148703232193e-01 4.730195223253664261e-01 4.150881521767257887e-01 7.147282991937821128e-01 4.243022273254750676e-01 3.584767882768352676e-01 4.631657977715508134e-01 5.000766377400058804e-01 6.231575382493003135e-01 1.392590977751619885e-01 3.566386985773304374e-01 5.546443688771039993e-01 5.470007539104182470e-01 0.000000000000000000e+00 4.452707434522404917e-01 1.412824910769018005e-01 6.927880100877767955e-01 3.853123001858196894e-01 3.544677572567931367e-01 5.128837370866061729e-01 1.868180985820543372e-01 3.987200904714816030e-01 3.630958997847440473e-01 2.473156897538703047e-01 1.956913939940616021e-01 3.454868305073802714e-01 5.383620533219146687e-01 1.369437337125196663e-01 5.111590366755462966e-01 6.122429026423765741e-01 5.156675238805217276e-01 7.356766167509697363e-01 5.170429267581450050e-01 3.986787232024849859e-01 4.841904568475583481e-01 5.454252762265024979e-01 5.416876352453945387e-01 5.481798902884831293e-01 5.763186383149563330e-01 5.658542054999856630e-01 3.460137865543480018e-01 5.933675491228500576e-01 4.876229078941743955e-01 3.919739484960666487e-01 3.322078760294552846e-01 3.585523788841973869e-01 3.614219711419617287e-01 4.008183127155794390e-01 4.358777430721959001e-01
1.899517395648836204e-01 7.942041411183956567e-01 7.075416271133690982e-01 3.635254914114132152e-01 5.967090393754160838e-01 7.849754397867985123e-01 3.773045262900659447e-01 7.709538778266195047e-02 4.549838308556470867e-01 2.482167024654590715e-01 4.826074429201937521e-01 8.982087595281819381e-02 1.349498638887213220e-01 2.858150251882858317e-01 4.452707434522404917e-01 0.000000000000000000e+00 5.828366477917218402e-01 5.699995194082171368e-01 6.374722975639726674e-02 4.599616602230743312e-01 6.933881998816232572e-02 2.593689090512656947e-01 3.596866830950346539e-01 7.128619812504694009e-01 2.802604878035991898e-01 6.079568126641547998e-01 6.101460079611564780e-01 7.436269017691634620e-01 4.719932311143794634e-01 3.482601434653662120e-01 1.763682939262500304e-01 2.484983545240430358e-01 5.817000767526133709e-01 3.543917935406912245e-01 7.650608337669005943e-01 2.847698264051257144e-01 9.534642153566377232e-01 3.908334320953278374e-01 4.789380170374702983e-01 3.523645045352041816e-01 9.329233954848018540e-01 3.733901205500398390e-01 9.760934608526413703e-01 2.883686066478844401e-01 8.372352856211340288e-01 3.925391106469807712e-01 7.774047363979569303e-01 8.941188421061815883e-02 8.009567408150264356e-01 3.264417544875577309e-02
5.574508051379224449e-01 2.996252609198089001e-01 4.305983201371128555e-01 4.918720388287385892e-01 8.262760066019529948e-01 3.206994582518908343e-01 4.282691753932059697e-01 6.039255569434882620e-01 5.594839254879538926e-01 7.444681515836523156e-01 2.117952563371027497e-01 4.953171438397218629e-01 6.859381232883559054e-01 6.523475257223031454e-01 1.412824910769018005e-01 5.828366477917218402e-01 0.000000000000000000e+00 8.062042693821322992e-01 5.242898455948384884e-01 4.521212792806137415e-01 6.512062823522513089e-01 3.234859082445655787e-01 5.208229654818939958e-01 3.457824042336676285e-01 3.833087776555558768e-01 1.637167889832477907e-01 3.123269030434359661e-01 5.006458524743762073e-01 2.168451411791513239e-01 6.403522759501746320e-01 7.456138349742478244e-01 6.537896830628164846e-01 8.525736688042481193e-01 6.047970309807487732e-01 2.941681229078232374e-01 5.843608322991972193e-01 4.603476297597343669e-01 6.675287032732603043e-01 6.607898524520109396e-01 6.712834381148328200e-01 5.120321201087910667e-01 4.166861917719311137e-01 5.263925347203368688e-01 5.872952310503392059e-01 2.587491277249148180e-01 3.959892932847461910e-01 2.246069079218981079e-01 4.968208540672582885e-01 2.757099779143405427e-01 5.712128257527935293e-01
7.526790958967174427e-01 1.102618154082593227e+00 1.140871283330339603e+00 8.945013024142729474e-01 2.677848261765171378e-02 1.116422952015133641e+00 8.812001489939005339e-01 4.953693833269433022e-01 9.961833959320287590e-01 7.937015527870344700e-01 5.966228771268716757e-01 5.563623932942696193e-01 6.730072929470678478e-01 8.558059319290467482e-01 6.927880100877767955e-01 5.699995194082171368e-01 8.062042693821322992e-01 0.000000000000000000e+00 5.479290060186939870e-01 3.594912177642392015e-01 5.634747618165201200e-01 6.189131927003783673e-01 2.975990367115910473e-01 6.528411269272634820e-01 4.687012494638786997e-01 7.023135572188958786e-01 1.016954565904423680e+00 1.197279904199866074e+00 5.903081889903494250e-01 2.265038788458053343e-01 6.688764284844742614e-01 3.242435492998899660e-01 5.539599222631989839e-02 9.167136791832051212e-01 1.090488053123036982e+00 8.481997480986075422e-01 9.057387423928836556e-01 1.831977722239109818e-01 1.454417387071386958e-01 9.220435067186312228e-01 8.084701756931201855e-01 8.722772756488217372e-01 8.681992856727528407e-01 8.521038422471107765e-01 9.697350955809868056e-01 8.799901861202088504e-01 1.028202307280475791e+00 5.969916966154026339e-01 1.081909663952194789e+00 6.000495944274237825e-01
2.055140346377146154e-01 7.464877823248615707e-01 6.773838770977063106e-01 3.570832207232055855e-01 5.746930649899455457e-01 7.398278432781922875e-01 3.597089302540452116e-01 9.131979478607210599e-02 4.548784604238710338e-01 3.020879135681877603e-01 4.188952325428162426e-01 2.925975749422757635e-02 1.954439016087470282e-01 3.159817952695566090e-01 3.853123001858196894e-01 6.374722975639726674e-02 5.242898455948384884e-01 5.479290060186939870e-01 0.000000000000000000e+00 4.045832683454392842e-01 1.278839900796390483e-01 2.014306134772865242e-01 3.133929287414017328e-01 6.495999450189414715e-01 2.182554374977015710e-01 5.446547797902643318e-01 5.733616603016282731e-01 7.182231920574536632e-01 4.082734206419985079e-01 3.219644385851549440e-01 2.400156520719579634e-01 2.379367591984857255e-01 5.653669876685728513e-01 3.688054516152711737e-01 7.189109811451165344e-01 3.005670594134105533e-01 8.897259029410118369e-01 3.653377183239338577e-01 4.447096306638086971e-01 3.791111192321461321e-01 8.697339182488469378e-01 3.538793449760697651e-01 9.125847502609576445e-01 3.045215427364031391e-01 7.769155548841114589e-01 3.697095323267826084e-01 7.238765931359270045e-01 5.393979807423954914e-02 7.504667111613183561e-01 7.144922902725765745e-02
5.846564572683969896e-01 7.513223682484628796e-01 8.243443736617743767e-01 6.637441863792082897e-01 3.774320043569555638e-01 7.690803230662853762e-01 6.290990923182070427e-01 4.176146172432296244e-01 7.653705392291118015e-01 7.064454612595175709e-01 2.404172913159332847e-01 3.927830144544595670e-01 5.944482707365965624e-01 7.041787671857119291e-01 3.544677572567931367e-01 4.599616602230743312e-01 4.521212792806137415e-01 3.594912177642392015e-01 4.045832683454392842e-01 0.000000000000000000e+00 4.984231130289377143e-01 3.505517360807888227e-01 1.321967351915851741e-01 3.273271196052501830e-01 2.051447611123144443e-01 3.433748188825616610e-01 6.969527249471352270e-01 8.872743178460815727e-01 2.353853128513115900e-01 2.539134329778632848e-01 6.252870773436335350e-01 3.361038550082380283e-01 4.096965691817519017e-01 7.263889297670379497e-01 7.427143376277641762e-01 6.679425249555828170e-01 5.919988522154415733e-01 2.601492252454287168e-01 2.166731279416385381e-01 7.589623580813529280e-01 5.264933823699334825e-01 6.177378236810887602e-01 5.804799865932361858e-01 6.720938030042770128e-01 6.129605711526269207e-01 6.163607648850362164e-01 6.710500099089565795e-01 4.288019784282687819e-01 7.270379290972271979e-01 4.758309746025256026e-01
2.300856040422669113e-01 8.629505473667622439e-01 7.698186658796574156e-01 4.139334374226047442e-01 5.897669156869532747e-01 8.531284518159050201e-01 4.346317318144181097e-01 8.171177376547519855e-02 4.991589697546601201e-01 2.316396777790665218e-01 5.435442020193070878e-01 1.562562706876179652e-01 1.101554137868812344e-01 3.049418788209729558e-01 5.128837370866061729e-01 6.933881998816232572e-02 6.512062823522513089e-01 5.634747618165201200e-01 1.278839900796390483e-01 4.984231130289377143e-01 0.000000000000000000e+00 3.277642322508794726e-01 3.867858223266753548e-01 7.680420208195368748e-01 3.336391443739516460e-01 6.710804522925020166e-01 6.756819175564137137e-01 8.032297770255267810e-01 5.328402455952253591e-01 3.515958716393587369e-01 1.269076634143519733e-01 2.397315239260933706e-01 5.685926272658008429e-01 3.878856418680289853e-01 8.334767806450056327e-01 3.192857105673564955e-01 1.013382334391131234e+00 3.918563899824732411e-01 4.881969460466844546e-01 3.729877237551370572e-01 9.874152700826596130e-01 4.318554270453984212e-01 1.032335842109602275e+00 3.224008228885495431e-01 9.046647845059395676e-01 4.525959426001821551e-01 8.467402881031743656e-01 1.586328569314713333e-01 8.701373680822145351e-01 9.114008842103674124e-02
2.743119150323505839e-01 5.543046312645362184e-01 5.276633855562796738e-01 3.138641620847971159e-01 6.440554514145173659e-01 5.524142261142731547e-01 2.792914056731041761e-01 2.852428897177111677e-01 4.149236984151424834e-01 4.448565309805285750e-01 2.541092505212420583e-01 1.722652646582496505e-01 3.688110147040378761e-01 3.900316733774837896e-01 1.868180985820543372e-01 2.593689090512656947e-01 3.234859082445655787e-01 6.189131927003783673e-01 2.014306134772865242e-01 3.505517360807888227e-01 3.277642322508794726e-01 0.000000000000000000e+00 3.273666372682850212e-01 4.997828798792340876e-01 1.561051286857928766e-01 3.639003482028796976e-01 4.093153417598654475e-01 5.803771325426004823e-01 2.447871609241230317e-01 4.053544064655500434e-01 4.255737973971135402e-01 3.734399247315619008e-01 6.516998434968439557e-01 3.875004219618100598e-01 5.297763355118305650e-01 3.381365653701660645e-01 7.165149344234270634e-01 4.442911505995271182e-01 4.853781586783557644e-01 4.326120388561312535e-01 7.167502848484070821e-01 2.682669920286727683e-01 7.524514518710820887e-01 3.420954155655655526e-01 5.785161806825559472e-01 2.694822556614074882e-01 5.239949305718669681e-01 1.746045481602100102e-01 5.539732664690990571e-01 2.490630450291478337e-01
5.115569180623358303e-01 8.118007937857660838e-01 8.438590336671381031e-01 6.231130527658781393e-01 3.212975841090446871e-01 8.229967405133605807e-01 6.003867557808881816e-01 3.051071912594850444e-01 7.262261509695079331e-01 6.075881314629004715e-01 3.203349133547934713e-01 3.095297331248075823e-01 4.900436768131977705e-01 6.273351107300825236e-01 3.987200904714816030e-01 3.596866830950346539e-01 5.208229654818939958e-01 2.975990367115910473e-01 3.133929287414017328e-01 1.321967351915851741e-01 3.867858223266753548e-01 3.273666372682850212e-01 0.000000000000000000e+00 4.558394321111896019e-01 1.729336942255223497e-01 4.432115853281740070e-01 7.194955451441964467e-01 9.012842043435714823e-01 3.120622115629101412e-01 1.291622163505545262e-01 5.128610725817118743e-01 2.042382895706594537e-01 3.375804062678582351e-01 6.664501269942059158e-01 7.973987215064500811e-01 6.022998389706067934e-01 7.202801901699874554e-01 1.479925808794871622e-01 1.583928587706962265e-01 6.877938909398798595e-01 6.585400310000780744e-01 5.903742937322672413e-01 7.121178122668239130e-01 6.064306004090133095e-01 7.147932349631674898e-01 5.947917686083056266e-01 7.452907200545620947e-01 3.497019454332863098e-01 7.948416197991633458e-01 3.812764275139807757e-01
7.740716498606069473e-01 6.024429892687422905e-01 7.758724145238526937e-01 7.768409977176430337e-01 6.638718512867497479e-01 6.362941685362767386e-01 7.214764148997379056e-01 6.948798667455565736e-01 8.631609656656124008e-01 9.372096432455194748e-01 2.461926748603037451e-01 6.274210453270432364e-01 8.436701364153085247e-01 8.891089844788939711e-01 3.630958997847440473e-01 7.128619812504694009e-01 3.457824042336676285e-01 6.528411269272634820e-01 6.495999450189414715e-01 3.273271196052501830e-01 7.680420208195368748e-01 4.997828798792340876e-01 4.558394321111896019e-01 0.000000000000000000e+00 4.344029114620156506e-01 1.837811905979796767e-01 6.578354738554984538e-01 8.460893430891995859e-01 2.551265015886635679e-01 5.811043826738603313e-01 8.890354120787109515e-01 6.541336038690557242e-01 7.075267128745930112e-01 8.736129582593089582e-01 6.111748929097906569e-01 8.331032755352729691e-01 2.647116992589229612e-01 5.863688079104399931e-01 5.255456148464530131e-01 9.273072960777224427e-01 2.202114918165287427e-01 7.090015470747068616e-01 2.647691464777733317e-01 8.368609211095049405e-01 3.556381595943800544e-01 6.952060646585567216e-01 4.931986848053671602e-01 6.507759521404496983e-01 5.603533525194782650e-01 7.172435143697385440e-01
3.812469139630814685e-01 6.588273591451271338e-01 6.722395305115818065e-01 4.628415573791306303e-01 4.930863739754309805e-01 6.653882267351142188e-01 4.337292500726947497e-01 2.618954476177533519e-01 5.654681742047643622e-01 5.167366841941657407e-01 2.202624917181257302e-01 1.997386574992286445e-01 4.136992248471559885e-01 5.011292012990092859e-01 2.473156897538703047e-01 2.802604878035991898e-01 3.833087776555558768e-01 4.687012494638786997e-01 2.182554374977015710e-01 2.051447611123144443e-01 3.336391443739516460e-01 1.561051286857928766e-01 1.729336942255223497e-01 4.344029114620156506e-01 0.000000000000000000e+00 3.528287502169840106e-01 5.489985540751286530e-01 7.287793326255993520e-01 2.096280802447325065e-01 2.676136992521485070e-01 4.555540149699418007e-01 2.709321331903420393e-01 5.052390891886313629e-01 5.213329726753875848e-01 6.406064784817182556e-01 4.629256993338627391e-01 6.829122402102104639e-01 3.020049440501302307e-01 3.313212990781109202e-01 5.544163585119756821e-01 6.538947359155065087e-01 4.230919766450673136e-01 6.987779227807239257e-01 4.670732633622114438e-01 6.107247549623476823e-01 4.254052267074496796e-01 6.052772669811888884e-01 2.308572185830507217e-01 6.479427808821243140e-01 2.885381224722580740e-01
6.323073471956298652e-01 4.425185224794703776e-01 5.942523459715111089e-01 6.089112785324086730e-01 7.192099630385996312e-01 4.709956944109220389e-01 5.501300471942822679e-01 6.083270080526140822e-01 6.896258013411531440e-01 8.085987795337072903e-01 1.328051630149099938e-01 5.183503057748868326e-01 7.292402350490764240e-01 7.409824483971891862e-01 1.956913939940616021e-01 6.079568126641547998e-01 1.637167889832477907e-01 7.023135572188958786e-01 5.446547797902643318e-01 3.433748188825616610e-01 6.710804522925020166e-01 3.639003482028796976e-01 4.432115853281740070e-01 1.837811905979796767e-01 3.528287502169840106e-01 0.000000000000000000e+00 4.746157728412211951e-01 6.642218732000431114e-01 1.433162916433910195e-01 5.715022651131753673e-01 7.821810631513266276e-01 6.135512180393762893e-01 7.530400747799410599e-01 7.126321856766762997e-01 4.448887940899833304e-01 6.793805021964798296e-01 3.531071144044609644e-01 5.899292644149861653e-01 5.600233286518960796e-01 7.718643097640394135e-01 3.715271953126756399e-01 5.377887090771767964e-01 3.976774609865795784e-01 6.828675594159080431e-01 2.718049339446513835e-01 5.216480489742809645e-01 3.443131448053541876e-01 5.325957096748578090e-01 4.074478914992187839e-01 6.049909865068101578e-01
4.877995652055398534e-01 2.367966536097440566e-01 1.275859535605849138e-01 3.298729335854295730e-01 1.040791480603973973e+00 2.060184610143776240e-01 2.725965054746721794e-01 6.646690726041276642e-01 3.419239898673974154e-01 6.653399133908126650e-01 4.802372055891827585e-01 5.469534256401373806e-01 6.590926258749312261e-01 5.311141595587014486e-01 3.454868305073802714e-01 6.101460079611564780e-01 3.123269030434359661e-01 1.016954565904423680e+00 5.733616603016282731e-01 6.969527249471352270e-01 6.756819175564137137e-01 4.093153417598654475e-01 7.194955451441964467e-01 6.578354738554984538e-01 5.489985540751286530e-01 4.746157728412211951e-01 0.000000000000000000e+00 1.937575862741319488e-01 4.799344419063385492e-01 8.123176980394697377e-01 7.236581518741747043e-01 7.808027692659249563e-01 1.054227439780182296e+00 4.432498004045020146e-01 1.978055755356977752e-01 4.600913936485885314e-01 7.447624977927159717e-01 8.494691907343228099e-01 8.762723659980130586e-01 5.176934825202780255e-01 8.163781288968424699e-01 2.682349862010725561e-01 8.230995893849253342e-01 4.610196803874085369e-01 4.768955636242919738e-01 2.416536305701163512e-01 2.985046283419233171e-01 5.246030420332684630e-01 2.730916782558918121e-01 5.845458146680390099e-01
5.883650579809578396e-01 3.268269915046604357e-01 7.040406492198061916e-02 4.033981811255302752e-01 1.221834822535138532e+00 2.815235328296975537e-01 3.692502893244012374e-01 8.076128850001137449e-01 3.619820735907017806e-01 7.406416431900928465e-01 6.739199217745059922e-01 6.948818046389674263e-01 7.638304578078756180e-01 5.941681144090351641e-01 5.383620533219146687e-01 7.436269017691634620e-01 5.006458524743762073e-01 1.197279904199866074e+00 7.182231920574536632e-01 8.872743178460815727e-01 8.032297770255267810e-01 5.803771325426004823e-01 9.012842043435714823e-01 8.460893430891995859e-01 7.287793326255993520e-01 6.642218732000431114e-01 1.937575862741319488e-01 0.000000000000000000e+00 6.734808158426304203e-01 9.855857813085184826e-01 8.260818575903308147e-01 9.415950553170518988e-01 1.231758386637177960e+00 4.907555986687968663e-01 2.924621771912145340e-01 5.318001070561171328e-01 9.084559247473963373e-01 1.024655208000633699e+00 1.059302297350657840e+00 5.592128473360462593e-01 9.922444997537548383e-01 3.714123887119448186e-01 9.931521851308736659e-01 5.312139252408465406e-01 6.247695501668043550e-01 3.511041091786222812e-01 4.287532539942137122e-01 6.656935681534028593e-01 3.782172621608914098e-01 7.142811517287869227e-01
5.190957363944792569e-01 5.159437619797229146e-01 6.070391363077375368e-01 5.303754789275263448e-01 6.099306440390953599e-01 5.343412000154258434e-01 4.795740734676079420e-01 4.672593205694444141e-01 6.223476665764711147e-01 6.855421903753797785e-01 1.075260047163270616e-02 3.833899627772856533e-01 5.979348895479990045e-01 6.340116714529422381e-01 1.369437337125196663e-01 4.719932311143794634e-01 2.168451411791513239e-01 5.903081889903494250e-01 4.082734206419985079e-01 2.353853128513115900e-01 5.328402455952253591e-01 2.447871609241230317e-01 3.120622115629101412e-01 2.551265015886635679e-01 2.096280802447325065e-01 1.433162916433910195e-01 4.799344419063385492e-01 6.734808158426304203e-01 0.000000000000000000e+00 4.374562181186112952e-01 6.478112475033117601e-01 4.717516568763428508e-01 6.377003104338756501e-01 6.216201233083200606e-01 5.079048134648970203e-01 5.787708685120969143e-01 4.815287810528944279e-01 4.600540373010111872e-01 4.450788472371863813e-01 6.731643245364340444e-01 4.722541744825067833e-01 4.671391660738453688e-01 5.096878644831457361e-01 5.825792239265858985e-01 4.078111074485561982e-01 4.570119337298207962e-01 4.379397615738452876e-01 4.021016014444547815e-01 4.922284765434443154e-01 4.720407434358649956e-01
5.272221368751786041e-01 9.247846657940128612e-01 9.327379978501098012e-01 6.687406079034146078e-01 2.531928170592195881e-01 9.326165922072746639e-01 6.577670927872686368e-01 2.767676496816506848e-01 7.700734919143897850e-01 5.830686084545007031e-01 4.462510780391191756e-01 3.298593819509864078e-01 4.615804831919764206e-01 6.330681825416729636e-01 5.111590366755462966e-01 3.482601434653662120e-01 6.403522759501746320e-01 2.265038788458053343e-01 3.219644385851549440e-01 2.539134329778632848e-01 3.515958716393587369e-01 4.053544064655500434e-01 1.291622163505545262e-01 5.811043826738603313e-01 2.676136992521485070e-01 5.715022651131753673e-01 8.123176980394697377e-01 9.855857813085184826e-01 4.374562181186112952e-01 0.000000000000000000e+00 4.682549794599801807e-01 1.181574404846647414e-01 2.497947761700936853e-01 6.907225722706697990e-01 9.076451213039564703e-01 6.225061332570573924e-01 8.458143961708954883e-01 4.339392352259900665e-02 1.386759663756827465e-01 6.984387536037143240e-01 7.775366079895463800e-01 6.492999515199165961e-01 8.327956590813787585e-01 6.264469700901074134e-01 8.426993214361738760e-01 6.584904095467635221e-01 8.648078522520311617e-01 3.705220219530158121e-01 9.113290464292025383e-01 3.769958250197635863e-01
2.388692493232358882e-01 9.296753036589053831e-01 8.026307119883507868e-01 4.231681939586495744e-01 6.944223686371961968e-01 9.144315995961602717e-01 4.608270255103163460e-01 2.083363417173273724e-01 4.890309019280560388e-01 1.368470849713534221e-01 6.583782459633004125e-01 2.644634367448394641e-01 6.465242905101982462e-02 2.604349277136729923e-01 6.122429026423765741e-01 1.763682939262500304e-01 7.456138349742478244e-01 6.688764284844742614e-01 2.400156520719579634e-01 6.252870773436335350e-01 1.269076634143519733e-01 4.255737973971135402e-01 5.128610725817118743e-01 8.890354120787109515e-01 4.555540149699418007e-01 7.821810631513266276e-01 7.236581518741747043e-01 8.260818575903308147e-01 6.478112475033117601e-01 4.682549794599801807e-01 0.000000000000000000e+00 3.517593242901477235e-01 6.672090289591211532e-01 3.620247692085134528e-01 8.971850909292373721e-01 3.023262386987369266e-01 1.129338654157833632e+00 5.062124740951607915e-01 6.065783228921209913e-01 3.238173075581144422e-01 1.109002298002458531e+00 4.614970248798243579e-01 1.152436620412796042e+00 3.041005914570239499e-01 1.003038030116760959e+00 4.860968068846289736e-01 9.269112557363714533e-01 2.512561829418798465e-01 9.429838796836677028e-01 1.774460036834223098e-01
