0.000000000000000000e+00 4.006506073552459357e-01 4.209890316957234924e-01 1.312495709856462134e-01 4.324351861750017068e-01 6.007313893049606168e-01 7.549615089594102768e-01 4.137562077760497670e-01 8.289058243638507406e-01 3.248151183019521437e-01 4.324659867424884285e-01 4.858430976662631018e-01 6.557421184213981791e-01 2.053113033690059375e-01 6.591671292292433648e-01 7.198808040891467863e-01 6.110607257774819390e-01 9.050190472979411371e-01 1.791700292314224729e-01 1.633891900784248119e-01 3.501525084732110549e-01 7.419297389353544103e-01 4.912658114206653881e-01 4.560593290428635593e-01 9.855103337412423059e-01 5.408173870995732768e-01 1.990711564403379874e-01 4.601928789712032009e-01 8.275922941735759653e-02 7.767607133291636323e-01 4.888046661852635810e-01 5.576863184735670886e-01 5.727517166607474230e-01 6.910573399253300275e-01 8.237989010941637602e-01 1.002208560143344585e+00 2.822196476326001569e-01 9.127605338561168846e-01 3.809140152988604866e-01 8.850893936075195922e-01 5.269471536653091981e-01 2.103196877126878583e-01 4.255800435309236018e-01 7.309118651654002985e-01 3.150938902092211280e-01 7.200404750243879493e-01 5.877313444974390233e-01 8.499882870396074930e-01 4.621509069055557695e-01 9.048582125894889527e-01
4.006506073552459357e-01 0.000000000000000000e+00 4.240617130594792616e-01 3.037760670631615700e-01 1.196950673106256108e-01 4.407897043826109473e-01 7.389330823645536839e-01 3.764741095389786962e-01 7.596928491089314228e-01 3.151315004880267945e-01 3.355623898909202429e-01 3.237875795961674963e-01 5.983777891469513888e-01 1.963559070462947420e-01 6.243256942808710352e-01 3.192567468077394111e-01 5.396343517126317435e-01 5.970341234855049972e-01 2.241842519485045260e-01 5.205707157486152425e-01 6.980429371704094388e-01 4.546519603492746864e-01 3.683491326809120725e-01 1.188674390379088758e-01 6.229040649548754915e-01 2.384653180165665909e-01 2.617993213539448472e-01 2.173610759933403414e-01 4.746783384257783345e-01 3.774314846038056559e-01 2.265568603902315403e-01 3.780381132463601079e-01 3.094039135778492433e-01 4.637386292223401041e-01 4.795238604659324277e-01 6.700972770383757382e-01 3.089934100000986117e-01 5.141197169114175569e-01 2.265988060428857365e-01 8.400438386787408840e-01 2.355703830928888298e-01 4.262290046413201305e-01 3.148333537433243290e-01 5.645570173943654790e-01 1.906036494468763554e-01 5.954807719794296128e-01 3.124837204644870803e-01 6.318952226819547491e-01 2.858509352575668849e-01 5.624790053238539755e-01
4.209890316957234924e-01 4.240617130594792616e-01 0.000000000000000000e+00 3.090469247331481539e-01 5.372772425824561271e-01 2.220320814596972170e-01 3.485772940055197333e-01 5.180919040264560932e-02 4.098770825491246383e-01 1.230654236420341413e-01 6.965664769062542838e-01 1.743900544769424188e-01 2.352439465561552701e-01 3.863606073153252329e-01 2.426559701569029337e-01 6.384411604308009025e-01 1.907391635217704495e-01 5.876432672375601074e-01 3.956482114434933806e-01 3.895136634559122624e-01 4.706672702235955574e-01 4.327395673760519590e-01 1.354774853804555923e-01 5.419793880193316538e-01 7.322175199330032136e-01 6.618121206004489165e-01 2.615942378543252289e-01 2.596827187476273280e-01 4.273757823703757119e-01 6.650012961286924096e-01 6.415539138222196014e-01 7.795962425304020504e-01 7.296398571423217128e-01 3.389992912164280225e-01 5.658691198158429803e-01 7.011729066395960830e-01 5.891302666583118075e-01 7.750038889800585640e-01 2.011716125068120087e-01 4.724083899246009910e-01 6.574979439566087658e-01 2.347441327485180751e-01 1.282463887334614749e-01 3.310089657029175458e-01 2.397521014316171262e-01 3.051022007633111821e-01 3.223247898665186351e-01 4.653517811119592396e-01 1.896737361027898416e-01 6.302264440947453750e-01
1.312495709856462134e-01 3.037760670631615700e-01 3.090469247331481539e-01 0.000000000000000000e+00 3.656311169986008469e-01 4.728699649963777341e-01 6.542926653632934464e-01 2.932122672546597086e-01 7.186781006386195880e-01 2.004802690889588013e-01 4.362735239374405105e-01 3.555200433307177943e-01 5.434888817158993746e-01 1.336848871888417778e-01 5.515252588430464842e-01 6.172916077236596522e-01 4.947984565669130697e-01 7.743251830694591886e-01 1.223588770263258907e-01 2.168381502842996744e-01 3.967766349560318262e-01 6.110056365598339756e-01 3.637876972719812363e-01 3.845858005901277021e-01 8.601079292167971291e-01 4.876401947817793903e-01 6.791159293450449441e-02 3.304965156153761852e-01 1.826137588033986958e-01 6.696495653985676810e-01 4.446886605723534003e-01 5.464111833223740389e-01 5.347826228550527361e-01 5.603167148396516195e-01 6.965385488433836203e-01 8.726958292894076985e-01 3.025432677215178501e-01 8.035654255733638562e-01 2.497934565884791513e-01 7.808093596118286239e-01 4.765248223287099627e-01 1.531212994967703911e-01 2.966714867068030448e-01 6.046759403913207764e-01 1.859711741233249227e-01 5.985314911176196073e-01 4.573321179048627227e-01 7.206921279970281979e-01 3.310378216490417747e-01 7.768169203817333335e-01
4.324351861750017068e-01 1.196950673106256108e-01 5.372772425824561271e-01 3.656311169986008469e-01 0.000000000000000000e+00 5.595068167223533617e-01 8.580529305186812561e-01 4.914682327798259864e-01 8.792883885852013082e-01 4.227371597138018799e-01 2.338809239546946750e-01 4.434743114640057327e-01 7.179006805509680067e-01 2.354411952175409217e-01 7.434509286661292737e-01 3.284511900726147515e-01 6.591806716055303994e-01 6.850358396847807674e-01 2.566093520409574169e-01 5.748562618377445199e-01 7.606007332253481579e-01 5.544482891488866638e-01 4.878821098478131613e-01 2.745250518913655569e-02 6.819075124850786374e-01 1.275939693877512493e-01 3.416817155177750975e-01 3.361874126169591692e-01 5.133683501828887330e-01 3.947659932291713858e-01 1.069270808107821019e-01 2.592521285541765641e-01 1.923971217483830543e-01 5.756831706917141522e-01 5.555887117165240197e-01 7.458131064849721215e-01 2.549037826883407409e-01 5.286368099857070568e-01 3.438594446978969765e-01 9.597381857433497920e-01 1.208969323271355673e-01 5.067036598791003765e-01 4.329736533757477246e-01 6.812020871014804468e-01 2.986165665935979763e-01 7.142812503635730392e-01 4.221620389225587133e-01 7.413212754330895660e-01 4.055458885367487221e-01 6.362481181744187309e-01
6.007313893049606168e-01 4.407897043826109473e-01 2.220320814596972170e-01 4.728699649963777341e-01 5.595068167223533617e-01 0.000000000000000000e+00 3.303450584661092870e-01 1.990300022178570216e-01 3.241407112315643491e-01 2.768673856645402220e-01 7.672888655275955649e-01 1.269361653000664059e-01 1.888458803151681908e-01 4.983952633297103474e-01 2.256089948604553808e-01 5.352814716146968577e-01 1.385239646487863296e-01 3.701008898248780987e-01 5.180211736470367034e-01 6.018795230136780861e-01 6.926274765028643809e-01 2.262010407925374722e-01 1.094934744137206900e-01 5.531211212499244079e-01 5.313496585817191198e-01 6.656013914611986770e-01 4.089789909621597275e-01 2.234360076868170952e-01 6.255430817995409898e-01 5.407087100574501370e-01 6.652640529452392704e-01 8.186467105765005137e-01 7.414243434776094377e-01 1.198235632424046321e-01 3.731237726546329236e-01 4.854058699224652051e-01 6.959031955538949044e-01 6.249213885164613957e-01 2.473132635454120820e-01 4.082907256867888135e-01 6.669918432414921883e-01 4.449199071372583192e-01 1.765602034979254498e-01 1.343248209450236541e-01 3.212614307870000907e-01 1.547786715213771147e-01 1.792276518653057316e-01 2.511127184528669787e-01 1.629802803138099554e-01 4.255849532040181238e-01
7.549615089594102768e-01 7.389330823645536839e-01 3.485772940055197333e-01 6.542926653632934464e-01 8.580529305186812561e-01 3.303450584661092870e-01 0.000000000000000000e+00 3.799804125953211154e-01 1.138821305524389954e-01 4.700972223906023650e-01 1.038814679966983734e+00 4.192370699140898771e-01 1.439800634801458312e-01 7.337228430886569841e-01 1.146088077991693766e-01 8.653464934436099210e-01 2.018434338865097433e-01 6.043648284503648771e-01 7.440288877803293843e-01 6.813545565606120569e-01 6.814879328348881771e-01 5.153567401399120618e-01 3.713534790865438140e-01 8.570032062204441248e-01 7.984323406022332259e-01 9.747610203305138166e-01 6.101011311381612234e-01 5.314966677713293119e-01 7.431363047997228133e-01 8.678175174858914209e-01 9.648924997264577419e-01 1.111581614363608583e+00 1.047930960749956286e+00 4.039884595316546312e-01 6.651734458814340112e-01 7.141838409345195871e-01 9.372141304624819202e-01 9.410269239048717482e-01 5.156975861024019059e-01 1.328451961108641777e-01 9.736107112560716814e-01 5.489493327506389519e-01 4.260184118783723606e-01 2.869099216561170618e-01 5.744305951994801429e-01 2.138958655525401986e-01 5.095138309127144050e-01 3.924401724194980789e-01 4.557581791656695192e-01 6.933443050973863153e-01
4.137562077760497670e-01 3.764741095389786962e-01 5.180919040264560932e-02 2.932122672546597086e-01 4.914682327798259864e-01 1.990300022178570216e-01 3.799804125953211154e-01 0.000000000000000000e+00 4.298785869947576166e-01 9.424083228566706993e-02 6.593766196472419239e-01 1.281563667160265374e-01 2.545703391501871193e-01 3.548363990251168221e-01 2.689548034301469381e-01 5.867992836988021876e-01 2.026013035405100637e-01 5.545650212826552794e-01 3.670952861867664008e-01 4.028837194183539916e-01 5.016867488092484617e-01 3.959070788960233345e-01 9.779957128035279834e-02 4.949608055671974038e-01 6.911198925563276640e-01 6.147881478071549610e-01 2.380276283184451502e-01 2.079553703213000704e-01 4.301722389959999338e-01 6.140257532458587297e-01 5.966933143974600950e-01 7.375886638429505204e-01 6.838220418176133020e-01 3.098376385738400018e-01 5.236576967715144137e-01 6.663427122694778326e-01 5.588463416102475989e-01 7.254479369984335735e-01 1.513772896231410647e-01 4.982252294573312201e-01 6.110586221358716985e-01 2.459232788170380990e-01 7.674825234515965378e-02 3.207385456782238520e-01 1.969327784172403006e-01 3.063680643652757496e-01 2.763460147362828967e-01 4.490094950330076329e-01 1.393297013954622465e-01 5.908342180366388252e-01
8.289058243638507406e-01 7.596928491089314228e-01 4.098770825491246383e-01 7.186781006386195880e-01 8.792883885852013082e-01 3.241407112315643491e-01 1.138821305524389954e-01 4.298785869947576166e-01 0.000000000000000000e+00 5.238884300681838635e-01 1.075876522831858972e+00 4.361602233769752979e-01 1.755201521417516786e-01 7.826792466317483710e-01 1.704020295043126021e-01 8.432031886077793192e-01 2.289966620616187554e-01 5.293382695445293384e-01 7.964426890748264043e-01 7.708750023205239721e-01 7.860955232203146181e-01 4.665877602751878350e-01 3.951726088911352019e-01 8.747054888242767889e-01 7.281130583696708847e-01 9.888595020366164334e-01 6.674733579582771137e-01 5.440443739353049146e-01 8.257308047959087682e-01 8.369009516234598989e-01 9.858631473764076780e-01 1.137304355781304954e+00 1.064227352288946493e+00 3.647625599919542827e-01 6.100983547231999538e-01 6.331030202145473407e-01 9.865268311648818234e-01 8.955710890083597997e-01 5.467206101856537659e-01 8.652109295182344728e-02 9.896759480851932134e-01 6.296193742220590472e-01 4.591996960544731388e-01 2.367324771520860904e-01 6.132350152965526657e-01 1.750458623717073559e-01 4.950184306425932657e-01 3.098256809190995109e-01 4.742503986310576125e-01 6.263784517669996887e-01
3.248151183019521437e-01 3.151315004880267945e-01 1.230654236420341413e-01 2.004802690889588013e-01 4.227371597138018799e-01 2.768673856645402220e-01 4.700972223906023650e-01 9.424083228566706993e-02 5.238884300681838635e-01 0.000000000000000000e+00 5.736814704491779437e-01 1.719380386467036781e-01 3.484437334863410562e-01 2.637280916001088493e-01 3.611510320603107393e-01 5.669510833635362790e-01 2.968321469819873437e-01 6.082942931931306640e-01 2.742852966032235940e-01 3.362581706377602564e-01 4.629065727495062510e-01 4.450385769068444519e-01 1.675223780271709317e-01 4.301291015270530260e-01 7.247434800114496145e-01 5.492376150032115545e-01 1.437871540650521029e-01 2.001918743335090178e-01 3.498207189770559666e-01 6.035274422862684229e-01 5.247953332591074327e-01 6.590865360248374660e-01 6.142366737925112341e-01 3.754020725033286321e-01 5.563722678361500140e-01 7.152802090903812582e-01 4.671330686475797522e-01 7.250653713315939886e-01 1.159167057562406622e-01 5.910076977791094421e-01 5.436100248984998551e-01 1.839010015363697625e-01 1.068879495123925549e-01 4.060978504537735012e-01 1.248304581727103652e-01 3.980629428138049986e-01 3.046075376660336009e-01 5.275166388846227461e-01 1.605195365459657075e-01 6.302081515347573992e-01
4.324659867424884285e-01 3.355623898909202429e-01 6.965664769062542838e-01 4.362735239374405105e-01 2.338809239546946750e-01 7.672888655275955649e-01 1.038814679966983734e+00 6.593766196472419239e-01 1.075876522831858972e+00 5.736814704491779437e-01 0.000000000000000000e+00 6.435228050835409830e-01 9.059790566119115818e-01 3.162241052900136018e-01 9.260070325012804693e-01 5.353793047547662498e-01 8.486572663078090217e-01 9.189148847594548197e-01 3.165687440654682550e-01 5.957030072741329452e-01 7.821480422502690155e-01 7.863150953529998155e-01 6.809429737426769824e-01 2.547128364657497701e-01 9.080661821152868907e-01 2.240369416084202758e-01 4.492829485485361207e-01 5.468849427155048071e-01 5.117294010294036744e-01 6.029392207608212928e-01 1.695922360680936491e-01 1.314145828199669574e-01 1.982373512720172481e-01 7.990775641614805691e-01 7.883447988549169283e-01 9.778700935247843784e-01 1.512884610724566647e-01 7.279884572546716504e-01 5.291658423191647476e-01 1.151565401161127378e+00 2.075408049247357833e-01 5.889199989046802752e-01 6.171622704156223271e-01 8.957409456127573000e-01 4.647592744118024810e-01 9.201561258382043862e-01 6.479731514204714049e-01 9.674574734074170568e-01 6.057593976234230126e-01 8.681695368044867189e-01
4.858430976662631018e-01 3.237875795961674963e-01 1.743900544769424188e-01 3.555200433307177943e-01 4.434743114640057327e-01 1.269361653000664059e-01 4.192370699140898771e-01 1.281563667160265374e-01 4.361602233769752979e-01 1.719380386467036781e-01 6.435228050835409830e-01 0.000000000000000000e+00 2.764413001066922115e-01 3.718202136175798866e-01 3.053657240845878418e-01 4.759925636690706119e-01 2.177601906080901262e-01 4.370336964155084325e-01 3.920275886348633110e-01 5.080139395993521489e-01 6.241641861324227492e-01 2.746538524277051252e-01 5.131866330023939632e-02 4.400642547620361444e-01 5.641833188499800755e-01 5.564626691844860584e-01 2.893187593186157813e-01 1.123892458796254407e-01 5.192888547430815072e-01 4.964507197793316950e-01 5.502556560386486773e-01 7.011473199519931976e-01 6.306145020814942770e-01 2.056213396707558816e-01 3.962519712659538507e-01 5.456705987697862970e-01 5.690045408148325379e-01 6.019684578369280947e-01 1.204352076116023268e-01 5.162831509143284148e-01 5.560759036411716538e-01 3.539090079054090232e-01 6.540759073376103960e-02 2.608172815224907293e-01 1.946908930846854846e-01 2.767690148767188996e-01 1.483116103359748417e-01 3.660020121215750710e-01 3.811681774302590198e-02 4.653877553680208501e-01
6.557421184213981791e-01 5.983777891469513888e-01 2.352439465561552701e-01 5.434888817158993746e-01 7.179006805509680067e-01 1.888458803151681908e-01 1.439800634801458312e-01 2.545703391501871193e-01 1.755201521417516786e-01 3.484437334863410562e-01 9.059790566119115818e-01 2.764413001066922115e-01 0.000000000000000000e+00 6.083629483508242730e-01 3.906837715497539498e-02 7.239220507035349916e-01 5.878007286562999395e-02 5.033431636536294107e-01 6.214982715053325446e-01 6.080119225050630849e-01 6.464360729780331827e-01 3.913226105741611227e-01 2.300292855969011119e-01 7.157839477550113072e-01 6.878056191182556622e-01 8.327941915345351553e-01 4.919676686791781273e-01 3.883627107872540951e-01 6.568732382084235821e-01 7.292005865058353020e-01 8.248277249183995075e-01 9.734233400500029720e-01 9.065932111372420055e-01 2.770629488755707026e-01 5.426425904604260664e-01 6.180315742269787416e-01 8.123880791720006211e-01 8.089879432788540381e-01 3.783377399729963009e-01 2.456898124152112894e-01 8.321245015216340857e-01 4.609553586009988990e-01 2.891563564716601586e-01 1.812955452655196642e-01 4.415774439261383466e-01 1.149500669582559642e-01 3.678165602497037723e-01 3.137182674887563083e-01 3.135234861228625158e-01 5.810643221202155262e-01
2.053113033690059375e-01 1.963559070462947420e-01 3.863606073153252329e-01 1.336848871888417778e-01 2.354411952175409217e-01 4.983952633297103474e-01 7.337228430886569841e-01 3.548363990251168221e-01 7.826792466317483710e-01 2.637280916001088493e-01 3.162241052900136018e-01 3.718202136175798866e-01 6.083629483508242730e-01 0.000000000000000000e+00 6.237598736021652268e-01 5.154255418411561873e-01 5.537381388113475911e-01 7.455758328609253249e-01 2.856598132945396828e-02 3.395009481286077047e-01 5.253320104412741998e-01 5.882569658560002912e-01 3.971843264933234696e-01 2.565193852477841152e-01 8.016466916954444466e-01 3.547780810027716392e-01 1.330915903964717262e-01 3.065394172444160237e-01 2.824442085366990485e-01 5.736631762647009802e-01 3.110055232006819215e-01 4.175921655554662437e-01 4.011517929150990591e-01 5.623092693200053560e-01 6.468510703974209575e-01 8.328037963953542899e-01 2.040607033153198913e-01 7.102124772732336666e-01 2.515574143442945720e-01 8.529680117135514106e-01 3.432645825541868478e-01 2.837867181114033244e-01 3.283852429956927166e-01 6.325799086299741525e-01 1.771505409667060715e-01 6.417066965158396696e-01 4.326862269545883044e-01 7.310568025056494168e-01 3.381728598060352309e-01 7.297302931094917788e-01
6.591671292292433648e-01 6.243256942808710352e-01 2.426559701569029337e-01 5.515252588430464842e-01 7.434509286661292737e-01 2.256089948604553808e-01 1.146088077991693766e-01 2.689548034301469381e-01 1.704020295043126021e-01 3.611510320603107393e-01 9.260070325012804693e-01 3.053657240845878418e-01 3.906837715497539498e-02 6.237598736021652268e-01 0.000000000000000000e+00 7.597802997620051180e-01 8.979949959991889719e-02 5.411426687543444691e-01 6.353969579616305374e-01 6.018586577421523032e-01 6.291304362057273947e-01 4.303904378570983513e-01 2.569518241819375715e-01 7.424259704322647702e-01 7.265436547583977722e-01 8.602910960833297649e-01 5.033449108025204177e-01 4.177419387348239033e-01 6.553775525084588605e-01 7.663137333948292218e-01 8.502981240033238297e-01 9.972478084592938385e-01 9.333549636777479508e-01 3.161228039062855544e-01 5.817102487533283295e-01 6.554797352287626833e-01 8.277169269581849953e-01 8.474471718471090487e-01 4.013403033596938951e-01 2.300083188531494571e-01 8.590555172390518246e-01 4.592415814068233071e-01 3.116667294361927243e-01 2.182594516348610181e-01 4.612875893234263391e-01 1.491615921925557309e-01 4.038745061633015054e-01 3.476377377059786666e-01 3.415439672617051059e-01 6.198456827010531134e-01
7.198808040891467863e-01 3.192567468077394111e-01 6.384411604308009025e-01 6.172916077236596522e-01 3.284511900726147515e-01 5.352814716146968577e-01 8.653464934436099210e-01 5.867992836988021876e-01 8.432031886077793192e-01 5.669510833635362790e-01 5.353793047547662498e-01 4.759925636690706119e-01 7.239220507035349916e-01 5.154255418411561873e-01 7.597802997620051180e-01 0.000000000000000000e+00 6.705822929699987167e-01 4.610666205631850922e-01 5.429515075250969103e-01 8.331042885573892720e-01 1.002477279258668252e+00 3.978834576415470337e-01 5.266112172614785258e-01 3.011988006005525964e-01 3.866540569372470260e-01 3.184011157305672302e-01 5.658149099408438243e-01 3.789151483106857898e-01 7.929393388394249120e-01 6.761984368125165124e-02 3.662640748202057872e-01 4.929195281758068647e-01 3.791110702133876909e-01 4.804179991190231647e-01 3.142703984048896282e-01 4.809772232073346587e-01 5.833510855064281131e-01 2.004766486830974470e-01 4.518245046900643547e-01 9.297175399611427027e-01 3.327919241123022953e-01 7.201994908440544352e-01 5.101994646114453857e-01 6.088143529302683099e-01 4.630009053285420451e-01 6.687962968234587580e-01 3.561105812705163132e-01 6.041604121101837865e-01 4.509213062353813473e-01 3.766811248692266134e-01
6.110607257774819390e-01 5.396343517126317435e-01 1.907391635217704495e-01 4.947984565669130697e-01 6.591806716055303994e-01 1.385239646487863296e-01 2.018434338865097433e-01 2.026013035405100637e-01 2.289966620616187554e-01 2.968321469819873437e-01 8.486572663078090217e-01 2.177601906080901262e-01 5.878007286562999395e-02 5.537381388113475911e-01 8.979949959991889719e-02 6.705822929699987167e-01 0.000000000000000000e+00 4.795632489161473222e-01 5.678513152831308197e-01 5.745932503630752919e-01 6.287744606630509825e-01 3.542931672885700212e-01 1.712985731799432365e-01 6.570047196620740770e-01 6.563099646231144169e-01 7.740397400127690952e-01 4.406075520062024964e-01 3.298196611664488409e-01 6.175327704215782809e-01 6.784787934068504667e-01 7.661073447689348281e-01 9.149297182430806696e-01 8.478134716902353540e-01 2.404689581297309586e-01 5.047822430786712555e-01 5.954917712203149360e-01 7.575395141676941613e-01 7.631757421720130052e-01 3.203108402000469646e-01 3.030077630401555311e-01 7.733464188767192882e-01 4.231380728102533961e-01 2.315121667234057989e-01 1.690002172393145208e-01 3.848126414397959882e-01 1.207564238298374365e-01 3.150563344024718826e-01 3.082826554545514131e-01 2.547601936937077816e-01 5.494834394515586418e-01
9.050190472979411371e-01 5.970341234855049972e-01 5.876432672375601074e-01 7.743251830694591886e-01 6.850358396847807674e-01 3.701008898248780987e-01 6.043648284503648771e-01 5.545650212826552794e-01 5.293382695445293384e-01 6.082942931931306640e-01 9.189148847594548197e-01 4.370336964155084325e-01 5.033431636536294107e-01 7.455758328609253249e-01 5.411426687543444691e-01 4.610666205631850922e-01 4.795632489161473222e-01 0.000000000000000000e+00 7.721950964759821678e-01 9.445149140179649461e-01 1.056156631859995088e+00 1.640133560582390515e-01 4.567719768407413894e-01 6.650598042351592021e-01 1.999938678403976322e-01 7.387020548460775382e-01 7.064621323071244019e-01 4.457807966941454980e-01 9.492792804549730068e-01 4.190358853696092845e-01 7.679304386477935340e-01 9.176847927692576290e-01 8.116828150060756419e-01 2.503018077890648563e-01 1.468017362441514095e-01 1.161280324834524230e-01 9.048123580018693213e-01 4.161218039110353151e-01 5.249012025703067019e-01 6.067605056023287480e-01 7.483811050943758314e-01 7.909418411003069638e-01 5.024269952689089935e-01 3.233988100621428829e-01 5.906007238009103322e-01 3.956798296882585442e-01 3.174833425083282146e-01 2.204997666304275294e-01 4.500294908683185047e-01 1.084240254549829752e-01
1.791700292314224729e-01 2.241842519485045260e-01 3.956482114434933806e-01 1.223588770263258907e-01 2.566093520409574169e-01 5.180211736470367034e-01 7.440288877803293843e-01 3.670952861867664008e-01 7.964426890748264043e-01 2.742852966032235940e-01 3.165687440654682550e-01 3.920275886348633110e-01 6.214982715053325446e-01 2.856598132945396828e-02 6.353969579616305374e-01 5.429515075250969103e-01 5.678513152831308197e-01 7.721950964759821678e-01 0.000000000000000000e+00 3.190067544812034694e-01 5.063209012969387413e-01 6.141256187037774650e-01 4.149394917809480776e-01 2.788994216023632511e-01 8.299825826855543598e-01 3.725064537688575483e-01 1.363085523845446179e-01 3.313667924517016972e-01 2.579001829508795751e-01 6.016036390524363009e-01 3.260063223347120509e-01 4.241247593514054226e-01 4.150011917783135718e-01 5.854333175733107408e-01 6.747477720856619454e-01 8.602868059553490099e-01 1.937491651613263977e-01 7.382331475148953270e-01 2.724066573401342506e-01 8.651389726991336460e-01 3.602133700222589496e-01 2.752302620524296195e-01 3.457421927571274201e-01 6.523399749239119361e-01 1.976889319850270721e-01 6.590158392059577430e-01 4.583008475168702245e-01 7.535294228580646791e-01 3.593940270540620374e-01 7.575552476974115601e-01
1.633891900784248119e-01 5.205707157486152425e-01 3.895136634559122624e-01 2.168381502842996744e-01 5.748562618377445199e-01 6.018795230136780861e-01 6.813545565606120569e-01 4.028837194183539916e-01 7.708750023205239721e-01 3.362581706377602564e-01 5.957030072741329452e-01 5.080139395993521489e-01 6.080119225050630849e-01 3.395009481286077047e-01 6.018586577421523032e-01 8.331042885573892720e-01 5.745932503630752919e-01 9.445149140179649461e-01 3.190067544812034694e-01 0.000000000000000000e+00 1.889678998864796899e-01 7.810678694197494831e-01 4.966002279703790045e-01 5.959233537086435772e-01 1.053006411199777226e+00 6.910989095441036900e-01 2.691160563160260866e-01 5.183900134473310439e-01 9.120725793398293257e-02 8.838477725257201101e-01 6.424374273395482282e-01 7.199775230363650858e-01 7.291228696410614329e-01 7.089889439677918848e-01 8.858161147103937871e-01 1.050670856492552874e+00 4.456088373406474346e-01 1.016340696062791427e+00 4.303814552103295554e-01 8.141857493969788528e-01 6.783417006338959832e-01 1.569616706196026168e-01 4.426821119830088858e-01 7.199546315204981006e-01 3.840208716407605971e-01 6.930154538491488658e-01 6.364912451912273506e-01 8.515473653936451726e-01 4.953401436423532922e-01 9.624984092260286950e-01
3.501525084732110549e-01 6.980429371704094388e-01 4.706672702235955574e-01 3.967766349560318262e-01 7.606007332253481579e-01 6.926274765028643809e-01 6.814879328348881771e-01 5.016867488092484617e-01 7.860955232203146181e-01 4.629065727495062510e-01 7.821480422502690155e-01 6.241641861324227492e-01 6.464360729780331827e-01 5.253320104412741998e-01 6.291304362057273947e-01 1.002477279258668252e+00 6.287744606630509825e-01 1.056156631859995088e+00 5.063209012969387413e-01 1.889678998864796899e-01 0.000000000000000000e+00 8.971703664002651513e-01 5.994291983297611592e-01 7.806590642152266835e-01 1.186422090851240396e+00 8.788215372330303587e-01 4.380419442795613350e-01 6.608093683764169057e-01 2.706968909838066706e-01 1.048808398244662543e+00 8.309767016825746477e-01 9.078246755687902070e-01 9.179974429222979015e-01 8.092635049691363491e-01 1.017960406829954145e+00 1.167940548117291089e+00 6.312382852730760163e-01 1.177531089022303190e+00 5.728366789835199757e-01 8.105205273850980552e-01 8.663672768006230873e-01 2.853511031682323673e-01 5.605236743626426099e-01 7.916519638655475921e-01 5.417890608547679676e-01 7.491581891695920925e-01 7.661187341912393256e-01 9.301399388238910104e-01 6.211714079021275481e-01 1.089393898054933585e+00
7.419297389353544103e-01 4.546519603492746864e-01 4.327395673760519590e-01 6.110056365598339756e-01 5.544482891488866638e-01 2.262010407925374722e-01 5.153567401399120618e-01 3.959070788960233345e-01 4.665877602751878350e-01 4.450385769068444519e-01 7.863150953529998155e-01 2.746538524277051252e-01 3.913226105741611227e-01 5.882569658560002912e-01 4.303904378570983513e-01 3.978834576415470337e-01 3.542931672885700212e-01 1.640133560582390515e-01 6.141256187037774650e-01 7.810678694197494831e-01 8.971703664002651513e-01 0.000000000000000000e+00 2.987457671664904280e-01 5.378855351882322333e-01 3.051540537394162866e-01 6.269365782833926648e-01 5.431017533041667678e-01 2.843951066469235234e-01 7.853082155580751733e-01 3.784266122437389135e-01 6.470278638531562487e-01 8.014437546498713871e-01 7.030041015026048390e-01 1.143926506432190182e-01 1.513203403686184390e-01 2.711003623940802520e-01 7.571629080477014773e-01 4.291442212144349622e-01 3.613226313422411295e-01 5.517679125241135019e-01 6.340316287261538175e-01 6.282492591088383316e-01 3.398519457984885417e-01 2.316021237933998944e-01 4.283364687851466401e-01 3.023353554084565742e-01 1.560702538746890633e-01 2.070317204604226191e-01 2.861397464835190863e-01 1.997244821253892910e-01
4.912658114206653881e-01 3.683491326809120725e-01 1.354774853804555923e-01 3.637876972719812363e-01 4.878821098478131613e-01 1.094934744137206900e-01 3.713534790865438140e-01 9.779957128035279834e-02 3.951726088911352019e-01 1.675223780271709317e-01 6.809429737426769824e-01 5.131866330023939632e-02 2.300292855969011119e-01 3.971843264933234696e-01 2.569518241819375715e-01 5.266112172614785258e-01 1.712985731799432365e-01 4.567719768407413894e-01 4.149394917809480776e-01 4.966002279703790045e-01 5.994291983297611592e-01 2.987457671664904280e-01 0.000000000000000000e+00 4.859094841756341765e-01 5.967693228223022173e-01 6.034117742447557831e-01 3.007132140797057485e-01 1.622180887119741843e-01 5.168290588334445435e-01 5.455948126211129789e-01 5.948088303207076377e-01 7.439426947539957702e-01 6.767937458105866000e-01 2.130017150480047750e-01 4.304371212165849503e-01 5.687653895325407438e-01 5.983499513771520784e-01 6.482170448184131351e-01 1.519392583162422761e-01 4.730197971379422328e-01 6.023930860141913923e-01 3.400435507393437806e-01 6.933895944382237331e-02 2.411864632993828139e-01 2.217864358462592889e-01 2.445694086783098686e-01 1.903250052015373894e-01 3.600164231423582661e-01 8.488076733586635836e-02 4.951222399994313905e-01
4.560593290428635593e-01 1.188674390379088758e-01 5.419793880193316538e-01 3.845858005901277021e-01 2.745250518913655569e-02 5.531211212499244079e-01 8.570032062204441248e-01 4.949608055671974038e-01 8.747054888242767889e-01 4.301291015270530260e-01 2.547128364657497701e-01 4.400642547620361444e-01 7.157839477550113072e-01 2.565193852477841152e-01 7.424259704322647702e-01 3.011988006005525964e-01 6.570047196620740770e-01 6.650598042351592021e-01 2.788994216023632511e-01 5.959233537086435772e-01 7.806590642152266835e-01 5.378855351882322333e-01 4.859094841756341765e-01 0.000000000000000000e+00 6.572768519100489204e-01 1.198515813811824454e-01 3.569169539567605409e-01 3.306830855231417954e-01 5.364394578298677940e-01 3.676552476797101399e-01 1.129445302611303964e-01 2.685033325036581542e-01 1.909290267777998262e-01 5.638251192686489777e-01 5.336473576457637646e-01 7.233777343543501548e-01 2.821688925101920042e-01 5.013008509373523269e-01 3.454522035666855451e-01 9.560627019246202840e-01 1.167769815600162298e-01 5.226269364716102928e-01 4.336279634269424310e-01 6.722618113755078895e-01 3.053656044498863076e-01 7.078047934182886136e-01 4.098046267532628462e-01 7.278660114467079278e-01 4.024588967100256043e-01 6.137103063515996215e-01
9.855103337412423059e-01 6.229040649548754915e-01 7.322175199330032136e-01 8.601079292167971291e-01 6.819075124850786374e-01 5.313496585817191198e-01 7.984323406022332259e-01 6.911198925563276640e-01 7.281130583696708847e-01 7.247434800114496145e-01 9.080661821152868907e-01 5.641833188499800755e-01 6.878056191182556622e-01 8.016466916954444466e-01 7.265436547583977722e-01 3.866540569372470260e-01 6.563099646231144169e-01 1.999938678403976322e-01 8.299825826855543598e-01 1.053006411199777226e+00 1.186422090851240396e+00 3.051540537394162866e-01 5.967693228223022173e-01 6.572768519100489204e-01 0.000000000000000000e+00 7.009105576129944781e-01 7.946319900188453245e-01 5.347948240831238431e-01 1.041955166366096863e+00 3.253740548626606333e-01 7.430352302959618571e-01 8.782500283283585230e-01 7.651271074113200621e-01 4.163442084865024984e-01 1.684663495434606528e-01 1.276363571762370863e-01 9.270242809102016146e-01 2.633778514429697681e-01 6.226273702177471669e-01 8.064701655224780774e-01 7.140236156553738667e-01 9.077215056328769016e-01 6.263326023505373374e-01 5.129091543557757760e-01 6.750151487131146322e-01 5.862573361347391820e-01 4.203726282430568228e-01 4.203215482586198370e-01 5.652818151945815384e-01 1.068757674571131494e-01
5.408173870995732768e-01 2.384653180165665909e-01 6.618121206004489165e-01 4.876401947817793903e-01 1.275939693877512493e-01 6.656013914611986770e-01 9.747610203305138166e-01 6.147881478071549610e-01 9.888595020366164334e-01 5.492376150032115545e-01 2.240369416084202758e-01 5.564626691844860584e-01 8.327941915345351553e-01 3.547780810027716392e-01 8.602910960833297649e-01 3.184011157305672302e-01 7.740397400127690952e-01 7.387020548460775382e-01 3.725064537688575483e-01 6.910989095441036900e-01 8.788215372330303587e-01 6.269365782833926648e-01 6.034117742447557831e-01 1.198515813811824454e-01 7.009105576129944781e-01 0.000000000000000000e+00 4.680224182314938752e-01 4.455028496696321061e-01 6.232844322798912762e-01 3.851195636401941735e-01 6.010976465967366594e-02 1.796299968131854219e-01 7.698091231709587590e-02 6.660542201475864177e-01 5.987474295452536177e-01 7.827321981522380456e-01 3.138070904888160539e-01 5.056871766850444816e-01 4.650207651885998050e-01 1.071222101367165003e+00 1.710550362092751880e-02 6.321402214536033792e-01 5.527806853978648460e-01 7.800521577907099102e-01 4.246514863285764108e-01 8.196500463930596059e-01 5.123964281027283407e-01 8.249467537151352614e-01 5.192827669780286648e-01 6.738215963121704233e-01
1.990711564403379874e-01 2.617993213539448472e-01 2.615942378543252289e-01 6.791159293450449441e-02 3.416817155177750975e-01 4.089789909621597275e-01 6.101011311381612234e-01 2.380276283184451502e-01 6.674733579582771137e-01 1.437871540650521029e-01 4.492829485485361207e-01 2.893187593186157813e-01 4.919676686791781273e-01 1.330915903964717262e-01 5.033449108025204177e-01 5.658149099408438243e-01 4.406075520062024964e-01 7.064621323071244019e-01 1.363085523845446179e-01 2.691160563160260866e-01 4.380419442795613350e-01 5.431017533041667678e-01 3.007132140797057485e-01 3.569169539567605409e-01 7.946319900188453245e-01 4.680224182314938752e-01 0.000000000000000000e+00 2.631838429383893674e-01 2.473519598299679656e-01 6.151042074273068705e-01 4.315588054607651380e-01 5.485826359611759573e-01 5.227366825223994651e-01 4.934070047007881876e-01 6.302135300217042158e-01 8.052390393838276816e-01 3.297780567630325677e-01 7.472351010645842395e-01 1.818853616124208039e-01 7.333522012127609013e-01 4.588050552537253357e-01 1.659273128671619468e-01 2.324192157557875837e-01 5.418900564087825167e-01 1.196248627826459465e-01 5.395816615144193307e-01 3.895928454843807232e-01 6.551290150806983181e-01 2.637128898638406715e-01 7.100539018670630753e-01
4.601928789712032009e-01 2.173610759933403414e-01 2.596827187476273280e-01 3.304965156153761852e-01 3.361874126169591692e-01 2.234360076868170952e-01 5.314966677713293119e-01 2.079553703213000704e-01 5.440443739353049146e-01 2.001918743335090178e-01 5.468849427155048071e-01 1.123892458796254407e-01 3.883627107872540951e-01 3.065394172444160237e-01 4.177419387348239033e-01 3.789151483106857898e-01 3.298196611664488409e-01 4.457807966941454980e-01 3.313667924517016972e-01 5.183900134473310439e-01 6.608093683764169057e-01 2.843951066469235234e-01 1.622180887119741843e-01 3.306830855231417954e-01 5.347948240831238431e-01 4.455028496696321061e-01 2.631838429383893674e-01 0.000000000000000000e+00 5.097183576411816741e-01 4.084851892639569937e-01 4.422634844661179621e-01 5.952398399322169631e-01 5.203725075966090241e-01 2.592692498213650665e-01 3.684307042543139565e-01 5.422135101696563542e-01 4.890689882589062121e-01 5.260169814123006882e-01 8.858024454993705665e-02 6.258103261896079683e-01 4.457953358226438012e-01 3.769542496950123445e-01 1.315862316611645655e-01 3.489160601882501656e-01 1.451286464764119655e-01 3.781636708821218829e-01 1.284832003489584373e-01 4.294614048662491745e-01 7.782825089384499961e-02 4.472692411690583070e-01
8.275922941735759653e-02 4.746783384257783345e-01 4.273757823703757119e-01 1.826137588033986958e-01 5.133683501828887330e-01 6.255430817995409898e-01 7.431363047997228133e-01 4.301722389959999338e-01 8.257308047959087682e-01 3.498207189770559666e-01 5.117294010294036744e-01 5.192888547430815072e-01 6.568732382084235821e-01 2.824442085366990485e-01 6.553775525084588605e-01 7.929393388394249120e-01 6.175327704215782809e-01 9.492792804549730068e-01 2.579001829508795751e-01 9.120725793398293257e-02 2.706968909838066706e-01 7.853082155580751733e-01 5.168290588334445435e-01 5.364394578298677940e-01 1.041955166366096863e+00 6.232844322798912762e-01 2.473519598299679656e-01 5.097183576411816741e-01 0.000000000000000000e+00 8.478453669105998625e-01 5.715284710579012772e-01 6.384305749450270850e-01 6.554649050980335678e-01 7.244873786508225777e-01 8.774603398180840230e-01 1.050692515606646227e+00 3.606503701207330326e-01 9.829122762868327534e-01 4.253044444717365424e-01 8.752976359979429688e-01 6.095236140950268666e-01 1.961747472780488999e-01 4.557038171333068766e-01 7.509066971913508359e-01 3.669749606556509391e-01 7.320794408058086677e-01 6.343559331941022172e-01 8.766330434594596932e-01 5.003878875742381327e-01 9.569623703539462678e-01
7.767607133291636323e-01 3.774314846038056559e-01 6.650012961286924096e-01 6.696495653985676810e-01 3.947659932291713858e-01 5.407087100574501370e-01 8.678175174858914209e-01 6.140257532458587297e-01 8.369009516234598989e-01 6.035274422862684229e-01 6.029392207608212928e-01 4.964507197793316950e-01 7.292005865058353020e-01 5.736631762647009802e-01 7.663137333948292218e-01 6.761984368125165124e-02 6.784787934068504667e-01 4.190358853696092845e-01 6.016036390524363009e-01 8.838477725257201101e-01 1.048808398244662543e+00 3.784266122437389135e-01 5.455948126211129789e-01 3.676552476797101399e-01 3.253740548626606333e-01 3.851195636401941735e-01 6.151042074273068705e-01 4.084851892639569937e-01 8.478453669105998625e-01 0.000000000000000000e+00 4.337302436972984010e-01 5.580956015219009636e-01 4.438757612132971375e-01 4.721392524291992965e-01 2.736823572092308976e-01 4.267779449125316260e-01 6.496030287424611194e-01 1.368933564243765555e-01 4.876142194748320779e-01 9.232457872463953885e-01 3.997673877346568649e-01 7.645971939814151241e-01 5.373669411009279751e-01 6.004240347300952019e-01 5.071401853367248913e-01 6.645464751605196785e-01 3.643180404967623076e-01 5.805035019712979638e-01 4.754559632229830579e-01 3.267639791681704042e-01
4.888046661852635810e-01 2.265568603902315403e-01 6.415539138222196014e-01 4.446886605723534003e-01 1.069270808107821019e-01 6.652640529452392704e-01 9.648924997264577419e-01 5.966933143974600950e-01 9.858631473764076780e-01 5.247953332591074327e-01 1.695922360680936491e-01 5.502556560386486773e-01 8.248277249183995075e-01 3.110055232006819215e-01 8.502981240033238297e-01 3.662640748202057872e-01 7.661073447689348281e-01 7.679304386477935340e-01 3.260063223347120509e-01 6.424374273395482282e-01 8.309767016825746477e-01 6.470278638531562487e-01 5.948088303207076377e-01 1.129445302611303964e-01 7.430352302959618571e-01 6.010976465967366594e-02 4.315588054607651380e-01 4.422634844661179621e-01 5.715284710579012772e-01 4.337302436972984010e-01 0.000000000000000000e+00 1.558101395827070912e-01 9.119019292218454031e-02 6.764431254758871415e-01 6.317210663313221897e-01 8.188398278641259020e-01 2.539759119865563908e-01 5.584772908626296495e-01 4.502438800460126789e-01 1.066538540241225075e+00 4.317404810046873709e-02 5.928552008179417410e-01 5.395589838769709878e-01 7.851656422097981203e-01 4.019831469313042138e-01 8.200235112116078806e-01 5.223434881851048983e-01 8.396467885015218569e-01 5.123703831792644214e-01 7.092998441560480760e-01
