0.000000000000000000e+00 2.865467103223112155e-01 4.756769164219546431e-01 1.690141053538222748e-01 2.461412557952782354e-01 7.265538831289739541e-01 9.450438531973891498e-01 9.896459552663708914e-01 4.603627239117843439e-01 5.795358877229427053e-02 2.351942448207414160e-01 6.462506136363727061e-01 5.507479442380686097e-01 3.670406008147518717e-01 6.969782663709476189e-01 2.379465185174485520e-01 5.929220869960171170e-01 7.437934501150740285e-01 4.205766209797048294e-01 7.388765819583580363e-01 2.880303553363479652e-01 2.875603826784662864e-01 1.945540556348798744e-01 3.219158894923251357e-01 3.026336968581626041e-01 4.269518096483990166e-01 5.409255913016267625e-01 5.889647773945664300e-01 7.747299061640158246e-01 5.832221281533701562e-01 5.856970565818412355e-01 7.050827319061965526e-02 5.675305487296801177e-01 5.063255783505283825e-01 3.056961145585316841e-01 2.037649738085986761e-01 4.920708652945181560e-01 8.470025898854339763e-01 5.697056369900264094e-01 4.585156730796213220e-01 1.891518941393588449e-01 3.117289274569223778e-01 7.878945671696795383e-01 7.508334099550262319e-01 7.007928318567067105e-01 3.651583311030964230e-01 5.465366691659003795e-01 1.696601884368663937e-01 5.722730958409528723e-01 1.872830170575275344e-01
2.865467103223112155e-01 0.000000000000000000e+00 7.579395823433086044e-01 4.555590946200916425e-01 4.991900001776369278e-01 1.001284489085104701e+00 1.216504827267517630e+00 1.263287078924616003e+00 7.237174353359803192e-01 3.158782356943893310e-01 4.775227388909308313e-01 8.610773226328226615e-01 7.703378759118881813e-01 5.953253467657347864e-01 9.830178540250680275e-01 3.535132247811251793e-01 7.829448098666155209e-01 1.029749096863253666e+00 6.818971318502384804e-01 9.222181332918645280e-01 4.752531523059765894e-01 5.454222277019754594e-01 4.677944270739238797e-01 3.109767049163387198e-01 5.455763779668413305e-01 6.891269167062982204e-01 8.271060220203140245e-01 8.237022214296253475e-01 1.011702633735741985e+00 8.480541324317344420e-01 7.843429682153065796e-01 2.189395957065366494e-01 7.855351143333246799e-01 7.896351333014058893e-01 5.809640315490236517e-01 3.012238851775487225e-01 7.093643435448093726e-01 1.095163764829261588e+00 8.169849616677681281e-01 7.431558350813923797e-01 4.485056583593431401e-01 5.886480357025579702e-01 8.693080847486411855e-01 8.818422246875015080e-01 9.768927652447649823e-01 3.722683891628016384e-01 7.807874512899591890e-01 2.165681739888765389e-01 8.585541828818035182e-01 2.807126150665218978e-01
4.756769164219546431e-01 7.579395823433086044e-01 0.000000000000000000e+00 3.125493099908780437e-01 3.842591232031293269e-01 4.099631063157259114e-01 6.103489975144298363e-01 6.389778558481712389e-01 3.357970582516651703e-01 4.422975880156960193e-01 3.142932564372713511e-01 5.945328169287692477e-01 3.270220751478917776e-01 4.420840619113686754e-01 2.371845883209903472e-01 5.950720540294002214e-01 6.255658509148358526e-01 3.199633756060321632e-01 1.556641345316865099e-01 7.360247956593614083e-01 3.941662007510652321e-01 2.422929038541804247e-01 3.500001298195353772e-01 7.296878594082405467e-01 4.009377198714773050e-01 3.353512791143091754e-01 1.026893020020229613e-01 2.947462458371756244e-01 6.132025711203575868e-01 3.749773953472705368e-01 6.009659254123360661e-01 5.394970674996073523e-01 3.387327082383445043e-01 2.008158168450926984e-01 1.821850107533653229e-01 6.012504169825803046e-01 5.069885976711783204e-01 6.285035669413000514e-01 2.395893295077166918e-01 3.771772362886023633e-02 3.900663165974847524e-01 2.741449714581999375e-01 9.608428296591454698e-01 8.510109861939022524e-01 3.815295645230495358e-01 7.445567447523600002e-01 2.775885040555172711e-01 5.764895197272843497e-01 1.712108482731427850e-01 5.360862574536906511e-01
1.690141053538222748e-01 4.555590946200916425e-01 3.125493099908780437e-01 0.000000000000000000e+00 1.632423498422895247e-01 5.704027844267302028e-01 7.903606514017076368e-01 8.327125805358919219e-01 3.247135564597516955e-01 1.529137413783318578e-01 1.735160153361528790e-01 5.518917513835865929e-01 4.565264782958962653e-01 2.875210345729618533e-01 5.284349653105261391e-01 3.061914661284679817e-01 5.247039937316662073e-01 5.755011862585555082e-01 2.890209747536072182e-01 6.667192790395122248e-01 2.741422387542647998e-01 1.807429357386352298e-01 9.095934046085395186e-02 4.304080577699021526e-01 2.178240650032250425e-01 2.951532502559365279e-01 3.723083963678102681e-01 4.769944958731429097e-01 6.545706601544422076e-01 4.405541863892517007e-01 5.103366460444236363e-01 2.378920692946860649e-01 4.735807622722199017e-01 3.420314903209177859e-01 1.620623289838061531e-01 2.997719018517951972e-01 4.072830596492378885e-01 7.148818624434488678e-01 4.457027684695171743e-01 2.921608290874216918e-01 1.243495033159570107e-01 1.652883809189238107e-01 7.872105198110029844e-01 7.183044124314738044e-01 5.434343276577041637e-01 4.559569825677271537e-01 4.377084475376586403e-01 3.079746723743536641e-01 4.036682329903569233e-01 2.931624408729425757e-01
2.461412557952782354e-01 4.991900001776369278e-01 3.842591232031293269e-01 1.632423498422895247e-01 0.000000000000000000e+00 5.056779383241267745e-01 7.181128418351755416e-01 7.657697820977781289e-01 2.246266413199385359e-01 2.674807639821468741e-01 3.366902962024847512e-01 4.042347618791172770e-01 6.022962300256742285e-01 1.282630846186077755e-01 5.512405603469531234e-01 2.229388459956905266e-01 3.650487166509557846e-01 5.657156549527407874e-01 4.175931820660427896e-01 5.092205351235298272e-01 4.365412193429587528e-01 3.350925475503557793e-01 7.271002500733533824e-02 3.618471085896459161e-01 5.877079341640711191e-02 1.899936157494942213e-01 4.042967471112508537e-01 6.113270774625604309e-01 5.286679264396527689e-01 3.489035154288313012e-01 3.528872798426003210e-01 3.107849148472750511e-01 6.189967805477791796e-01 3.186177492188920768e-01 2.943271884498795954e-01 2.456020265686718607e-01 2.527778797050891368e-01 6.030473505095989006e-01 5.715577685597430513e-01 3.520604623057957960e-01 5.715858803037895952e-02 1.179080875326307121e-01 6.281002735633179901e-01 5.550972242244130994e-01 4.828686023453948595e-01 3.662401095344534618e-01 5.756567783776153080e-01 4.148559493612817839e-01 4.073694857035326522e-01 4.207302000226857408e-01
7.265538831289739541e-01 1.001284489085104701e+00 4.099631063157259114e-01 5.704027844267302028e-01 5.056779383241267745e-01 0.000000000000000000e+00 2.200602117198399155e-01 2.630967945724432822e-01 2.846072022575382721e-01 7.227389405790399790e-01 6.715112749606907405e-01 3.613554236571401845e-01 7.311597207848082869e-01 4.463624454118923501e-01 2.915293917916736421e-01 7.090446063810459387e-01 4.547860541052091699e-01 1.943870879976533628e-01 5.639836290956397047e-01 4.874343149813040732e-01 7.714800242051196300e-01 6.131580521416086782e-01 5.346212054765979715e-01 8.413178840142626624e-01 4.697145133764166203e-01 3.186586969221392174e-01 3.117858433099867099e-01 6.858592572922533881e-01 2.689119148427078776e-01 1.688418608418922884e-01 4.275641838969469477e-01 7.968067026231234751e-01 7.408711734227790835e-01 2.386124546085779397e-01 5.390613222091327206e-01 7.438792157093463420e-01 3.975426948928673654e-01 2.384112806537370677e-01 6.284760345623786604e-01 3.863366172305937041e-01 5.531244505435057857e-01 4.149324975422082895e-01 8.021749100279641498e-01 6.560925985101548896e-01 2.901641159196478165e-02 8.249282311283838709e-01 6.784547363023794020e-01 8.783518330050339440e-01 2.404532843348196613e-01 8.598912159186500315e-01
9.450438531973891498e-01 1.216504827267517630e+00 6.103489975144298363e-01 7.903606514017076368e-01 7.181128418351755416e-01 2.200602117198399155e-01 0.000000000000000000e+00 5.310799247283039259e-02 4.937200765164105887e-01 9.425291251646717994e-01 8.885066713625234813e-01 4.817135648367601997e-01 9.172967020626758838e-01 6.438544877169899427e-01 4.338158029055046994e-01 9.108251004853590294e-01 5.899597646430200237e-01 3.186970855646651946e-01 7.660052178173760717e-01 5.693487357329890530e-01 9.863751369733719798e-01 8.276672371304975018e-01 7.519446589012506177e-01 1.037753119869042173e+00 6.771638447647659875e-01 5.283797342998851621e-01 5.080180995525178655e-01 8.633435459585367955e-01 3.234844535997690174e-01 3.701986269660363371e-01 5.665066363607934585e-01 1.015073456948309527e+00 9.248752184635975482e-01 4.566133974005009977e-01 7.541763476446372572e-01 9.495219241385919329e-01 5.695628801941333696e-01 2.286237110589547650e-01 8.070668819482574863e-01 5.921341956979472299e-01 7.680539235194798753e-01 6.333474234817312309e-01 9.026675007943048001e-01 7.493607602406369139e-01 2.476680901189969308e-01 1.014731874987146121e+00 8.629262077548960352e-01 1.098260404795437184e+00 4.397933944609819790e-01 1.079871675052813007e+00
9.896459552663708914e-01 1.263287078924616003e+00 6.389778558481712389e-01 8.327125805358919219e-01 7.657697820977781289e-01 2.630967945724432822e-01 5.310799247283039259e-02 0.000000000000000000e+00 5.419086808944606481e-01 9.853242809830422555e-01 9.248503638324326870e-01 5.346196892674853762e-01 9.383980588019747993e-01 6.944805737027935910e-01 4.486125559322121648e-01 9.611493714766189411e-01 6.429850461678378037e-01 3.349996646686658752e-01 7.942116053266738973e-01 6.201627441893878823e-01 1.020827238363573031e+00 8.622084655648917240e-01 7.974207405934649051e-01 1.088942816540103387e+00 7.261266049710336512e-01 5.765151781076296444e-01 5.362898407795275713e-01 8.817090460430704324e-01 3.748861652651189202e-01 4.192088698047650164e-01 6.195899990844562222e-01 1.059881618747754661e+00 9.451608516832050721e-01 4.953499135724121483e-01 7.893617288161974832e-01 9.991578484097813906e-01 6.221110446707278641e-01 2.778497333808085945e-01 8.261944092745967527e-01 6.231637009927425419e-01 8.148029104312204396e-01 6.779906655189729126e-01 9.536637340810116825e-01 8.002266304695881960e-01 2.893607938411802971e-01 1.066614193232840346e+00 8.837252850517079983e-01 1.140666770882881265e+00 4.702451697386661467e-01 1.120425183320059581e+00
4.603627239117843439e-01 7.237174353359803192e-01 3.357970582516651703e-01 3.247135564597516955e-01 2.246266413199385359e-01 2.846072022575382721e-01 4.937200765164105887e-01 5.419086808944606481e-01 0.000000000000000000e+00 4.679227619958244988e-01 4.683500988380857044e-01 2.640911398618043804e-01 6.417741274764863224e-01 1.687456695392282324e-01 4.032712163313989517e-01 4.249780654077544573e-01 2.908347171539518161e-01 3.809599688172590759e-01 4.466993876708073019e-01 4.025276172165712096e-01 5.754110462100699985e-01 4.315484286456183760e-01 2.659988675135717129e-01 5.589709133932718732e-01 1.851404140885744010e-01 3.466391719033803942e-02 2.950089389496929337e-01 6.240197224779712171e-01 3.322138398447127550e-01 1.243596388814375842e-01 2.655707456186555682e-01 5.287556237708249673e-01 6.561549820681749079e-01 1.632694955972845974e-01 3.627533398774519524e-01 4.592845846584781011e-01 1.775797202746970671e-01 3.905816094856642828e-01 5.717315748428730693e-01 2.982866425417252665e-01 2.763897317184065283e-01 1.597231656093578145e-01 6.360324974651598851e-01 5.173973914376773786e-01 2.641903210509102262e-01 5.468276485982186408e-01 5.996074893139721196e-01 6.229554523456268811e-01 2.600309345061669331e-01 6.163565258266111568e-01
5.795358877229427053e-02 3.158782356943893310e-01 4.422975880156960193e-01 1.529137413783318578e-01 2.674807639821468741e-01 7.227389405790399790e-01 9.425291251646717994e-01 9.853242809830422555e-01 4.679227619958244988e-01 0.000000000000000000e+00 1.804593231874876968e-01 6.716765519062956047e-01 4.952036665533304793e-01 3.938612072569277478e-01 6.702729233666588904e-01 2.931500340194104215e-01 6.260687429719701269e-01 7.248593899580806355e-01 3.734298715649414513e-01 7.717982850949707263e-01 2.302459009347356256e-01 2.380076384350100493e-01 2.049378997661511492e-01 3.797865409536054782e-01 3.260097849803811343e-01 4.359677017421395573e-01 5.152277562213850581e-01 5.357284516547466957e-01 7.909943802176773175e-01 5.879057599332293549e-01 6.167119240374263622e-01 9.956352361515501126e-02 5.118757317329699630e-01 4.947623701438720878e-01 2.655254338320225949e-01 2.611419887100438486e-01 5.193011763535648750e-01 8.579924577412527675e-01 5.189839464234816679e-01 4.288514527227310635e-01 2.110620876571038529e-01 3.121445243500417521e-01 8.374831882046661624e-01 7.939670494508365151e-01 6.959789544262943162e-01 4.229915713905118557e-01 4.930352180207423496e-01 1.560753075324866346e-01 5.526924310534556684e-01 1.532495788203928067e-01
2.351942448207414160e-01 4.775227388909308313e-01 3.142932564372713511e-01 1.735160153361528790e-01 3.366902962024847512e-01 6.715112749606907405e-01 8.885066713625234813e-01 9.248503638324326870e-01 4.683500988380857044e-01 1.804593231874876968e-01 0.000000000000000000e+00 7.142362060391749257e-01 3.156181234767436172e-01 4.591510638922327581e-01 5.514771958968854859e-01 4.494115656360362365e-01 6.952146490406593271e-01 6.273785425001207061e-01 2.061462232433071695e-01 8.351608264205770960e-01 1.071236127722637876e-01 7.351838495432255760e-02 2.644576599652161963e-01 5.534083928476274394e-01 3.901676740310514035e-01 4.441526701521562592e-01 4.067469623078230900e-01 3.555205227092975706e-01 7.999295515228997955e-01 5.699850785112541285e-01 6.794427839029527627e-01 2.753116291049514386e-01 3.324488174633432047e-01 4.329001646138246340e-01 1.371842761898925678e-01 4.278736044351268974e-01 5.754670108055385258e-01 8.481489435212793415e-01 3.415019148670179749e-01 3.142261912239799893e-01 2.955170302828648565e-01 3.137445444611524636e-01 9.588916344950976223e-01 8.917866503632958519e-01 6.427919916759865515e-01 5.910576007813923560e-01 3.127252387181348459e-01 2.737154611472492061e-01 4.611148868946404744e-01 2.250727824210784767e-01
6.462506136363727061e-01 8.610773226328226615e-01 5.945328169287692477e-01 5.518917513835865929e-01 4.042347618791172770e-01 3.613554236571401845e-01 4.817135648367601997e-01 5.346196892674853762e-01 2.640911398618043804e-01 6.716765519062956047e-01 7.142362060391749257e-01 0.000000000000000000e+00 9.058274217126869310e-01 2.792115912330793148e-01 6.043013182225183133e-01 5.125137599554234757e-01 1.097197816413931770e-01 5.387444976360191706e-01 7.107751818226104579e-01 1.430704163360755621e-01 8.205869778775932710e-01 6.870648013279245792e-01 4.710600420081378359e-01 6.133492968663213363e-01 3.456740378173017159e-01 2.773914183277274570e-01 5.366222190630151045e-01 8.864318058356440710e-01 1.737608712870905847e-01 2.419378743310819924e-01 9.040678216856261329e-02 7.052304481361105770e-01 9.201347204067938934e-01 4.021107173605336094e-01 6.219687701474666541e-01 5.622322535478795347e-01 1.547512201301559920e-01 2.761307976826704036e-01 8.330840987701128020e-01 5.577616792869843909e-01 4.607132725836209919e-01 4.015691927255921057e-01 4.408984945059894467e-01 2.957299012452117015e-01 3.623019326093787629e-01 5.757680991135629700e-01 8.631607295371515054e-01 8.159072103815550037e-01 4.832602184506200049e-01 8.249178352131621983e-01
5.507479442380686097e-01 7.703378759118881813e-01 3.270220751478917776e-01 4.565264782958962653e-01 6.022962300256742285e-01 7.311597207848082869e-01 9.172967020626758838e-01 9.383980588019747993e-01 6.417741274764863224e-01 4.952036665533304793e-01 3.156181234767436172e-01 9.058274217126869310e-01 0.000000000000000000e+00 7.027203569328550614e-01 4.936470414439278476e-01 7.572990936270984630e-01 9.192396938932011485e-01 6.039554769435542259e-01 1.959079868821257953e-01 1.043284016879679532e+00 2.956717795982065633e-01 2.768748844308991375e-01 5.389425207469602519e-01 8.679375757701568439e-01 6.428726016997114989e-01 6.319355745893335818e-01 4.195879407492375535e-01 7.453388055997650641e-02 9.391631541746047196e-01 6.994407441208776444e-01 8.975848169210590699e-01 5.859941394164605022e-01 1.710960329989526588e-02 5.264428868356921809e-01 3.083544513987734326e-01 7.406020932532976220e-01 7.961708924535350063e-01 9.550677805655939379e-01 1.166228114639566993e-01 3.587023599423024844e-01 5.779065967373804291e-01 5.287651046268885269e-01 1.226996984842787741e+00 1.136815198593876808e+00 7.035445275554568223e-01 9.030008820602410946e-01 5.482590398380136204e-02 5.543680563505785086e-01 4.909334298437206257e-01 4.920446682231835456e-01
3.670406008147518717e-01 5.953253467657347864e-01 4.420840619113686754e-01 2.875210345729618533e-01 1.282630846186077755e-01 4.463624454118923501e-01 6.438544877169899427e-01 6.944805737027935910e-01 1.687456695392282324e-01 3.938612072569277478e-01 4.591510638922327581e-01 2.792115912330793148e-01 7.027203569328550614e-01 0.000000000000000000e+00 5.603682013979406351e-01 2.672258574637306205e-01 2.374339391373854746e-01 5.483086817067265306e-01 5.101814139782873125e-01 3.810251883768064896e-01 5.616402153982196221e-01 4.482704822332693184e-01 1.994943824269472255e-01 3.954507981857852683e-01 7.012533428278991399e-02 1.406586760251487267e-01 4.322913612864931476e-01 7.020182731940193266e-01 4.168980037996375398e-01 2.782359652505427827e-01 2.246359551360060103e-01 4.268435070876895887e-01 7.188456722095561968e-01 3.157043734570615379e-01 3.964758161263959857e-01 3.085978110262955210e-01 1.254986576999958803e-01 5.004759465453845202e-01 6.565954574700254565e-01 4.055759569895630579e-01 1.829887362455153155e-01 1.757227261296265552e-01 5.260735005047540991e-01 4.372304145138137255e-01 4.286539342669464236e-01 3.792985051470591507e-01 6.700380977554046824e-01 5.366991077990773684e-01 4.136037342630206615e-01 5.468722903746148223e-01
6.969782663709476189e-01 9.830178540250680275e-01 2.371845883209903472e-01 5.284349653105261391e-01 5.512405603469531234e-01 2.915293917916736421e-01 4.338158029055046994e-01 4.486125559322121648e-01 4.032712163313989517e-01 6.702729233666588904e-01 5.514771958968854859e-01 6.043013182225183133e-01 4.936470414439278476e-01 5.603682013979406351e-01 0.000000000000000000e+00 7.740007855838840767e-01 6.721559060427646504e-01 1.151739729086967284e-01 3.760043424909249032e-01 7.442543102191070403e-01 6.283902061067848654e-01 4.793230457759721785e-01 5.409203606106326445e-01 9.127869626949279835e-01 5.453891973154728623e-01 4.228085755592199124e-01 1.561326868341398610e-01 4.338938306446850079e-01 5.539616529587564342e-01 3.630865466283174081e-01 6.443979362070947348e-01 7.642037079570240810e-01 4.991594364955612706e-01 2.446721255157618125e-01 4.180880623874444479e-01 7.914250388044525852e-01 5.754627617223289082e-01 5.294287422672988574e-01 3.792800740350108502e-01 2.423411404862277074e-01 5.757119847331585438e-01 4.336201228982903833e-01 1.027353711990168783e+00 8.945074278637449305e-01 2.720469161801157831e-01 9.159969245863688325e-01 4.388269934294167229e-01 8.107094454019474483e-01 1.470379561697045812e-01 7.725070421603675852e-01
2.379465185174485520e-01 3.535132247811251793e-01 5.950720540294002214e-01 3.061914661284679817e-01 2.229388459956905266e-01 7.090446063810459387e-01 9.108251004853590294e-01 9.611493714766189411e-01 4.249780654077544573e-01 2.931500340194104215e-01 4.494115656360362365e-01 5.125137599554234757e-01 7.572990936270984630e-01 2.672258574637306205e-01 7.740007855838840767e-01 0.000000000000000000e+00 4.298267713053197103e-01 7.866719258695430428e-01 5.951091902427479985e-01 5.687820012298965278e-01 5.210171810288207750e-01 4.808050344529806175e-01 2.453023564738079365e-01 1.389156104023509530e-01 2.416019399374978727e-01 3.917706957744391816e-01 6.254138454009280368e-01 7.824373543721393487e-01 6.713603221192471215e-01 5.430223669861332647e-01 4.324346362595383741e-01 2.580476797940086664e-01 7.744066486203345923e-01 5.403836853527047568e-01 4.677789442302299761e-01 5.304773807485548692e-02 3.656292781062622232e-01 7.616874440788583556e-01 7.518743661034760217e-01 5.660788640572720354e-01 2.050187921362102705e-01 3.403856351865061636e-01 5.579778410494203866e-01 5.412927562371884216e-01 6.891667770539684490e-01 1.507162909813751506e-01 7.424226655852134149e-01 3.748619122024549610e-01 6.302884282611334044e-01 4.138669170162547206e-01
5.929220869960171170e-01 7.829448098666155209e-01 6.255658509148358526e-01 5.247039937316662073e-01 3.650487166509557846e-01 4.547860541052091699e-01 5.899597646430200237e-01 6.429850461678378037e-01 2.908347171539518161e-01 6.260687429719701269e-01 6.952146490406593271e-01 1.097197816413931770e-01 9.192396938932011485e-01 2.374339391373854746e-01 6.721559060427646504e-01 4.298267713053197103e-01 0.000000000000000000e+00 6.196944961799242257e-01 7.234985593107354784e-01 1.459671195150398226e-01 7.986538415317367967e-01 6.790659775722336366e-01 4.368672440327154294e-01 5.180984810509197125e-01 3.075278642946955854e-01 2.910826491265801619e-01 5.833775297214620625e-01 9.085774755509169465e-01 2.825959435941781672e-01 3.126455408284385395e-01 2.798881040622167721e-02 6.456685010469258579e-01 9.345550328592404643e-01 4.485788960602773434e-01 6.209087978577954026e-01 4.817352024876185856e-01 1.233235014180590061e-01 3.855083438826048536e-01 8.582333866436537839e-01 5.878879575960670456e-01 4.176316055292703111e-01 3.944872757669381502e-01 3.556836147564648720e-01 2.268515609129817256e-01 4.513768950490394394e-01 4.761797934901555451e-01 8.810727564862763650e-01 7.608451934973611275e-01 5.394435476053122125e-01 7.776328559795172568e-01
7.437934501150740285e-01 1.029749096863253666e+00 3.199633756060321632e-01 5.755011862585555082e-01 5.657156549527407874e-01 1.943870879976533628e-01 3.186970855646651946e-01 3.349996646686658752e-01 3.809599688172590759e-01 7.248593899580806355e-01 6.273785425001207061e-01 5.387444976360191706e-01 6.039554769435542259e-01 5.483086817067265306e-01 1.151739729086967284e-01 7.866719258695430428e-01 6.196944961799242257e-01 0.000000000000000000e+00 4.706238886825870882e-01 6.728944968712378127e-01 7.133878844660845875e-01 5.582587669346714687e-01 5.701463958756877171e-01 9.249980810835822798e-01 5.478996738644819064e-01 4.077079470501305258e-01 2.209550026184259608e-01 5.467224147139992940e-01 4.631897046962805131e-01 3.077775031216137269e-01 5.917218486664239663e-01 8.133177806571242341e-01 6.103880173440772161e-01 2.473038289044699745e-01 4.904822867340942194e-01 8.111220043320138684e-01 5.379993394673456830e-01 4.262935822859584278e-01 4.912237251741580768e-01 3.134104973889792478e-01 5.998936586071013100e-01 4.530516623988169456e-01 9.743714371168062938e-01 8.340079072679065231e-01 1.819111129902307999e-01 9.205217274845659547e-01 5.491958468584275943e-01 8.729236029143926379e-01 1.721671858931930754e-01 8.410143566710991392e-01
4.205766209797048294e-01 6.818971318502384804e-01 1.556641345316865099e-01 2.890209747536072182e-01 4.175931820660427896e-01 5.639836290956397047e-01 7.660052178173760717e-01 7.942116053266738973e-01 4.466993876708073019e-01 3.734298715649414513e-01 2.061462232433071695e-01 7.107751818226104579e-01 1.959079868821257953e-01 5.101814139782873125e-01 3.760043424909249032e-01 5.951091902427479985e-01 7.234985593107354784e-01 4.706238886825870882e-01 0.000000000000000000e+00 8.475883994418164091e-01 2.581243633972452045e-01 1.365615280306956836e-01 3.605455528384549635e-01 7.178713501522514528e-01 4.532470965781195682e-01 4.361144054024417294e-01 2.581164850310939674e-01 1.937793353351032200e-01 7.520367383863504340e-01 5.113732867013019989e-01 7.017134379972004288e-01 4.725710311363835459e-01 2.110610112788011972e-01 3.421469382819142258e-01 1.275650048474032683e-01 5.874173341575946727e-01 6.005362208697259119e-01 7.761830777099516521e-01 1.568892408146227158e-01 1.780924799843927875e-01 4.013812252319284846e-01 3.349829660591895353e-01 1.035945493396169814e+00 9.420756644591335993e-01 5.352955405234230968e-01 7.449723365271699871e-01 1.598716033053885766e-01 4.797372975188335387e-01 3.267134079174660033e-01 4.286243908660067881e-01
7.388765819583580363e-01 9.222181332918645280e-01 7.360247956593614083e-01 6.667192790395122248e-01 5.092205351235298272e-01 4.874343149813040732e-01 5.693487357329890530e-01 6.201627441893878823e-01 4.025276172165712096e-01 7.717982850949707263e-01 8.351608264205770960e-01 1.430704163360755621e-01 1.043284016879679532e+00 3.810251883768064896e-01 7.442543102191070403e-01 5.687820012298965278e-01 1.459671195150398226e-01 6.728944968712378127e-01 8.475883994418164091e-01 0.000000000000000000e+00 9.398259336980672174e-01 8.144683473518746775e-01 5.803310572945776791e-01 6.446956429737240590e-01 4.510668320573497092e-01 4.115864934601264347e-01 6.796794550340500285e-01 1.026478440651625856e+00 2.463020562059035079e-01 3.836712365555712823e-01 1.565053342940030956e-01 7.911501914157424986e-01 1.057953953010752457e+00 5.450596544798752552e-01 7.527025292185093308e-01 6.214229631568051193e-01 2.597507214657058250e-01 3.433685136799590754e-01 9.737849172011727727e-01 6.989872708600987083e-01 5.627094210698633248e-01 5.278874811959233249e-01 3.335470400002630842e-01 1.800640645946715024e-01 4.927151467067368840e-01 5.969316902659116408e-01 1.001994058802773813e+00 9.066546911291409883e-01 6.259966153543924383e-01 9.235413931546063715e-01
2.880303553363479652e-01 4.752531523059765894e-01 3.941662007510652321e-01 2.741422387542647998e-01 4.365412193429587528e-01 7.714800242051196300e-01 9.863751369733719798e-01 1.020827238363573031e+00 5.754110462100699985e-01 2.302459009347356256e-01 1.071236127722637876e-01 8.205869778775932710e-01 2.956717795982065633e-01 5.616402153982196221e-01 6.283902061067848654e-01 5.210171810288207750e-01 7.986538415317367967e-01 7.133878844660845875e-01 2.581243633972452045e-01 9.398259336980672174e-01 0.000000000000000000e+00 1.587145082266883944e-01 3.638311986292244171e-01 6.087317171193570298e-01 4.919563628468933691e-01 5.512645188715042943e-01 4.928641785011055321e-01 3.535961685011247968e-01 9.068121294164314117e-01 6.757026513920363353e-01 7.837136152968640079e-01 3.050599593861782477e-01 3.105389974580194945e-01 5.334123522445374244e-01 2.324499091441536991e-01 4.912943278438912653e-01 6.800878198476546510e-01 9.536891157782101391e-01 3.569399924472526631e-01 4.012210363491788834e-01 3.908618855426825300e-01 4.206902255960483505e-01 1.050363372225121328e+00 9.903140659135010182e-01 7.425766598144889485e-01 6.531885938240619138e-01 3.115653593851792635e-01 2.588920987201265844e-01 5.526033448751281885e-01 1.964118532438133280e-01
2.875603826784662864e-01 5.454222277019754594e-01 2.422929038541804247e-01 1.807429357386352298e-01 3.350925475503557793e-01 6.131580521416086782e-01 8.276672371304975018e-01 8.622084655648917240e-01 4.315484286456183760e-01 2.380076384350100493e-01 7.351838495432255760e-02 6.870648013279245792e-01 2.768748844308991375e-01 4.482704822332693184e-01 4.793230457759721785e-01 4.808050344529806175e-01 6.790659775722336366e-01 5.582587669346714687e-01 1.365615280306956836e-01 8.144683473518746775e-01 1.587145082266883944e-01 0.000000000000000000e+00 2.670784251375573071e-01 5.953401535536468892e-01 3.825213025785811349e-01 4.112700591639883441e-01 3.373040422027000496e-01 3.044282795371286432e-01 7.591213914448299294e-01 5.236833521251926804e-01 6.609503204575474244e-01 3.366423297915871471e-01 2.939789833135356689e-01 3.755675892658569270e-01 7.433360383897118229e-02 4.663455870628238631e-01 5.567327852239586372e-01 8.005121804123578322e-01 2.821783116794376878e-01 2.449144269429131548e-01 3.041346977290141917e-01 2.866550974745154523e-01 9.631746308314563798e-01 8.853036859911276313e-01 5.842170951597462913e-01 6.276836868939340564e-01 2.630777557344636253e-01 3.458455436884563250e-01 3.947873572543013077e-01 2.985341027981633366e-01
1.945540556348798744e-01 4.677944270739238797e-01 3.500001298195353772e-01 9.095934046085395186e-02 7.271002500733533824e-02 5.346212054765979715e-01 7.519446589012506177e-01 7.974207405934649051e-01 2.659988675135717129e-01 2.049378997661511492e-01 2.644576599652161963e-01 4.710600420081378359e-01 5.389425207469602519e-01 1.994943824269472255e-01 5.409203606106326445e-01 2.453023564738079365e-01 4.368672440327154294e-01 5.701463958756877171e-01 3.605455528384549635e-01 5.803310572945776791e-01 3.638311986292244171e-01 2.670784251375573071e-01 0.000000000000000000e+00 3.799657368027632987e-01 1.293690614835284192e-01 2.329266667789701151e-01 3.876259447278961323e-01 5.530467705728933092e-01 5.860568906441686599e-01 3.886699241823143858e-01 4.238390044541704982e-01 2.636966921910373074e-01 5.558414945677809804e-01 3.248998284297680561e-01 2.339912115242266388e-01 2.530029998919592904e-01 3.222432028552132399e-01 6.543315637053793710e-01 5.167685674317400446e-01 3.219849293423659442e-01 4.138907457966247566e-02 1.208945181193038509e-01 6.972057684410706280e-01 6.274568607183129698e-01 5.096447348038799507e-01 3.954545921214522863e-01 5.156689206130056213e-01 3.579640173942153503e-01 4.034053969387992322e-01 3.570620857208184340e-01
3.219158894923251357e-01 3.109767049163387198e-01 7.296878594082405467e-01 4.304080577699021526e-01 3.618471085896459161e-01 8.413178840142626624e-01 1.037753119869042173e+00 1.088942816540103387e+00 5.589709133932718732e-01 3.797865409536054782e-01 5.534083928476274394e-01 6.133492968663213363e-01 8.679375757701568439e-01 3.954507981857852683e-01 9.127869626949279835e-01 1.389156104023509530e-01 5.180984810509197125e-01 9.249980810835822798e-01 7.178713501522514528e-01 6.446956429737240590e-01 6.087317171193570298e-01 5.953401535536468892e-01 3.799657368027632987e-01 0.000000000000000000e+00 3.782360265846339553e-01 5.265960878071856976e-01 7.635675592649918686e-01 8.996992733243348583e-01 7.805943342390302409e-01 6.736370219190900288e-01 5.267516571813892767e-01 3.118280725601728087e-01 8.849278924977359573e-01 6.790614897725442134e-01 5.921228250492225342e-01 1.306392505628320155e-01 4.778460491865449411e-01 8.758123133360544710e-01 8.734229493854543946e-01 7.019158082250699371e-01 3.409728970882118237e-01 4.791733063040705121e-01 5.583874987346774121e-01 5.794675694553274026e-01 8.225920483649550308e-01 6.146786192985297104e-02 8.583946133876753093e-01 4.120081722596474760e-01 7.692037213721786282e-01 4.653151584960861786e-01
3.026336968581626041e-01 5.455763779668413305e-01 4.009377198714773050e-01 2.178240650032250425e-01 5.877079341640711191e-02 4.697145133764166203e-01 6.771638447647659875e-01 7.261266049710336512e-01 1.851404140885744010e-01 3.260097849803811343e-01 3.901676740310514035e-01 3.456740378173017159e-01 6.428726016997114989e-01 7.012533428278991399e-02 5.453891973154728623e-01 2.416019399374978727e-01 3.075278642946955854e-01 5.478996738644819064e-01 4.532470965781195682e-01 4.510668320573497092e-01 4.919563628468933691e-01 3.825213025785811349e-01 1.293690614835284192e-01 3.782360265846339553e-01 0.000000000000000000e+00 1.511267436319936319e-01 4.061497232690433612e-01 6.465785952957957550e-01 4.736957745838123457e-01 3.070023382937067669e-01 2.946159127527741561e-01 3.653882427770501207e-01 6.592834922568262535e-01 3.044487459772909355e-01 3.348484283575629550e-01 2.741677578416927274e-01 1.940243008499390742e-01 5.512570557352322043e-01 6.036571209660814841e-01 3.661470141030056524e-01 1.150740218664339509e-01 1.268743135995955007e-01 5.841633215520135591e-01 5.032697052870453991e-01 4.487919701821196372e-01 3.730539226658656227e-01 6.128332762819197477e-01 4.719643987817564446e-01 3.988667575380751007e-01 4.792454776462840016e-01
4.269518096483990166e-01 6.891269167062982204e-01 3.353512791143091754e-01 2.951532502559365279e-01 1.899936157494942213e-01 3.186586969221392174e-01 5.283797342998851621e-01 5.765151781076296444e-01 3.466391719033803942e-02 4.359677017421395573e-01 4.441526701521562592e-01 2.773914183277274570e-01 6.319355745893335818e-01 1.406586760251487267e-01 4.228085755592199124e-01 3.917706957744391816e-01 2.910826491265801619e-01 4.077079470501305258e-01 4.361144054024417294e-01 4.115864934601264347e-01 5.512645188715042943e-01 4.112700591639883441e-01 2.329266667789701151e-01 5.265960878071856976e-01 1.511267436319936319e-01 0.000000000000000000e+00 3.049832349622983441e-01 6.180903882457062792e-01 3.596164342904131228e-01 1.589272536170279471e-01 2.675099785895667104e-01 4.950236100844947473e-01 6.467763722886946676e-01 1.789857206297312264e-01 3.447742334400725195e-01 4.252763708562529166e-01 1.716986226335314170e-01 4.220262040179004193e-01 5.672528402801845226e-01 2.976339848944739574e-01 2.420923713124694954e-01 1.317500119367028266e-01 6.282827562789599085e-01 5.157177271827121379e-01 2.977044591339653157e-01 5.160496001479289996e-01 5.917373158554568580e-01 5.905126382347383185e-01 2.771978672622009143e-01 5.854069486135040634e-01
5.409255913016267625e-01 8.271060220203140245e-01 1.026893020020229613e-01 3.723083963678102681e-01 4.042967471112508537e-01 3.117858433099867099e-01 5.080180995525178655e-01 5.362898407795275713e-01 2.950089389496929337e-01 5.152277562213850581e-01 4.067469623078230900e-01 5.366222190630151045e-01 4.195879407492375535e-01 4.322913612864931476e-01 1.561326868341398610e-01 6.254138454009280368e-01 5.833775297214620625e-01 2.209550026184259608e-01 2.581164850310939674e-01 6.796794550340500285e-01 4.928641785011055321e-01 3.373040422027000496e-01 3.876259447278961323e-01 7.635675592649918686e-01 4.061497232690433612e-01 3.049832349622983441e-01 0.000000000000000000e+00 3.776174979342475924e-01 5.323846539061194427e-01 3.023318749084801249e-01 5.569850750576293974e-01 6.083934305852759516e-01 4.296846720590656865e-01 1.353668183740917852e-01 2.702397376734465562e-01 6.397756824316479518e-01 4.725333374435203848e-01 5.377026265939326422e-01 3.203848175611901383e-01 9.253794608578370939e-02 4.238901987971906982e-01 2.865957069912971611e-01 9.310153944166719153e-01 8.101775944799699536e-01 2.839935726476703337e-01 7.705350776426203030e-01 3.673751598492887571e-01 6.582643999032720128e-01 7.136238124043843556e-02 6.230312461205026464e-01
5.889647773945664300e-01 8.237022214296253475e-01 2.947462458371756244e-01 4.769944958731429097e-01 6.113270774625604309e-01 6.858592572922533881e-01 8.633435459585367955e-01 8.817090460430704324e-01 6.240197224779712171e-01 5.357284516547466957e-01 3.555205227092975706e-01 8.864318058356440710e-01 7.453388055997650641e-02 7.020182731940193266e-01 4.338938306446850079e-01 7.824373543721393487e-01 9.085774755509169465e-01 5.467224147139992940e-01 1.937793353351032200e-01 1.026478440651625856e+00 3.535961685011247968e-01 3.044282795371286432e-01 5.530467705728933092e-01 8.996992733243348583e-01 6.465785952957957550e-01 6.180903882457062792e-01 3.776174979342475924e-01 0.000000000000000000e+00 9.065860088120010207e-01 6.695520291500439702e-01 8.855487825586272344e-01 6.304403613161254638e-01 7.167495678776282519e-02 4.952937769395565071e-01 3.190615107231258851e-01 7.703796927812333051e-01 7.866599147391775126e-01 9.152860669186084763e-01 5.739854014722865772e-02 3.299766939525270448e-01 5.934851598925149352e-01 5.263287948777511938e-01 1.228090285441139518e+00 1.130244663006763073e+00 6.591082389152279619e-01 9.308326473001402590e-01 4.303916430424037376e-02 6.095474951560503341e-01 4.480259694347616950e-01 5.491068475102875990e-01
7.747299061640158246e-01 1.011702633735741985e+00 6.132025711203575868e-01 6.545706601544422076e-01 5.286679264396527689e-01 2.689119148427078776e-01 3.234844535997690174e-01 3.748861652651189202e-01 3.322138398447127550e-01 7.909943802176773175e-01 7.999295515228997955e-01 1.737608712870905847e-01 9.391631541746047196e-01 4.168980037996375398e-01 5.539616529587564342e-01 6.713603221192471215e-01 2.825959435941781672e-01 4.631897046962805131e-01 7.520367383863504340e-01 2.463020562059035079e-01 9.068121294164314117e-01 7.591213914448299294e-01 5.860568906441686599e-01 7.805943342390302409e-01 4.736957745838123457e-01 3.596164342904131228e-01 5.323846539061194427e-01 9.065860088120010207e-01 0.000000000000000000e+00 2.406739682328897512e-01 2.641164524070360176e-01 8.389580649146813895e-01 9.515118498375960687e-01 4.127598789923438982e-01 6.875035672619750349e-01 7.185077138272102371e-01 3.057539519195918154e-01 1.034752304008557805e-01 8.501015502637695453e-01 5.804689918399292825e-01 5.855780564632475649e-01 4.910824255794442594e-01 5.792558396787513830e-01 4.260926795787160493e-01 2.832121921325230773e-01 7.460372640830171820e-01 8.907486765443076715e-01 9.426502218129548805e-01 4.661140379614777118e-01 9.425618675298035321e-01
5.832221281533701562e-01 8.480541324317344420e-01 3.749773953472705368e-01 4.405541863892517007e-01 3.489035154288313012e-01 1.688418608418922884e-01 3.701986269660363371e-01 4.192088698047650164e-01 1.243596388814375842e-01 5.879057599332293549e-01 5.699850785112541285e-01 2.419378743310819924e-01 6.994407441208776444e-01 2.782359652505427827e-01 3.630865466283174081e-01 5.430223669861332647e-01 3.126455408284385395e-01 3.077775031216137269e-01 5.113732867013019989e-01 3.836712365555712823e-01 6.757026513920363353e-01 5.236833521251926804e-01 3.886699241823143858e-01 6.736370219190900288e-01 3.070023382937067669e-01 1.589272536170279471e-01 3.023318749084801249e-01 6.695520291500439702e-01 2.406739682328897512e-01 0.000000000000000000e+00 2.846601324091290741e-01 6.521234908176141154e-01 7.121192790386340343e-01 1.742607637491876971e-01 4.507240568385818547e-01 5.800439281459195406e-01 2.346314004410565424e-01 2.781943469667057522e-01 6.137551287330033079e-01 3.411080092266208230e-01 4.006340653280998643e-01 2.760602170585663151e-01 6.681507197849615443e-01 5.318502095487741554e-01 1.540714472557192238e-01 6.562076946408058609e-01 6.518836830959158224e-01 7.436688351737451574e-01 2.434847179494969704e-01 7.336785382998856075e-01
5.856970565818412355e-01 7.843429682153065796e-01 6.009659254123360661e-01 5.103366460444236363e-01 3.528872798426003210e-01 4.275641838969469477e-01 5.665066363607934585e-01 6.195899990844562222e-01 2.655707456186555682e-01 6.167119240374263622e-01 6.794427839029527627e-01 9.040678216856261329e-02 8.975848169210590699e-01 2.246359551360060103e-01 6.443979362070947348e-01 4.324346362595383741e-01 2.798881040622167721e-02 5.917218486664239663e-01 7.017134379972004288e-01 1.565053342940030956e-01 7.837136152968640079e-01 6.609503204575474244e-01 4.238390044541704982e-01 5.267516571813892767e-01 2.946159127527741561e-01 2.675099785895667104e-01 5.569850750576293974e-01 8.855487825586272344e-01 2.641164524070360176e-01 2.846601324091290741e-01 0.000000000000000000e+00 6.404653023123755284e-01 9.127504209934846902e-01 4.219841414836668636e-01 6.013273824960810865e-01 4.835774675252703658e-01 1.042916365179682864e-01 3.661229115053094563e-01 8.347208001591592819e-01 5.633366843292915149e-01 4.068406761922887527e-01 3.751989998859754927e-01 3.836238608418106044e-01 2.532698301735050173e-01 4.237871271607163703e-01 4.872367296591388341e-01 8.586611188217293522e-01 7.544652690975222065e-01 5.122382997651078185e-01 7.690318494950278971e-01
