0.000000000000000000e+00 5.172477631425652644e-01 5.226810145049365364e-01 1.070190270154380008e-01 6.362301278566420137e-01 8.278125387321959572e-01 8.368678545585679363e-01 9.166644545417705903e-01 2.421003778617378255e-01 5.273719171368255187e-01 5.973215812200222130e-01 3.848217887612978561e-01 2.491611047654025690e-01 1.339779192952137432e-01 1.248286302750128279e-01 8.553068336759254153e-01 7.300821970894987301e-01 4.593842530920050904e-01 7.534123977934804595e-01 7.566857600703493780e-01 2.919719961583372991e-01 5.910143713591146097e-01 7.884192923965762656e-01 8.468213342694594914e-01 1.001757224958589543e+00 1.966698515273045123e-01 7.952639069211568934e-01 6.284737096883432628e-01 5.494351107429795711e-01 5.373776258890847757e-01 2.746212351898479898e-01 2.337557773497897506e-01 2.997141906759470120e-01 9.536668247113515573e-01 1.366500855156644323e-01 6.483391185126273770e-01 6.039739762965153913e-01 6.176874104259112430e-01 8.726314053511160518e-01 5.279067804412218567e-01 1.424126864071588727e-01 7.579761378426699281e-01 3.755769328434190868e-01 6.297192956684003473e-01 7.165148506156661101e-01 8.575899470347432274e-01 1.827218692825891277e-01 2.430098378930024838e-01 4.086172189681053779e-01 4.685188941470244117e-01
5.172477631425652644e-01 0.000000000000000000e+00 3.902671402176412230e-02 4.671350784137812684e-01 1.677097268240570482e-01 9.858612928594546743e-01 7.393339018772849824e-01 7.940533307255572826e-01 5.250738189670487444e-01 9.622287322168120438e-01 5.804373518095440332e-01 5.329831511039404557e-01 6.738752869115893773e-01 6.327695312644047165e-01 4.045983465159420089e-01 7.684671557930305985e-01 7.639412171574256893e-01 1.589073103856197267e-01 6.941173927236511387e-01 1.107251742141297290e+00 8.074151217968317251e-01 5.105717593294401002e-01 9.645361521517878955e-01 9.436625631091339894e-01 8.722645728981304192e-01 3.312644695917451032e-01 7.722430619450282308e-01 1.019999857484450212e+00 2.551445497432025533e-01 4.212436935728189336e-01 5.813045079021541550e-01 2.839654597614831300e-01 8.159970112942696030e-01 9.377065668536432863e-01 5.133400901885747381e-01 5.571740842569526952e-01 1.623403094249351308e-01 5.473833123986726612e-01 1.171248703763128507e+00 5.853816029311600388e-01 4.042516579589705561e-01 1.030352482907255229e+00 5.253245994834214727e-01 3.309247220024439939e-01 9.139528375449290643e-01 1.176967708416113201e+00 3.430879240566663824e-01 2.752690962581730294e-01 2.549722332556396132e-01 8.949990335600762625e-01
5.226810145049365364e-01 3.902671402176412230e-02 0.000000000000000000e+00 4.799391962112878329e-01 1.366900306732063419e-01 9.557514870032126630e-01 7.016048838061839099e-01 7.556377424350284588e-01 5.123974884160664711e-01 9.513683170934509326e-01 5.470693930492008805e-01 5.103978879420709713e-01 6.661665339583776602e-01 6.333374762336101416e-01 4.148682062532050852e-01 7.308448879178729429e-01 7.302638748149709036e-01 1.292336852411136994e-01 6.577107436054248080e-01 1.087894937403586226e+00 8.142602665942760831e-01 4.756970125413099715e-01 9.354995598952254854e-01 9.110723576811899926e-01 8.335823738391845428e-01 3.432673163932092875e-01 7.363959571925990932e-01 1.004616955966425529e+00 2.172177851044413133e-01 3.868342914897299201e-01 5.676325614856398971e-01 2.890816149588723571e-01 8.194738689642599994e-01 9.011397294478467046e-01 5.084493250892937466e-01 5.211237047189580807e-01 1.261099955069180933e-01 5.122799399891641015e-01 1.147796828740865971e+00 5.556226528498028339e-01 4.171726969260475815e-01 1.006216282372443649e+00 5.031734099988214304e-01 2.919436767031792224e-01 8.865076160863453181e-01 1.154886100498866641e+00 3.541671142929475047e-01 2.796829144314834092e-01 2.289129385523624716e-01 8.839578445741471668e-01
1.070190270154380008e-01 4.671350784137812684e-01 4.799391962112878329e-01 0.000000000000000000e+00 6.053008939415626122e-01 9.202991903198650681e-01 8.914796655275610826e-01 9.691273990423902029e-01 3.267362388584320043e-01 6.327895534483412021e-01 6.558879020130607973e-01 4.577887480696075650e-01 3.559571588027173883e-01 2.363442002610823545e-01 7.053132642560808185e-02 9.123130636886122025e-01 8.030755505957755114e-01 4.423274156893575171e-01 8.118333785972069450e-01 8.635024577458054740e-01 3.513368323381608205e-01 6.373624394632460000e-01 8.823828243777125380e-01 9.319216997811232694e-01 1.054986515941621850e+00 1.366916814353345555e-01 8.611801927988126382e-01 7.354231435931585237e-01 5.489775263997052068e-01 5.723106079247088918e-01 3.679903730792346561e-01 2.015609279945023147e-01 3.764592103956561076e-01 1.024579801930306067e+00 2.273242613759730857e-01 6.962727265598918081e-01 5.776939863880736770e-01 6.676878219268029824e-01 9.779026749579137201e-01 5.955243258742551893e-01 6.289543029802814600e-02 8.608684100024678321e-01 4.478799213430317283e-01 6.356939640935904690e-01 8.117005313144799450e-01 9.637331951755234716e-01 1.264549166214948839e-01 2.119709726726790311e-01 4.146716078259926053e-01 5.748743033082710507e-01
6.362301278566420137e-01 1.677097268240570482e-01 1.366900306732063419e-01 6.053008939415626122e-01 0.000000000000000000e+00 9.472290608607445428e-01 6.381982641762775632e-01 6.810848125846549195e-01 5.837960625017544203e-01 1.020802317755080457e+00 5.269235691086788798e-01 5.475150631071520335e-01 7.482249596219481269e-01 7.358898925428627447e-01 5.375607657504507531e-01 6.683039970487257841e-01 7.030251492051209361e-01 1.846660917132368629e-01 6.098070724659742092e-01 1.127057801293378070e+00 9.277489822236080208e-01 4.472433818040402742e-01 9.330774188903204758e-01 8.882524048911371040e-01 7.527723477181461620e-01 4.692724779191257412e-01 6.920563095542315857e-01 1.058930762991270536e+00 1.828039041251822983e-01 3.672603541866567012e-01 6.344495927822816350e-01 4.071235717083696026e-01 9.263533046186914754e-01 8.477770541891167522e-01 6.007994832114420536e-01 4.805828356782860245e-01 4.058959041866370271e-02 4.803695981575502594e-01 1.169809680206828295e+00 5.573695376532241674e-01 5.433105283935468766e-01 1.026589982782357913e+00 5.423140837835135342e-01 2.179598071947023707e-01 8.929139094742432059e-01 1.182637069593095003e+00 4.788572418692270682e-01 3.970077399849766264e-01 2.741333425258789536e-01 9.535270590638309507e-01
8.278125387321959572e-01 9.858612928594546743e-01 9.557514870032126630e-01 9.202991903198650681e-01 9.472290608607445428e-01 0.000000000000000000e+00 4.364989354728742166e-01 4.811621843314200508e-01 5.942859747145473603e-01 5.690492420594350786e-01 4.208402070874687761e-01 4.867081596573773483e-01 6.178825928718156835e-01 7.583589581155582016e-01 8.852756756185318210e-01 4.191049663646038148e-01 2.617842394312376864e-01 8.272291450522893941e-01 3.924344348628716617e-01 3.928803065320115584e-01 9.093127398141459539e-01 5.021478941526207329e-01 4.550664983425300320e-02 1.104108979029937015e-01 5.135870374215156797e-01 9.030063156183036899e-01 3.242787098011262192e-01 4.693059114220685668e-01 7.653220242158601527e-01 5.802307775963517766e-01 5.535211767489021106e-01 8.545789728789533468e-01 8.450668840313164676e-01 3.169537208634017889e-01 6.939074742773143623e-01 4.816787771849303512e-01 9.099965180376181628e-01 4.725678483294693533e-01 3.135557638271764813e-01 4.004966650232428260e-01 9.144736930199669489e-01 2.180249598383804388e-01 4.967425757123946073e-01 7.448200699939241387e-01 1.180515738666920583e-01 3.551183079236873708e-01 8.941807016116100071e-01 8.522270849134632176e-01 7.327527585257130882e-01 5.502548641442751576e-01
8.368678545585679363e-01 7.393339018772849824e-01 7.016048838061839099e-01 8.914796655275610826e-01 6.381982641762775632e-01 4.364989354728742166e-01 0.000000000000000000e+00 8.155595218731692686e-02 6.103231390467070971e-01 8.513566463890108738e-01 2.401666486803435141e-01 4.623671742693351017e-01 7.358071009243889460e-01 8.361866290574554439e-01 8.314645152139145123e-01 3.018734050867747515e-02 2.000485917981827955e-01 5.940531160495677865e-01 8.864487586317285062e-02 7.836352514571962580e-01 1.039371317186829735e+00 2.585017131179310756e-01 4.505700800253083504e-01 3.350721615022832500e-01 1.649989365460347024e-01 8.117488580797345143e-01 1.140071430442894107e-01 8.031339647549199379e-01 4.843955068312421619e-01 3.403334045663020113e-01 6.085242992384184424e-01 7.407484546150308047e-01 9.944421232211760886e-01 2.144349444813841155e-01 7.098813312773112338e-01 1.997188849381769382e-01 6.106163047058099647e-01 2.249508210594447499e-01 7.425099819691045600e-01 3.201394059298235950e-01 8.568694461933089590e-01 6.194724817862398147e-01 4.698944647705220468e-01 4.209231130512671726e-01 4.600853957859904475e-01 7.779103403852510867e-01 8.094252753337274342e-01 7.335404443054325263e-01 5.349807832225750293e-01 8.032073721514995102e-01
9.166644545417705903e-01 7.940533307255572826e-01 7.556377424350284588e-01 9.691273990423902029e-01 6.810848125846549195e-01 4.811621843314200508e-01 8.155595218731692686e-02 0.000000000000000000e+00 6.915310989646880069e-01 9.265053150273429017e-01 3.209709457754607587e-01 5.437256498190077281e-01 8.171657181443636730e-01 9.176193538423300655e-01 9.080458487032803117e-01 7.438127041879596946e-02 2.682144444192800514e-01 6.546381472483542296e-01 1.699549264769943668e-01 8.450518348507237709e-01 1.120924801111138569e+00 3.329735939490784391e-01 5.012110263624639517e-01 3.737067326203479811e-01 8.595467666441561350e-02 8.857281435145275550e-01 1.760338394162613007e-01 8.730030260244660001e-01 5.393134452401767698e-01 4.100301350255899369e-01 6.900797520775814320e-01 8.136351244561513818e-01 1.075851077624384367e+00 2.093940165247598628e-01 7.905886611731660629e-01 2.737378898618296197e-01 6.568008521553815315e-01 3.014475377197522454e-01 7.928902411259238781e-01 4.016928572065787684e-01 9.329687697952077086e-01 6.766888732565178310e-01 5.511667066119172453e-01 4.677025298873225823e-01 5.197512824955137223e-01 8.310826047523768301e-01 8.839639215694705676e-01 8.060763444351076723e-01 6.026938443118240452e-01 8.800026450806593958e-01
2.421003778617378255e-01 5.250738189670487444e-01 5.123974884160664711e-01 3.267362388584320043e-01 5.837960625017544203e-01 5.942859747145473603e-01 6.103231390467070971e-01 6.915310989646880069e-01 0.000000000000000000e+00 4.395622486785011329e-01 3.708407607318855437e-01 1.484550106836096672e-01 1.701628033252572392e-01 2.277350500448023229e-01 2.923238156415121081e-01 6.259566241196408143e-01 4.893979863373589811e-01 4.018937221584505948e-01 5.238663755190845484e-01 5.960981630534160081e-01 4.373393511105406195e-01 3.827464023480141031e-01 5.573609188594231822e-01 6.062529120041953989e-01 7.749100215379493006e-01 3.208779853225887102e-01 5.584638969604170944e-01 4.966573678799269809e-01 4.390372312884243122e-01 3.537735733173405506e-01 5.769343081468261691e-02 2.919814839566560738e-01 4.039998092083773584e-01 7.133080869497081533e-01 1.057209219778336151e-01 4.349579258922701142e-01 5.444802450558472451e-01 4.024130833988470157e-01 6.852405119867065464e-01 2.928729979804776673e-01 3.214692912684814496e-01 5.556385847383824572e-01 1.404940960326335475e-01 4.961569061265264646e-01 4.880824719268790912e-01 6.804951954194418118e-01 3.098852999746061210e-01 2.937368327521873712e-01 3.108231115304868064e-01 3.720827055434486885e-01
5.273719171368255187e-01 9.622287322168120438e-01 9.513683170934509326e-01 6.327895534483412021e-01 1.020802317755080457e+00 5.690492420594350786e-01 8.513566463890108738e-01 9.265053150273429017e-01 4.395622486785011329e-01 0.000000000000000000e+00 6.627161586237814150e-01 4.949417121234447881e-01 2.944815837218527355e-01 3.971824753036662381e-01 6.438015551945321935e-01 8.521243693360869287e-01 6.605641619616469118e-01 8.408322331100925862e-01 7.674028088388177293e-01 2.802059854398596395e-01 4.259586484369791148e-01 7.191193189263435093e-01 5.242745111672693081e-01 6.521518729471827980e-01 9.922954924490831052e-01 7.035705901371348547e-01 7.531557458503154168e-01 1.332411822797679446e-01 8.641069323608654429e-01 7.339335863227334222e-01 3.865656657133530461e-01 7.043211549882768541e-01 3.548650686588946113e-01 8.434675678932447296e-01 4.592423672813631397e-01 7.491908478869275800e-01 9.809035364176255101e-01 7.188939412840060772e-01 4.305913026001849664e-01 5.752522906250484569e-01 6.667107846452476894e-01 3.824135345123396146e-01 4.963931974452343576e-01 9.048911865349259509e-01 4.608330962687454679e-01 3.957091736649315239e-01 6.896959785766532125e-01 7.092736332089699669e-01 7.466751959889791346e-01 6.748098077594515132e-02
5.973215812200222130e-01 5.804373518095440332e-01 5.470693930492008805e-01 6.558879020130607973e-01 5.269235691086788798e-01 4.208402070874687761e-01 2.401666486803435141e-01 3.209709457754607587e-01 3.708407607318855437e-01 6.627161586237814150e-01 0.000000000000000000e+00 2.238620501969395826e-01 5.049852095634257410e-01 5.976879113551415434e-01 5.986964166244820307e-01 2.579999412732636999e-01 1.836458566273653503e-01 4.225244208302786353e-01 1.563432361974946838e-01 6.636414989448331525e-01 8.034502216077913372e-01 8.218877000936611332e-02 4.096358997349894837e-01 3.646493931425248691e-01 4.051443422468705702e-01 5.864160549928162380e-01 2.109355199907348433e-01 6.433550790838326039e-01 3.460956598285047647e-01 1.617998794980214095e-01 3.729923997245257472e-01 5.196469330012719601e-01 7.618464397752794381e-01 3.805658689031523045e-01 4.697188295639082578e-01 8.730785522581813174e-02 4.903387361984870574e-01 6.107360581084748941e-02 6.698499327325033725e-01 8.992546812244799070e-02 6.252359443948569684e-01 5.288991591613746435e-01 2.308217667080876001e-01 3.256422537043731635e-01 3.790715478479397826e-01 6.922077193151717767e-01 5.824663534699603407e-01 5.136802561515896315e-01 3.396930961270963611e-01 6.062097657199647660e-01
3.848217887612978561e-01 5.329831511039404557e-01 5.103978879420709713e-01 4.577887480696075650e-01 5.475150631071520335e-01 4.867081596573773483e-01 4.623671742693351017e-01 5.437256498190077281e-01 1.484550106836096672e-01 4.949417121234447881e-01 2.238620501969395826e-01 0.000000000000000000e+00 2.868628665072505690e-01 3.739849714766890210e-01 4.108499681707795115e-01 4.775867418740332715e-01 3.460994601055245590e-01 3.840868395328581042e-01 3.755511752515460766e-01 5.807846868937780460e-01 5.799034392766084789e-01 2.467137368004256592e-01 4.558948245411497679e-01 4.800800481806813402e-01 6.267267839347154812e-01 4.189500918850098121e-01 4.110742308480830332e-01 5.142732478312822542e-01 3.766896899989745640e-01 2.409457998746037666e-01 1.510306535052016452e-01 3.678828157449932079e-01 5.402222010197123003e-01 5.691399859546233397e-01 2.514065417487484355e-01 2.938191039740197241e-01 5.069291306437702094e-01 2.608818005689637620e-01 6.383215267584498864e-01 1.445245899562443981e-01 4.395381230476155809e-01 4.980224593110965103e-01 1.023874423955178047e-02 4.102271361705873143e-01 3.946834786591015831e-01 6.444889190891692765e-01 4.111668666592762644e-01 3.655489613022694373e-01 2.829125705835724425e-01 4.307194187335848801e-01
2.491611047654025690e-01 6.738752869115893773e-01 6.661665339583776602e-01 3.559571588027173883e-01 7.482249596219481269e-01 6.178825928718156835e-01 7.358071009243889460e-01 8.171657181443636730e-01 1.701628033252572392e-01 2.944815837218527355e-01 5.049852095634257410e-01 2.868628665072505690e-01 0.000000000000000000e+00 1.435545945942255375e-01 3.551983775878909122e-01 7.467425796945474925e-01 5.834592919281019752e-01 5.642874787194614994e-01 6.472214511925433733e-01 5.075491471391331277e-01 3.088790661554440264e-01 5.334949891332079197e-01 5.749025776925578146e-01 6.585704355832907586e-01 8.965599911371566755e-01 4.107730139863108310e-01 6.653128346009778982e-01 3.820865258066350467e-01 6.088590434818265118e-01 5.171071810424262560e-01 1.373254863016683258e-01 4.100115870550350428e-01 2.588020753650113193e-01 8.025510517697705959e-01 1.648668272478225338e-01 5.799790963732124327e-01 7.096609629568104705e-01 5.470463988984811676e-01 6.257500506208515390e-01 4.175723113898898720e-01 3.802513857866341440e-01 5.177014450140328128e-01 2.827637697886664081e-01 6.659399854930948548e-01 5.010112251774944125e-01 6.090306861111496328e-01 3.971086332904109617e-01 4.151754140735052223e-01 4.779184385135740731e-01 2.297876777235280388e-01
1.339779192952137432e-01 6.327695312644047165e-01 6.333374762336101416e-01 2.363442002610823545e-01 7.358898925428627447e-01 7.583589581155582016e-01 8.361866290574554439e-01 9.176193538423300655e-01 2.277350500448023229e-01 3.971824753036662381e-01 5.976879113551415434e-01 3.739849714766890210e-01 1.435545945942255375e-01 0.000000000000000000e+00 2.574731548720217145e-01 8.506154637724104850e-01 7.019757003696470710e-01 5.528754825659258909e-01 7.488906966189181613e-01 6.395380887734929409e-01 2.122060749710605043e-01 6.097084838784974092e-01 7.160460293130439524e-01 7.931688087185996272e-01 1.000186550149531284e+00 3.262931208944029327e-01 7.777149580863998990e-01 5.051260005900497507e-01 6.246222816079750606e-01 5.737207246078203093e-01 2.308818188577298203e-01 3.504428542537649793e-01 1.923959001260789337e-01 9.247289440479123934e-01 1.459013352132665364e-01 6.625989073209211933e-01 7.005748366469335409e-01 6.301088909525581760e-01 7.647618549662220655e-01 5.166650173483702257e-01 2.763632306918162307e-01 6.605272153217268682e-01 3.668680890805613437e-01 6.957559898880616434e-01 6.423324552224221051e-01 7.452267844594671065e-01 3.121106292517227265e-01 3.583589479422704116e-01 4.842759273812825005e-01 3.414033586782254659e-01
1.248286302750128279e-01 4.045983465159420089e-01 4.148682062532050852e-01 7.053132642560808185e-02 5.375607657504507531e-01 8.852756756185318210e-01 8.314645152139145123e-01 9.080458487032803117e-01 2.923238156415121081e-01 6.438015551945321935e-01 5.986964166244820307e-01 4.108499681707795115e-01 3.551983775878909122e-01 2.574731548720217145e-01 0.000000000000000000e+00 8.532252348399853581e-01 7.527208567171252973e-01 3.721946728697622664e-01 7.537326657894272142e-01 8.583721595253355208e-01 4.046576487985641402e-01 5.753327266773093918e-01 8.492082811053036639e-01 8.897341709688069145e-01 9.939952347206350014e-01 7.457497799156276308e-02 8.065045093442374524e-01 7.372021941602520112e-01 4.785024562805898496e-01 5.070898464812296780e-01 3.405110254855450158e-01 1.317499773939793672e-01 4.208635328483558147e-01 9.720872214165250380e-01 2.049327317952079341e-01 6.344900100444795799e-01 5.090130232449822101e-01 6.068230345217298094e-01 9.644886480571087661e-01 5.434656324758737611e-01 2.920069007486900819e-02 8.415546454086545447e-01 4.007001616533555910e-01 5.654433574775382665e-01 7.803660858701806369e-01 9.538609710344790882e-01 6.172140640828828462e-02 1.421349350016800905e-01 3.448592646484470170e-01 5.822910158450500528e-01
8.553068336759254153e-01 7.684671557930305985e-01 7.308448879178729429e-01 9.123130636886122025e-01 6.683039970487257841e-01 4.191049663646038148e-01 3.018734050867747515e-02 7.438127041879596946e-02 6.259566241196408143e-01 8.521243693360869287e-01 2.579999412732636999e-01 4.775867418740332715e-01 7.467425796945474925e-01 8.506154637724104850e-01 8.532252348399853581e-01 0.000000000000000000e+00 1.944853589321225429e-01 6.223190880036020278e-01 1.021726471194307345e-01 7.744746547317377106e-01 1.051956794769809855e+00 2.828590670452735267e-01 4.356857524298315409e-01 3.151117686491465841e-01 1.499544204541972403e-01 8.352389164295263013e-01 1.032909200107314934e-01 7.994013352825088958e-01 5.136760040264273242e-01 3.665478309641242438e-01 6.216791754547259519e-01 7.648838338111031421e-01 1.005543257143781899e+00 1.847592845949769524e-01 7.267990850852898976e-01 2.247606149979959334e-01 6.405863875237048921e-01 2.481999336519151722e-01 7.279163553091639871e-01 3.339513880366725140e-01 8.789719467780356954e-01 6.079535595747462828e-01 4.854829229110403377e-01 4.509445691387444222e-01 4.496542789547792740e-01 7.645828368222625793e-01 8.325895524090868305e-01 7.578584712178749738e-01 5.614723179939281605e-01 8.057283718088568136e-01
7.300821970894987301e-01 7.639412171574256893e-01 7.302638748149709036e-01 8.030755505957755114e-01 7.030251492051209361e-01 2.617842394312376864e-01 2.000485917981827955e-01 2.682144444192800514e-01 4.893979863373589811e-01 6.605641619616469118e-01 1.836458566273653503e-01 3.460994601055245590e-01 5.834592919281019752e-01 7.019757003696470710e-01 7.527208567171252973e-01 1.944853589321225429e-01 0.000000000000000000e+00 6.061647694420809751e-01 1.347643639432450358e-01 5.841823688539355963e-01 8.922848781900376558e-01 2.569745909005298756e-01 2.646278707542411013e-01 1.855497898403087320e-01 3.319021772188044950e-01 7.505940454481412338e-01 9.275843257167452893e-02 6.049183372170944262e-01 5.253528275780684487e-01 3.437621290028194943e-01 4.715504439406272286e-01 6.887051563905005613e-01 8.400696207688246320e-01 2.239440534611674138e-01 5.948508920280851653e-01 2.253004542419437817e-01 6.680330848239057762e-01 2.226929960134124975e-01 5.517517484137357542e-01 2.098471659115367649e-01 7.807373656051345145e-01 4.229077051478358773e-01 3.557600235651078302e-01 4.925617491650239321e-01 2.627268676051613405e-01 5.840091138607984567e-01 7.449478010107830617e-01 6.837881293665925009e-01 5.220986506620977075e-01 6.169467161948667400e-01
4.593842530920050904e-01 1.589073103856197267e-01 1.292336852411136994e-01 4.423274156893575171e-01 1.846660917132368629e-01 8.272291450522893941e-01 5.940531160495677865e-01 6.546381472483542296e-01 4.018937221584505948e-01 8.408322331100925862e-01 4.225244208302786353e-01 3.840868395328581042e-01 5.642874787194614994e-01 5.528754825659258909e-01 3.721946728697622664e-01 6.223190880036020278e-01 6.061647694420809751e-01 0.000000000000000000e+00 5.423418083535276324e-01 9.638528739398454226e-01 7.489075257830611898e-01 3.551693699207806865e-01 8.064887233110666909e-01 7.850127163957233423e-01 7.361323349689531392e-01 3.119554724010231150e-01 6.184305584331442063e-01 8.860818222286714896e-01 1.256243946289229418e-01 2.653362560050290808e-01 4.543890293491750221e-01 2.408259640711584160e-01 7.442333545938494277e-01 7.858721387010169090e-01 4.162784588675614850e-01 4.047738456637175464e-01 1.478513411604858996e-01 3.923424061241242433e-01 1.019978380221341796e+00 4.268506026830562461e-01 3.833409604748578281e-01 8.780320288685101726e-01 3.773463968524993217e-01 2.159807910026247113e-01 7.572769207846137274e-01 1.028083534871861993e+00 3.187173694812494018e-01 2.304178244243541285e-01 1.011902337028535159e-01 7.733860777041984269e-01
7.534123977934804595e-01 6.941173927236511387e-01 6.577107436054248080e-01 8.118333785972069450e-01 6.098070724659742092e-01 3.924344348628716617e-01 8.864487586317285062e-02 1.699549264769943668e-01 5.238663755190845484e-01 7.674028088388177293e-01 1.563432361974946838e-01 3.755511752515460766e-01 6.472214511925433733e-01 7.488906966189181613e-01 7.537326657894272142e-01 1.021726471194307345e-01 1.347643639432450358e-01 5.423418083535276324e-01 0.000000000000000000e+00 7.147347600274280843e-01 9.512059869317766037e-01 1.911608565712638319e-01 3.986178480541066604e-01 3.030246045985823256e-01 2.512960425182764745e-01 7.382905355494822075e-01 8.295574165469174477e-02 7.247721723571542984e-01 4.428480488560574413e-01 2.793666438314534872e-01 5.205215186003642192e-01 6.692948793259084761e-01 9.058964356036787180e-01 2.436890717522999794e-01 6.246327774798096089e-01 1.375757121404594385e-01 5.784187106401621481e-01 1.544364015629985376e-01 6.865098635396845728e-01 2.323224160328775934e-01 7.798749708921597357e-01 5.566626732890491702e-01 3.833781818570343725e-01 3.926855424932203520e-01 3.964962910588585854e-01 7.184266797366858359e-01 7.350846809105202606e-01 6.626736760829825545e-01 4.733126587076808556e-01 7.177139257219659063e-01
7.566857600703493780e-01 1.107251742141297290e+00 1.087894937403586226e+00 8.635024577458054740e-01 1.127057801293378070e+00 3.928803065320115584e-01 7.836352514571962580e-01 8.450518348507237709e-01 5.960981630534160081e-01 2.802059854398596395e-01 6.636414989448331525e-01 5.807846868937780460e-01 5.075491471391331277e-01 6.395380887734929409e-01 8.583721595253355208e-01 7.744746547317377106e-01 5.841823688539355963e-01 9.638528739398454226e-01 7.147347600274280843e-01 0.000000000000000000e+00 7.038508418753288698e-01 7.390524476708020263e-01 3.573344916997894249e-01 4.990213149108841950e-01 8.921663469297688165e-01 9.056124513879623139e-01 6.714019200843638346e-01 1.471344407641000107e-01 9.510482631356181882e-01 7.853581868512046205e-01 5.386013357050533079e-01 8.870782018031192484e-01 6.326166059935400821e-01 7.068339060503071591e-01 6.557623292042642493e-01 7.479670103101863088e-01 1.086547159483285618e+00 7.247144375824600138e-01 1.546334959426863276e-01 5.941812769736594113e-01 8.848818088895937795e-01 1.750882480896303883e-01 5.869142451307483022e-01 9.664568864248683777e-01 3.253583277042395028e-01 1.156055141336882197e-01 8.928856291405941059e-01 8.894056254492805902e-01 8.629535895983938554e-01 3.093376360973439931e-01
2.919719961583372991e-01 8.074151217968317251e-01 8.142602665942760831e-01 3.513368323381608205e-01 9.277489822236080208e-01 9.093127398141459539e-01 1.039371317186829735e+00 1.120924801111138569e+00 4.373393511105406195e-01 4.259586484369791148e-01 8.034502216077913372e-01 5.799034392766084789e-01 3.088790661554440264e-01 2.122060749710605043e-01 4.046576487985641402e-01 1.051956794769809855e+00 8.922848781900376558e-01 7.489075257830611898e-01 9.512059869317766037e-01 7.038508418753288698e-01 0.000000000000000000e+00 8.200856612516040922e-01 8.646304481427633526e-01 9.608087864984872217e-01 1.201908281600135631e+00 4.792039358852606679e-01 9.732786249707298110e-01 5.571308091584369349e-01 8.304045640091182179e-01 7.859133678709229187e-01 4.309493113075368864e-01 5.251789812966392024e-01 7.123664204630489327e-02 1.111206746631347553e+00 3.571152214364027300e-01 8.717700364092703103e-01 8.948186232278197982e-01 8.390515753205018967e-01 8.488029212708528837e-01 7.192975981027834864e-01 4.109729771304301282e-01 7.719819606112130472e-01 5.736154185205186717e-01 9.047462047742709235e-01 7.912670409540191185e-01 8.183422888291159714e-01 4.662865585752929976e-01 5.346386110573148054e-01 6.890892750834970437e-01 3.976709635599356973e-01
5.910143713591146097e-01 5.105717593294401002e-01 4.756970125413099715e-01 6.373624394632460000e-01 4.472433818040402742e-01 5.021478941526207329e-01 2.585017131179310756e-01 3.329735939490784391e-01 3.827464023480141031e-01 7.191193189263435093e-01 8.218877000936611332e-02 2.467137368004256592e-01 5.334949891332079197e-01 6.097084838784974092e-01 5.753327266773093918e-01 2.828590670452735267e-01 2.569745909005298756e-01 3.551693699207806865e-01 1.911608565712638319e-01 7.390524476708020263e-01 8.200856612516040922e-01 0.000000000000000000e+00 4.917252098873978738e-01 4.414214854572954816e-01 4.189147791290165901e-01 5.533657492923910182e-01 2.636738597275826157e-01 7.102370289669260872e-01 2.683873889269510760e-01 8.985913208080253956e-02 3.969267427420490324e-01 4.822636791668469813e-01 7.845107674676294884e-01 4.325239226237400092e-01 4.725219262946413479e-01 5.923646888657373155e-02 4.115155576679986882e-01 3.731924206723561538e-02 7.505682860252422817e-01 1.478164360996555016e-01 6.000530356128557230e-01 6.089784339640177402e-01 2.508153442135364619e-01 2.434894652620311073e-01 4.607971531365394058e-01 7.717799817412419605e-01 5.512630551782201627e-01 4.751140495195063651e-01 2.822088618654361447e-01 6.594409432906492841e-01
7.884192923965762656e-01 9.645361521517878955e-01 9.354995598952254854e-01 8.823828243777125380e-01 9.330774188903204758e-01 4.550664983425300320e-02 4.505700800253083504e-01 5.012110263624639517e-01 5.573609188594231822e-01 5.242745111672693081e-01 4.096358997349894837e-01 4.558948245411497679e-01 5.749025776925578146e-01 7.160460293130439524e-01 8.492082811053036639e-01 4.356857524298315409e-01 2.646278707542411013e-01 8.064887233110666909e-01 3.986178480541066604e-01 3.573344916997894249e-01 8.646304481427633526e-01 4.917252098873978738e-01 0.000000000000000000e+00 1.417191099825529099e-01 5.396700881618727852e-01 8.693427396481601122e-01 3.367929719211424366e-01 4.267323841575094145e-01 7.504839617001397567e-01 5.658989397255961284e-01 5.147789871355508140e-01 8.230964332758515800e-01 8.001053122979403520e-01 3.495157809281801975e-01 6.554522519290990612e-01 4.764441941573795414e-01 8.951290684769735995e-01 4.643697296113687978e-01 2.922309448747552607e-01 3.801383241803356627e-01 8.784042682112327416e-01 1.824866241222055374e-01 4.657617574098647517e-01 7.352053859006427716e-01 7.393699411986887071e-02 3.299710977170220993e-01 8.601386879790630102e-01 8.211464515894327798e-01 7.102509700054906450e-01 5.048271421667285264e-01
8.468213342694594914e-01 9.436625631091339894e-01 9.110723576811899926e-01 9.319216997811232694e-01 8.882524048911371040e-01 1.104108979029937015e-01 3.350721615022832500e-01 3.737067326203479811e-01 6.062529120041953989e-01 6.521518729471827980e-01 3.646493931425248691e-01 4.800800481806813402e-01 6.585704355832907586e-01 7.931688087185996272e-01 8.897341709688069145e-01 3.151117686491465841e-01 1.855497898403087320e-01 7.850127163957233423e-01 3.030246045985823256e-01 4.990213149108841950e-01 9.608087864984872217e-01 4.414214854572954816e-01 1.417191099825529099e-01 0.000000000000000000e+00 4.033095001338953822e-01 8.984014186400621771e-01 2.270910966555519939e-01 5.634044003059324179e-01 7.096151709448901279e-01 5.263595166303510764e-01 5.738396368203503295e-01 8.430282185814961249e-01 9.002215522678225224e-01 2.079763431518411865e-01 7.104051836412018650e-01 4.106333158526551674e-01 8.529096622640288672e-01 4.079070744478041077e-01 4.237938350685315214e-01 3.675945698721034827e-01 9.186655047711244082e-01 3.240566305373184797e-01 4.903153249710834882e-01 6.780506967884361025e-01 1.919009885675830029e-01 4.655091320265171140e-01 8.910089194155428327e-01 8.393853368991640584e-01 6.963269011364014993e-01 6.251815320020188693e-01
1.001757224958589543e+00 8.722645728981304192e-01 8.335823738391845428e-01 1.054986515941621850e+00 7.527723477181461620e-01 5.135870374215156797e-01 1.649989365460347024e-01 8.595467666441561350e-02 7.749100215379493006e-01 9.922954924490831052e-01 4.051443422468705702e-01 6.267267839347154812e-01 8.965599911371566755e-01 1.000186550149531284e+00 9.939952347206350014e-01 1.499544204541972403e-01 3.319021772188044950e-01 7.361323349689531392e-01 2.512960425182764745e-01 8.921663469297688165e-01 1.201908281600135631e+00 4.189147791290165901e-01 5.396700881618727852e-01 4.033095001338953822e-01 0.000000000000000000e+00 9.715030197223101238e-01 2.398302059105395234e-01 9.311034117240666319e-01 6.185538991134261755e-01 4.952379028683868700e-01 7.715534381831214983e-01 8.992365735385433601e-01 1.155360445075093168e+00 2.087537143806091344e-01 8.748363220185285671e-01 3.596809121866943459e-01 7.306496280341635563e-01 3.873398889132542711e-01 8.270977548800918511e-01 4.835795594935501374e-01 1.018922492623197229e+00 7.200385628418196626e-01 6.344242189207807137e-01 5.432404296458775983e-01 5.679917896615911399e-01 8.682565659019745308e-01 9.698133819287581003e-01 8.916096897301645230e-01 6.870643348632082814e-01 9.486644206024992254e-01
1.966698515273045123e-01 3.312644695917451032e-01 3.432673163932092875e-01 1.366916814353345555e-01 4.692724779191257412e-01 9.030063156183036899e-01 8.117488580797345143e-01 8.857281435145275550e-01 3.208779853225887102e-01 7.035705901371348547e-01 5.864160549928162380e-01 4.189500918850098121e-01 4.107730139863108310e-01 3.262931208944029327e-01 7.457497799156276308e-02 8.352389164295263013e-01 7.505940454481412338e-01 3.119554724010231150e-01 7.382905355494822075e-01 9.056124513879623139e-01 4.792039358852606679e-01 5.533657492923910182e-01 8.693427396481601122e-01 8.984014186400621771e-01 9.715030197223101238e-01 0.000000000000000000e+00 7.969016213737089016e-01 7.903189553472284024e-01 4.257060056552257055e-01 4.779727793510750722e-01 3.745153131851723383e-01 7.580384366973101640e-02 4.948349788842277830e-01 9.651993923434019074e-01 2.505593669120410594e-01 6.124632580865457809e-01 4.426783387130229230e-01 5.870825722775161459e-01 1.004199934834813845e+00 5.409293290624204165e-01 7.411522028082005720e-02 8.764025981334274684e-01 4.087237770941175574e-01 5.150677565131467350e-01 8.030924142541573385e-01 9.967325087263009253e-01 1.419939579674030575e-02 8.539430595434276128e-02 3.003603905381858064e-01 6.402362673565645812e-01
7.952639069211568934e-01 7.722430619450282308e-01 7.363959571925990932e-01 8.611801927988126382e-01 6.920563095542315857e-01 3.242787098011262192e-01 1.140071430442894107e-01 1.760338394162613007e-01 5.584638969604170944e-01 7.531557458503154168e-01 2.109355199907348433e-01 4.110742308480830332e-01 6.653128346009778982e-01 7.777149580863998990e-01 8.065045093442374524e-01 1.032909200107314934e-01 9.275843257167452893e-02 6.184305584331442063e-01 8.295574165469174477e-02 6.714019200843638346e-01 9.732786249707298110e-01 2.636738597275826157e-01 3.367929719211424366e-01 2.270910966555519939e-01 2.398302059105395234e-01 7.969016213737089016e-01 0.000000000000000000e+00 6.970210346084763087e-01 5.230258336214439474e-01 3.534386736020076469e-01 5.469052284940797426e-01 7.305731371781923889e-01 9.234200695985094187e-01 1.701776763344035603e-01 6.624625068248052306e-01 2.153549257754799329e-01 6.601682736114273808e-01 2.263626481914845223e-01 6.285734179659139276e-01 2.673693992538213604e-01 8.336055559142586668e-01 5.058679397493983654e-01 4.199990384968063095e-01 4.752979564326629269e-01 3.469326316160630252e-01 6.639189044732406453e-01 7.926354490922160601e-01 7.246136211192358845e-01 5.443891165391387954e-01 7.088615080168302329e-01
6.284737096883432628e-01 1.019999857484450212e+00 1.004616955966425529e+00 7.354231435931585237e-01 1.058930762991270536e+00 4.693059114220685668e-01 8.031339647549199379e-01 8.730030260244660001e-01 4.966573678799269809e-01 1.332411822797679446e-01 6.433550790838326039e-01 5.142732478312822542e-01 3.820865258066350467e-01 5.051260005900497507e-01 7.372021941602520112e-01 7.994013352825088958e-01 6.049183372170944262e-01 8.860818222286714896e-01 7.247721723571542984e-01 1.471344407641000107e-01 5.571308091584369349e-01 7.102370289669260872e-01 4.267323841575094145e-01 5.634044003059324179e-01 9.311034117240666319e-01 7.903189553472284024e-01 6.970210346084763087e-01 0.000000000000000000e+00 8.909616808798056509e-01 7.409991902383026297e-01 4.394421285526823873e-01 7.803420714431236194e-01 4.858981136905738407e-01 7.646834398926355414e-01 5.401158802173834372e-01 7.305459469198921640e-01 1.018412626431655088e+00 7.030999447094230526e-01 2.977842729351726225e-01 5.624597020860179208e-01 7.623267087221827776e-01 2.649140437469777454e-01 5.182905838853972824e-01 9.193630708122978445e-01 3.729162499690276689e-01 2.625163910775359377e-01 7.769851468064007394e-01 7.838904535315655009e-01 7.873269539768070757e-01 1.663869222183385066e-01
5.494351107429795711e-01 2.551445497432025533e-01 2.172177851044413133e-01 5.489775263997052068e-01 1.828039041251822983e-01 7.653220242158601527e-01 4.843955068312421619e-01 5.393134452401767698e-01 4.390372312884243122e-01 8.641069323608654429e-01 3.460956598285047647e-01 3.766896899989745640e-01 6.088590434818265118e-01 6.246222816079750606e-01 4.785024562805898496e-01 5.136760040264273242e-01 5.253528275780684487e-01 1.256243946289229418e-01 4.428480488560574413e-01 9.510482631356181882e-01 8.304045640091182179e-01 2.683873889269510760e-01 7.504839617001397567e-01 7.096151709448901279e-01 6.185538991134261755e-01 4.257060056552257055e-01 5.230258336214439474e-01 8.909616808798056509e-01 0.000000000000000000e+00 1.850989273878388131e-01 4.830939236638183143e-01 3.511053734701300444e-01 8.167951828505881640e-01 6.855302096450902605e-01 4.804163952733369602e-01 3.079980334047474622e-01 1.447098424060280497e-01 3.032571447141820808e-01 9.885925151427594759e-01 3.747540978404694800e-01 4.935253323250323176e-01 8.453117695893569428e-01 3.728460003359082564e-01 9.102886930039967572e-02 7.101817652987261198e-01 1.002689234513949756e+00 4.305169271771067674e-01 3.409743877056809480e-01 1.414331085798232468e-01 7.977529235939513352e-01
5.373776258890847757e-01 4.212436935728189336e-01 3.868342914897299201e-01 5.723106079247088918e-01 3.672603541866567012e-01 5.802307775963517766e-01 3.403334045663020113e-01 4.100301350255899369e-01 3.537735733173405506e-01 7.339335863227334222e-01 1.617998794980214095e-01 2.409457998746037666e-01 5.171071810424262560e-01 5.737207246078203093e-01 5.070898464812296780e-01 3.665478309641242438e-01 3.437621290028194943e-01 2.653362560050290808e-01 2.793666438314534872e-01 7.853581868512046205e-01 7.859133678709229187e-01 8.985913208080253956e-02 5.658989397255961284e-01 5.263595166303510764e-01 4.952379028683868700e-01 4.779727793510750722e-01 3.534386736020076469e-01 7.409991902383026297e-01 1.850989273878388131e-01 0.000000000000000000e+00 3.803474839696951992e-01 4.046247654750344536e-01 7.571575312804181834e-01 5.218837587381095489e-01 4.304592332007425304e-01 1.426899579481009372e-01 3.297670977483121990e-01 1.271095104910066886e-01 8.112115369337525861e-01 1.950755919765781721e-01 5.300617174080386462e-01 6.681771017914175381e-01 2.414017539568794890e-01 1.811062539575584163e-01 5.278730091372811906e-01 8.283816038438944762e-01 4.772434646308608697e-01 3.967424941305611741e-01 1.949891489605148909e-01 6.707227426220986333e-01
2.746212351898479898e-01 5.813045079021541550e-01 5.676325614856398971e-01 3.679903730792346561e-01 6.344495927822816350e-01 5.535211767489021106e-01 6.085242992384184424e-01 6.900797520775814320e-01 5.769343081468261691e-02 3.865656657133530461e-01 3.729923997245257472e-01 1.510306535052016452e-01 1.373254863016683258e-01 2.308818188577298203e-01 3.405110254855450158e-01 6.216791754547259519e-01 4.715504439406272286e-01 4.543890293491750221e-01 5.205215186003642192e-01 5.386013357050533079e-01 4.309493113075368864e-01 3.969267427420490324e-01 5.147789871355508140e-01 5.738396368203503295e-01 7.715534381831214983e-01 3.745153131851723383e-01 5.469052284940797426e-01 4.394421285526823873e-01 4.830939236638183143e-01 3.803474839696951992e-01 0.000000000000000000e+00 3.488992372290262711e-01 3.893361765262379204e-01 6.948345927139673028e-01 1.407395500255922138e-01 4.448496661505535466e-01 5.946982430191062319e-01 4.119116720067910742e-01 6.299355453724584386e-01 2.883934928863242098e-01 3.693458124319649039e-01 5.024124248534765913e-01 1.461641307402338219e-01 5.341327194830128855e-01 4.437396928792529671e-01 6.240899154180389319e-01 3.629676590127582925e-01 3.509269748878967587e-01 3.604299109638852139e-01 3.191840605255736874e-01
