0.000000000000000000e+00 5.618292769497096328e-01 4.404798458084394630e-01 3.264474253698337325e-01 7.103333351341379887e-01 3.393853384031597642e-01
5.618292769497096328e-01 0.000000000000000000e+00 8.722151761315175555e-01 6.962613101304720997e-01 1.153411807000546130e+00 4.035725227563108919e-01
4.404798458084394630e-01 8.722151761315175555e-01 0.000000000000000000e+00 1.774968641511061040e-01 2.845099928183875693e-01 4.821329995963243298e-01
3.264474253698337325e-01 6.962613101304720997e-01 1.774968641511061040e-01 0.000000000000000000e+00 4.573034954456569601e-01 3.048828403691872246e-01
7.103333351341379887e-01 1.153411807000546130e+00 2.845099928183875693e-01 4.573034954456569601e-01 0.000000000000000000e+00 7.565962236481132974e-01
3.393853384031597642e-01 4.035725227563108919e-01 4.821329995963243298e-01 3.048828403691872246e-01 7.565962236481132974e-01 0.000000000000000000e+00
