0.000000000000000000e+00 4.099718623999614731e-01 3.608045852602376757e-01 1.544654435740533682e-01 3.913527741712715668e-01 8.567320974812633327e-01
4.099718623999614731e-01 0.000000000000000000e+00 6.226722231723522683e-01 2.637557841551663729e-01 3.690149812454726619e-01 7.413320307321024094e-01
3.608045852602376757e-01 6.226722231723522683e-01 0.000000000000000000e+00 3.990101219347507167e-01 7.432999741821515460e-01 1.211487953530152151e+00
1.544654435740533682e-01 2.637557841551663729e-01 3.990101219347507167e-01 0.000000000000000000e+00 3.675851755971847323e-01 8.298005618318623489e-01
3.913527741712715668e-01 3.690149812454726619e-01 7.432999741821515460e-01 3.675851755971847323e-01 0.000000000000000000e+00 4.682246590571964018e-01
8.567320974812633327e-01 7.413320307321024094e-01 1.211487953530152151e+00 8.298005618318623489e-01 4.682246590571964018e-01 0.000000000000000000e+00
