0.000000000000000000e+00 5.202964474917947113e-01 6.046616963753531637e-01 7.102758753933388070e-01 3.519647682986298265e-01 4.937123675425793001e-01
5.202964474917947113e-01 0.000000000000000000e+00 5.054030661060842089e-01 4.780347032094660054e-01 4.437265186157242636e-01 3.235180714047873884e-01
6.046616963753531637e-01 5.054030661060842089e-01 0.000000000000000000e+00 1.593574211154714371e-01 7.972526914158034606e-01 7.795470742827507182e-01
7.102758753933388070e-01 4.780347032094660054e-01 1.593574211154714371e-01 0.000000000000000000e+00 8.438060188070981571e-01 7.868490364792145586e-01
3.519647682986298265e-01 4.437265186157242636e-01 7.972526914158034606e-01 8.438060188070981571e-01 0.000000000000000000e+00 2.038333903645935807e-01
4.937123675425793001e-01 3.235180714047873884e-01 7.795470742827507182e-01 7.868490364792145586e-01 2.038333903645935807e-01 0.000000000000000000e+00
