0.000000000000000000e+00 8.341907807102066919e-01 2.617177652291493017e-01 7.696472110371899156e-01 6.338118203111632321e-01 4.275104479357804133e-01
8.341907807102066919e-01 0.000000000000000000e+00 7.181351397048882923e-01 1.067160915689326639e-01 3.515310561393131250e-01 7.723135011543204032e-01
2.617177652291493017e-01 7.181351397048882923e-01 0.000000000000000000e+00 6.305994413070210580e-01 6.343201199210846131e-01 1.786295761020105510e-01
7.696472110371899156e-01 1.067160915689326639e-01 6.305994413070210580e-01 0.000000000000000000e+00 3.751015858236629308e-01 6.724845639956384957e-01
6.338118203111632321e-01 3.515310561393131250e-01 6.343201199210846131e-01 3.751015858236629308e-01 0.000000000000000000e+00 7.620797771158529521e-01
4.275104479357804133e-01 7.723135011543204032e-01 1.786295761020105510e-01 6.724845639956384957e-01 7.620797771158529521e-01 0.000000000000000000e+00
