0.000000000000000000e+00 9.511622939565974599e-01 6.795015262396401079e-01 4.586424667310396996e-01 6.480175174147843886e-02 6.990395700870227769e-01
9.511622939565974599e-01 0.000000000000000000e+00 7.252262265563923505e-01 6.199218894170817062e-01 1.013411731321426146e+00 6.855857494919497253e-01
6.795015262396401079e-01 7.252262265563923505e-01 0.000000000000000000e+00 7.689996343373868282e-01 7.082270823725548281e-01 4.551207360667729879e-02
4.586424667310396996e-01 6.199218894170817062e-01 7.689996343373868282e-01 0.000000000000000000e+00 5.211152506436976806e-01 7.604058218164789773e-01
6.480175174147843886e-02 1.013411731321426146e+00 7.082270823725548281e-01 5.211152506436976806e-01 0.000000000000000000e+00 7.310390476608722432e-01
6.990395700870227769e-01 6.855857494919497253e-01 4.551207360667729879e-02 7.604058218164789773e-01 7.310390476608722432e-01 0.000000000000000000e+00
