0.000000000000000000e+00 9.784713896282912771e-01 5.716076320169264369e-01 5.103249007688875905e-01 7.637626469158187437e-01 8.717667257760322030e-01
9.784713896282912771e-01 0.000000000000000000e+00 4.262165657882923675e-01 6.422918685485905499e-01 3.838480779243935159e-01 3.993451184457111336e-01
5.716076320169264369e-01 4.262165657882923675e-01 0.000000000000000000e+00 2.552140739661896696e-01 4.015421223673810713e-01 3.478757611343888390e-01
5.103249007688875905e-01 6.422918685485905499e-01 2.552140739661896696e-01 0.000000000000000000e+00 6.515689673380159475e-01 3.882803482966594166e-01
7.637626469158187437e-01 3.838480779243935159e-01 4.015421223673810713e-01 6.515689673380159475e-01 0.000000000000000000e+00 6.371476586150217614e-01
8.717667257760322030e-01 3.993451184457111336e-01 3.478757611343888390e-01 3.882803482966594166e-01 6.371476586150217614e-01 0.000000000000000000e+00
