0.000000000000000000e+00 3.757773506104798988e-01 8.153648689297932073e-01 7.807822560068169437e-01 7.113388025920756030e-01 5.779076443245655392e-01 5.787819602696487875e-01 7.087045185069900111e-01
3.757773506104798988e-01 0.000000000000000000e+00 6.068568636019456841e-01 7.203645280374563198e-01 5.502321276747991208e-01 4.234160267873713912e-01 4.111663667130557309e-01 4.503668362288011928e-01
8.153648689297932073e-01 6.068568636019456841e-01 0.000000000000000000e+00 3.106847863123987641e-01 1.269505006858901164e-01 2.395637150502532842e-01 2.367205021560245815e-01 1.724869596927656179e-01
7.807822560068169437e-01 7.203645280374563198e-01 3.106847863123987641e-01 0.000000000000000000e+00 2.289799612314476762e-01 3.062638524409022622e-01 3.232643129095509882e-01 4.230343504926420417e-01
7.113388025920756030e-01 5.502321276747991208e-01 1.269505006858901164e-01 2.289799612314476762e-01 0.000000000000000000e+00 1.371382785481708722e-01 1.430501729883321138e-01 1.940571574629122165e-01
5.779076443245655392e-01 4.234160267873713912e-01 2.395637150502532842e-01 3.062638524409022622e-01 1.371382785481708722e-01 0.000000000000000000e+00 1.993388814059923742e-02 1.941853547024426085e-01
5.787819602696487875e-01 4.111663667130557309e-01 2.367205021560245815e-01 3.232643129095509882e-01 1.430501729883321138e-01 1.993388814059923742e-02 0.000000000000000000e+00 1.780191956587603985e-01
7.087045185069900111e-01 4.503668362288011928e-01 1.724869596927656179e-01 4.230343504926420417e-01 1.940571574629122165e-01 1.941853547024426085e-01 1.780191956587603985e-01 0.000000000000000000e+00
