0.000000000000000000e+00 1.898666263474050597e-01 2.990131861305249661e-01 3.669352923766358021e-01 3.640694886884929260e-01 5.929980810894271981e-01 3.504185678961378447e-01 5.160249193392912881e-01
1.898666263474050597e-01 0.000000000000000000e+00 1.568514741961194170e-01 2.871764875118891780e-01 2.112595952754008077e-01 4.880861604581693824e-01 2.404418565608538727e-01 6.940352223105917817e-01
2.990131861305249661e-01 1.568514741961194170e-01 0.000000000000000000e+00 1.503895363856024570e-01 3.046649044809098261e-01 5.948237611725103458e-01 9.069416414041946151e-02 8.146656165586569909e-01
3.669352923766358021e-01 2.871764875118891780e-01 1.503895363856024570e-01 0.000000000000000000e+00 4.550300839394580965e-01 7.452110014735741084e-01 6.534914987275901310e-02 8.593295015860791253e-01
3.640694886884929260e-01 2.112595952754008077e-01 3.046649044809098261e-01 4.550300839394580965e-01 0.000000000000000000e+00 2.902369084581695180e-01 3.938762217627107542e-01 8.001317964658197779e-01
5.929980810894271981e-01 4.880861604581693824e-01 5.948237611725103458e-01 7.452110014735741084e-01 2.902369084581695180e-01 0.000000000000000000e+00 6.835843187234723617e-01 8.974280577244903023e-01
3.504185678961378447e-01 2.404418565608538727e-01 9.069416414041946151e-02 6.534914987275901310e-02 3.938762217627107542e-01 6.835843187234723617e-01 0.000000000000000000e+00 8.574371745827055191e-01
5.160249193392912881e-01 6.940352223105917817e-01 8.146656165586569909e-01 8.593295015860791253e-01 8.001317964658197779e-01 8.974280577244903023e-01 8.574371745827055191e-01 0.000000000000000000e+00
