0.000000000000000000e+00 2.246355624968718878e-01 5.723360717119343466e-01 2.517504718231125538e-01 6.134225754679062392e-01 7.723428254348443378e-01 2.664360609747083997e-01 8.444969597132154782e-01
2.246355624968718878e-01 0.000000000000000000e+00 3.501098645484639893e-01 1.107357272531394737e-01 5.474175635404607831e-01 5.486039068365687887e-01 8.833313802633172007e-02 7.068345658452651614e-01
5.723360717119343466e-01 3.501098645484639893e-01 0.000000000000000000e+00 3.851064212646832519e-01 5.577219390962987466e-01 2.363545437800094184e-01 3.161678363762906452e-01 5.414789256064171941e-01
2.517504718231125538e-01 1.107357272531394737e-01 3.851064212646832519e-01 0.000000000000000000e+00 6.574935639451719993e-01 5.466017050811393663e-01 1.962432574076962699e-01 8.031979144514813651e-01
6.134225754679062392e-01 5.474175635404607831e-01 5.577219390962987466e-01 6.574935639451719993e-01 0.000000000000000000e+00 7.748202096638768799e-01 4.616120969291431786e-01 3.110784271179373173e-01
7.723428254348443378e-01 5.486039068365687887e-01 2.363545437800094184e-01 5.466017050811393663e-01 7.748202096638768799e-01 0.000000000000000000e+00 5.362741724366910656e-01 6.891796402282357459e-01
2.664360609747083997e-01 8.833313802633172007e-02 3.161678363762906452e-01 1.962432574076962699e-01 4.616120969291431786e-01 5.362741724366910656e-01 0.000000000000000000e+00 6.207781841691272229e-01
8.444969597132154782e-01 7.068345658452651614e-01 5.414789256064171941e-01 8.031979144514813651e-01 3.110784271179373173e-01 6.891796402282357459e-01 6.207781841691272229e-01 0.000000000000000000e+00
