0.000000000000000000e+00 5.541984934133299401e-01 7.910875742945761013e-02 9.464292265055361808e-01 3.147528568657591008e-01 4.462600625319453340e-01 2.383139446475939782e-01 3.795602865127437608e-01
5.541984934133299401e-01 0.000000000000000000e+00 6.245406880580935960e-01 1.075330966097605145e+00 8.229469638811710563e-01 8.684030030625428109e-01 4.010869409545613773e-01 8.755909556301255670e-01
7.910875742945761013e-02 6.245406880580935960e-01 0.000000000000000000e+00 9.901613782872646929e-01 2.944940738803971669e-01 4.518216418224019759e-01 3.163854676766326701e-01 3.608977337531893981e-01
9.464292265055361808e-01 1.075330966097605145e+00 9.901613782872646929e-01 0.000000000000000000e+00 8.003585735751225227e-01 6.191500745956886043e-01 8.055557739622308810e-01 7.673382195479138135e-01
3.147528568657591008e-01 8.229469638811710563e-01 2.944940738803971669e-01 8.003585735751225227e-01 0.000000000000000000e+00 1.891830831455409700e-01 4.301712725556738337e-01 6.640637692494996691e-02
4.462600625319453340e-01 8.684030030625428109e-01 4.518216418224019759e-01 6.191500745956886043e-01 1.891830831455409700e-01 0.000000000000000000e+00 4.691931413276201335e-01 1.482099543234482175e-01
2.383139446475939782e-01 4.010869409545613773e-01 3.163854676766326701e-01 8.055557739622308810e-01 4.301712725556738337e-01 4.691931413276201335e-01 0.000000000000000000e+00 4.781080748584597417e-01
3.795602865127437608e-01 8.755909556301255670e-01 3.608977337531893981e-01 7.673382195479138135e-01 6.640637692494996691e-02 1.482099543234482175e-01 4.781080748584597417e-01 0.000000000000000000e+00
