0.000000000000000000e+00 4.581202140484781915e-01 7.180409469443109483e-02 4.267346545552528347e-01 1.427858214795058311e-01 3.882367624277458518e-01 8.592361052611346972e-01 6.197913677113432440e-01 1.935748398712474616e-01
4.581202140484781915e-01 0.000000000000000000e+00 5.298628263936104865e-01 4.105067686640500590e-01 3.153360714052251823e-01 4.779944603329978059e-01 8.114934612940789549e-01 7.660038049388826487e-01 5.855778516111680432e-01
7.180409469443109483e-02 5.298628263936104865e-01 0.000000000000000000e+00 4.737991042137462694e-01 2.145336506933270548e-01 4.229360769530369213e-01 8.910105885914150203e-01 6.280071755158046498e-01 1.631647050713013469e-01
4.267346545552528347e-01 4.105067686640500590e-01 4.737991042137462694e-01 0.000000000000000000e+00 3.650279567097399203e-01 1.002171041710256255e-01 4.545748028931583251e-01 3.582595966073371940e-01 6.202061908568708981e-01
1.427858214795058311e-01 3.153360714052251823e-01 2.145336506933270548e-01 3.650279567097399203e-01 0.000000000000000000e+00 3.610404411760204102e-01 8.181192482836618929e-01 6.348073563198536329e-01 2.957263856966789173e-01
3.882367624277458518e-01 4.779944603329978059e-01 4.229360769530369213e-01 1.002171041710256255e-01 3.610404411760204102e-01 0.000000000000000000e+00 4.710044305924208641e-01 2.929136365105240447e-01 5.795208069180364241e-01
8.592361052611346972e-01 8.114934612940789549e-01 8.910105885914150203e-01 4.545748028931583251e-01 8.181192482836618929e-01 4.710044305924208641e-01 0.000000000000000000e+00 3.565267532825434071e-01 1.049897367213276977e+00
6.197913677113432440e-01 7.660038049388826487e-01 6.280071755158046498e-01 3.582595966073371940e-01 6.348073563198536329e-01 2.929136365105240447e-01 3.565267532825434071e-01 0.000000000000000000e+00 7.908200235999411909e-01
1.935748398712474616e-01 5.855778516111680432e-01 1.631647050713013469e-01 6.202061908568708981e-01 2.957263856966789173e-01 5.795208069180364241e-01 1.049897367213276977e+00 7.908200235999411909e-01 0.000000000000000000e+00
