0.000000000000000000e+00 7.271570031276775037e-01 6.636113943506226631e-01 6.370783304925909940e-01 1.026910688229644819e+00 4.986616979566279584e-01 4.239867393137340401e-01 3.933253563909732131e-01 9.398346378304175408e-01
7.271570031276775037e-01 0.000000000000000000e+00 5.313078551541581263e-01 4.894282814457048270e-01 8.646994423972964583e-01 3.527626253689418734e-01 5.791638468178424981e-01 3.377139077890293772e-01 4.280292886174004163e-01
6.636113943506226631e-01 5.313078551541581263e-01 0.000000000000000000e+00 4.530962296059457689e-02 3.983012006030398067e-01 2.503202743571498190e-01 2.511722050638733328e-01 5.101261847173235164e-01 3.766668691603863306e-01
6.370783304925909940e-01 4.894282814457048270e-01 4.530962296059457689e-02 0.000000000000000000e+00 4.406223526611970365e-01 2.063218406069681488e-01 2.366863315926678590e-01 4.668082863712451069e-01 3.671414120081171739e-01
1.026910688229644819e+00 8.646994423972964583e-01 3.983012006030398067e-01 4.406223526611970365e-01 0.000000000000000000e+00 6.464914915683022123e-01 6.040573278296470505e-01 9.072927762147839914e-01 5.161280604329951949e-01
4.986616979566279584e-01 3.527626253689418734e-01 2.503202743571498190e-01 2.063218406069681488e-01 6.464914915683022123e-01 0.000000000000000000e+00 2.271274762311644435e-01 2.608671325076677983e-01 4.411780030488761106e-01
4.239867393137340401e-01 5.791638468178424981e-01 2.511722050638733328e-01 2.366863315926678590e-01 6.040573278296470505e-01 2.271274762311644435e-01 0.000000000000000000e+00 3.986293909892688614e-01 5.930454911984224253e-01
3.933253563909732131e-01 3.377139077890293772e-01 5.101261847173235164e-01 4.668082863712451069e-01 9.072927762147839914e-01 2.608671325076677983e-01 3.986293909892688614e-01 0.000000000000000000e+00 6.381266209047031790e-01
9.398346378304175408e-01 4.280292886174004163e-01 3.766668691603863306e-01 3.671414120081171739e-01 5.161280604329951949e-01 4.411780030488761106e-01 5.930454911984224253e-01 6.381266209047031790e-01 0.000000000000000000e+00
