0.000000000000000000e+00 1.989333340409101814e-01 7.150191883379457547e-01 4.231763682888378120e-01 8.029560473946917298e-01 7.442659028954888845e-01 6.482135814015506092e-01 4.055631434003728608e-01 1.879542299939363226e-01
1.989333340409101814e-01 0.000000000000000000e+00 5.167085317277224643e-01 4.271182404676845401e-01 6.054531151188325966e-01 5.453876797727765791e-01 4.942987142062296724e-01 2.482728272661831048e-01 1.635218941738038889e-01
7.150191883379457547e-01 5.167085317277224643e-01 0.000000000000000000e+00 7.216062376996349448e-01 9.226629430534656617e-02 4.512043830203796291e-02 3.530476954053583527e-01 3.829950098546069381e-01 6.000386255388019396e-01
4.231763682888378120e-01 4.271182404676845401e-01 7.216062376996349448e-01 0.000000000000000000e+00 7.806583179249049209e-01 7.649337703746679207e-01 4.539824018258426519e-01 3.475510344099195792e-01 2.711492029079045074e-01
8.029560473946917298e-01 6.054531151188325966e-01 9.226629430534656617e-02 7.806583179249049209e-01 0.000000000000000000e+00 8.749633090977348981e-02 3.750036942063673662e-01 4.535125902718108448e-01 6.802383435654425492e-01
7.442659028954888845e-01 5.453876797727765791e-01 4.512043830203796291e-02 7.649337703746679207e-01 8.749633090977348981e-02 0.000000000000000000e+00 3.970202204834286652e-01 4.242434757027295222e-01 6.362356050323518808e-01
6.482135814015506092e-01 4.942987142062296724e-01 3.530476954053583527e-01 4.539824018258426519e-01 3.750036942063673662e-01 3.970202204834286652e-01 0.000000000000000000e+00 2.472585679275828563e-01 4.711014038831919382e-01
4.055631434003728608e-01 2.482728272661831048e-01 3.829950098546069381e-01 3.475510344099195792e-01 4.535125902718108448e-01 4.242434757027295222e-01 2.472585679275828563e-01 0.000000000000000000e+00 2.414944002429400549e-01
1.879542299939363226e-01 1.635218941738038889e-01 6.000386255388019396e-01 2.711492029079045074e-01 6.802383435654425492e-01 6.362356050323518808e-01 4.711014038831919382e-01 2.414944002429400549e-01 0.000000000000000000e+00
