0.000000000000000000e+00 2.909268048564974188e-02 1.159272251223517625e+00 9.012409513886007195e-01 5.799028896678405376e-01 1.014348198434375847e+00 5.792767198739358081e-01 1.753437874198995605e-01 1.069570876177353469e+00
2.909268048564974188e-02 0.000000000000000000e+00 1.160112145451094978e+00 9.095201723854927645e-01 5.953321185044894159e-01 1.007592308524265956e+00 5.931673035900315583e-01 1.549261511274347136e-01 1.072704144438604956e+00
1.159272251223517625e+00 1.160112145451094978e+00 0.000000000000000000e+00 3.675606785508248597e-01 7.172354389118336115e-01 3.207681239305323895e-01 6.897119211274786998e-01 1.052592001647188136e+00 1.248945017144553749e-01
9.012409513886007195e-01 9.095201723854927645e-01 3.675606785508248597e-01 0.000000000000000000e+00 3.737348540342640413e-01 5.057622745440726320e-01 3.536056849285152959e-01 8.384630327883585421e-01 2.429956715444404891e-01
5.799028896678405376e-01 5.953321185044894159e-01 7.172354389118336115e-01 3.737348540342640413e-01 0.000000000000000000e+00 7.307495665111678473e-01 3.596688781574314264e-02 5.725602821504663931e-01 5.998150958822370260e-01
1.014348198434375847e+00 1.007592308524265956e+00 3.207681239305323895e-01 5.057622745440726320e-01 7.307495665111678473e-01 0.000000000000000000e+00 6.958366253330673379e-01 8.741736755841699180e-01 3.595059153504294724e-01
5.792767198739358081e-01 5.931673035900315583e-01 6.897119211274786998e-01 3.536056849285152959e-01 3.596688781574314264e-02 6.958366253330673379e-01 0.000000000000000000e+00 5.611195598904540338e-01 5.739703126771948938e-01
1.753437874198995605e-01 1.549261511274347136e-01 1.052592001647188136e+00 8.384630327883585421e-01 5.725602821504663931e-01 8.741736755841699180e-01 5.611195598904540338e-01 0.000000000000000000e+00 9.754397431416222952e-01
1.069570876177353469e+00 1.072704144438604956e+00 1.248945017144553749e-01 2.429956715444404891e-01 5.998150958822370260e-01 3.595059153504294724e-01 5.739703126771948938e-01 9.754397431416222952e-01 0.000000000000000000e+00
